datetime,substation,feeder,consumption
2017-01-01T00:00:00,N,N4,96.3779911015606
2017-01-01T01:00:00,N,N4,79.99999999999997
2017-01-01T02:00:00,N,N4,72.0
2017-01-01T03:00:00,N,N4,87.06030073275389
2017-01-01T04:00:00,N,N4,81.00292415515752
2017-01-01T05:00:00,N,N4,79.10356394721082
2017-01-01T06:00:00,N,N4,75.5
2017-01-01T07:00:00,N,N4,82.66666666666664
2017-01-01T08:00:00,N,N4,93.52000439250568
2017-01-01T09:00:00,N,N4,93.88874043484608
2017-01-01T10:00:00,N,N4,97.41448658186955
2017-01-01T11:00:00,N,N4,103.6337589377917
2017-01-01T12:00:00,N,N4,95.03564158620364
2017-01-01T13:00:00,N,N4,93.1869538333442
2017-01-01T14:00:00,N,N4,97.7658291253847
2017-01-01T15:00:00,N,N4,97.47957726622349
2017-01-01T16:00:00,N,N4,90.59572132512407
2017-01-01T17:00:00,N,N4,81.75839997219416
2017-01-01T18:00:00,N,N4,71.0
2017-01-01T19:00:00,N,N4,77.10053646355327
2017-01-01T20:00:00,N,N4,105.2678610200396
2017-01-01T21:00:00,N,N4,100.4047385724032
2017-01-01T22:00:00,N,N4,88.99999999999999
2017-01-01T23:00:00,N,N4,79.0
2017-01-02T00:00:00,N,N4,68.00000000000001
2017-01-02T01:00:00,N,N4,68.00000000000001
2017-01-02T02:00:00,N,N4,68.00000000000001
2017-01-02T03:00:00,N,N4,68.00000000000001
2017-01-02T04:00:00,N,N4,68.00000000000001
2017-01-02T05:00:00,N,N4,68.00000000000001
2017-01-02T06:00:00,N,N4,62.99999999999999
2017-01-02T07:00:00,N,N4,72.99999999999999
2017-01-02T08:00:00,N,N4,88.00000000000003
2017-01-02T09:00:00,N,N4,90.0
2017-01-02T10:00:00,N,N4,94.0
2017-01-02T11:00:00,N,N4,104.0
2017-01-02T12:00:00,N,N4,101.99999999999996
2017-01-02T13:00:00,N,N4,104.99999999999996
2017-01-02T14:00:00,N,N4,106.99999999999996
2017-01-02T15:00:00,N,N4,100.00000000000004
2017-01-02T16:00:00,N,N4,101.99999999999996
2017-01-02T17:00:00,N,N4,99.0
2017-01-02T18:00:00,N,N4,98.00000000000004
2017-01-02T19:00:00,N,N4,104.0
2017-01-02T20:00:00,N,N4,122.00000000000004
2017-01-02T21:00:00,N,N4,118.00000000000004
2017-01-02T22:00:00,N,N4,108.00000000000004
2017-01-02T23:00:00,N,N4,98.00000000000004
2017-01-03T00:00:00,N,N4,85.00000000000001
2017-01-03T01:00:00,N,N4,85.00000000000001
2017-01-03T02:00:00,N,N4,85.00000000000001
2017-01-03T03:00:00,N,N4,85.00000000000001
2017-01-03T04:00:00,N,N4,85.00000000000001
2017-01-03T05:00:00,N,N4,85.00000000000001
2017-01-03T06:00:00,N,N4,79.0
2017-01-03T07:00:00,N,N4,79.0
2017-01-03T08:00:00,N,N4,96.0
2017-01-03T09:00:00,N,N4,101.00000000000004
2017-01-03T10:00:00,N,N4,108.99999999999996
2017-01-03T11:00:00,N,N4,113.00000000000004
2017-01-03T12:00:00,N,N4,101.99999999999996
2017-01-03T13:00:00,N,N4,100.00000000000004
2017-01-03T14:00:00,N,N4,117.00000000000004
2017-01-03T15:00:00,N,N4,111.99999999999996
2017-01-03T16:00:00,N,N4,113.00000000000004
2017-01-03T17:00:00,N,N4,108.00000000000004
2017-01-03T18:00:00,N,N4,103.0
2017-01-03T19:00:00,N,N4,103.0
2017-01-03T20:00:00,N,N4,130.99999999999994
2017-01-03T21:00:00,N,N4,127.99999999999996
2017-01-03T22:00:00,N,N4,111.99999999999996
2017-01-03T23:00:00,N,N4,104.99999999999996
2017-01-04T00:00:00,N,N4,95.0
2017-01-04T01:00:00,N,N4,90.0
2017-01-04T02:00:00,N,N4,83.00000000000003
2017-01-04T03:00:00,N,N4,83.00000000000003
2017-01-04T04:00:00,N,N4,81.00000000000003
2017-01-04T05:00:00,N,N4,78.0
2017-01-04T06:00:00,N,N4,78.0
2017-01-04T07:00:00,N,N4,83.99999999999999
2017-01-04T08:00:00,N,N4,103.0
2017-01-04T09:00:00,N,N4,101.99999999999996
2017-01-04T10:00:00,N,N4,110.99999999999996
2017-01-04T11:00:00,N,N4,121.00000000000004
2017-01-04T12:00:00,N,N4,110.00000000000004
2017-01-04T13:00:00,N,N4,142.99999999999994
2017-01-04T14:00:00,N,N4,164.00000000000006
2017-01-04T15:00:00,N,N4,156.99999999999994
2017-01-04T16:00:00,N,N4,156.99999999999994
2017-01-04T17:00:00,N,N4,146.0
2017-01-04T18:00:00,N,N4,136.00000000000006
2017-01-04T19:00:00,N,N4,139.99999999999994
2017-01-04T20:00:00,N,N4,161.00000000000003
2017-01-04T21:00:00,N,N4,161.99999999999994
2017-01-04T22:00:00,N,N4,158.00000000000003
2017-01-04T23:00:00,N,N4,139.99999999999994
2017-01-05T00:00:00,N,N4,127.99999999999996
2017-01-05T01:00:00,N,N4,118.00000000000004
2017-01-05T02:00:00,N,N4,115.0
2017-01-05T03:00:00,N,N4,111.99999999999996
2017-01-05T04:00:00,N,N4,108.00000000000004
2017-01-05T05:00:00,N,N4,108.00000000000004
2017-01-05T06:00:00,N,N4,113.00000000000004
2017-01-05T07:00:00,N,N4,111.00000000000009
2017-01-05T08:00:00,N,N4,134.99999999999991
2017-01-05T09:00:00,N,N4,138.00000000000006
2017-01-05T10:00:00,N,N4,138.99999999999997
2017-01-05T11:00:00,N,N4,138.99999999999997
2017-01-05T12:00:00,N,N4,97.0
2017-01-05T13:00:00,N,N4,93.00000000000004
2017-01-05T14:00:00,N,N4,114.00000000000004
2017-01-05T15:00:00,N,N4,108.99999999999996
2017-01-05T16:00:00,N,N4,117.00000000000004
2017-01-05T17:00:00,N,N4,108.00000000000004
2017-01-05T18:00:00,N,N4,108.00000000000004
2017-01-05T19:00:00,N,N4,108.00000000000004
2017-01-05T20:00:00,N,N4,131.99999999999997
2017-01-05T21:00:00,N,N4,121.00000000000004
2017-01-05T22:00:00,N,N4,113.00000000000004
2017-01-05T23:00:00,N,N4,99.0
2017-01-06T00:00:00,N,N4,94.0
2017-01-06T01:00:00,N,N4,85.99999999999997
2017-01-06T02:00:00,N,N4,81.00000000000003
2017-01-06T03:00:00,N,N4,81.00000000000003
2017-01-06T04:00:00,N,N4,83.00000000000003
2017-01-06T05:00:00,N,N4,83.99999999999999
2017-01-06T06:00:00,N,N4,100.00000000000004
2017-01-06T07:00:00,N,N4,108.00000000000004
2017-01-06T08:00:00,N,N4,125.00000000000004
2017-01-06T09:00:00,N,N4,122.99999999999994
2017-01-06T10:00:00,N,N4,128.99999999999997
2017-01-06T11:00:00,N,N4,139.99999999999994
2017-01-06T12:00:00,N,N4,121.00000000000004
2017-01-06T13:00:00,N,N4,113.00000000000004
2017-01-06T14:00:00,N,N4,124.00000000000004
2017-01-06T15:00:00,N,N4,133.0
2017-01-06T16:00:00,N,N4,130.99999999999994
2017-01-06T17:00:00,N,N4,130.99999999999994
2017-01-06T18:00:00,N,N4,121.00000000000004
2017-01-06T19:00:00,N,N4,122.99999999999994
2017-01-06T20:00:00,N,N4,149.99999999999997
2017-01-06T21:00:00,N,N4,142.00000000000003
2017-01-06T22:00:00,N,N4,133.0
2017-01-06T23:00:00,N,N4,122.99999999999994
2017-01-07T00:00:00,N,N4,113.00000000000004
2017-01-07T01:00:00,N,N4,101.00000000000004
2017-01-07T02:00:00,N,N4,101.00000000000004
2017-01-07T03:00:00,N,N4,101.00000000000004
2017-01-07T04:00:00,N,N4,101.00000000000004
2017-01-07T05:00:00,N,N4,101.00000000000004
2017-01-07T06:00:00,N,N4,95.0
2017-01-07T07:00:00,N,N4,111.99999999999996
2017-01-07T08:00:00,N,N4,117.00000000000004
2017-01-07T09:00:00,N,N4,122.00000000000004
2017-01-07T10:00:00,N,N4,114.00000000000004
2017-01-07T11:00:00,N,N4,133.99999999999997
2017-01-07T12:00:00,N,N4,124.00000000000004
2017-01-07T13:00:00,N,N4,119.00000000000004
2017-01-07T14:00:00,N,N4,126.0
2017-01-07T15:00:00,N,N4,121.00000000000004
2017-01-07T16:00:00,N,N4,102.00000000000004
2017-01-07T17:00:00,N,N4,101.99999999999996
2017-01-07T18:00:00,N,N4,101.99999999999996
2017-01-07T19:00:00,N,N4,111.99999999999996
2017-01-07T20:00:00,N,N4,127.0
2017-01-07T21:00:00,N,N4,114.80669933692953
2017-01-07T22:00:00,N,N4,96.87190826175626
2017-01-07T23:00:00,N,N4,81.00000000000003
2017-01-08T00:00:00,N,N4,79.0
2017-01-08T01:00:00,N,N4,79.0
2017-01-08T02:00:00,N,N4,74.99999999999997
2017-01-08T03:00:00,N,N4,88.05025061062825
2017-01-08T04:00:00,N,N4,74.00000000000003
2017-01-08T05:00:00,N,N4,77.00000000000001
2017-01-08T06:00:00,N,N4,68.00000000000001
2017-01-08T07:00:00,N,N4,74.00000000000003
2017-01-08T08:00:00,N,N4,86.92888482842542
2017-01-08T09:00:00,N,N4,83.00000000000003
2017-01-08T10:00:00,N,N4,93.00000000000004
2017-01-08T11:00:00,N,N4,104.99999999999996
2017-01-08T12:00:00,N,N4,104.99999999999996
2017-01-08T13:00:00,N,N4,104.0
2017-01-08T14:00:00,N,N4,104.0
2017-01-08T15:00:00,N,N4,95.0
2017-01-08T16:00:00,N,N4,97.0
2017-01-08T17:00:00,N,N4,94.0
2017-01-08T18:00:00,N,N4,99.0
2017-01-08T19:00:00,N,N4,104.99999999999996
2017-01-08T20:00:00,N,N4,144.99999999999997
2017-01-08T21:00:00,N,N4,142.99999999999994
2017-01-08T22:00:00,N,N4,133.0
2017-01-08T23:00:00,N,N4,133.0
2017-01-09T00:00:00,N,N4,118.00000000000004
2017-01-09T01:00:00,N,N4,113.00000000000004
2017-01-09T02:00:00,N,N4,108.00000000000004
2017-01-09T03:00:00,N,N4,108.00000000000004
2017-01-09T04:00:00,N,N4,108.00000000000004
2017-01-09T05:00:00,N,N4,108.00000000000004
2017-01-09T06:00:00,N,N4,104.0
2017-01-09T07:00:00,N,N4,118.00000000000004
2017-01-09T08:00:00,N,N4,139.99999999999994
2017-01-09T09:00:00,N,N4,151.0
2017-01-09T10:00:00,N,N4,155.00000000000003
2017-01-09T11:00:00,N,N4,167.00000000000006
2017-01-09T12:00:00,N,N4,156.0
2017-01-09T13:00:00,N,N4,151.0
2017-01-09T14:00:00,N,N4,170.00000000000006
2017-01-09T15:00:00,N,N4,154.00000000000006
2017-01-09T16:00:00,N,N4,161.00000000000003
2017-01-09T17:00:00,N,N4,149.0
2017-01-09T18:00:00,N,N4,141.00000000000003
2017-01-09T19:00:00,N,N4,135.00000000000003
2017-01-09T20:00:00,N,N4,177.99999999999997
2017-01-09T21:00:00,N,N4,173.00000000000006
2017-01-09T22:00:00,N,N4,163.0
2017-01-09T23:00:00,N,N4,142.00000000000003
2017-01-10T00:00:00,N,N4,136.00000000000006
2017-01-10T01:00:00,N,N4,124.00000000000014
2017-01-10T02:00:00,N,N4,124.00000000000014
2017-01-10T03:00:00,N,N4,119.00000000000004
2017-01-10T04:00:00,N,N4,119.00000000000004
2017-01-10T05:00:00,N,N4,118.00000000000004
2017-01-10T06:00:00,N,N4,124.00000000000004
2017-01-10T07:00:00,N,N4,127.99999999999996
2017-01-10T08:00:00,N,N4,142.00000000000003
2017-01-10T09:00:00,N,N4,144.0
2017-01-10T10:00:00,N,N4,152.0
2017-01-10T11:00:00,N,N4,144.0
2017-01-10T12:00:00,N,N4,131.99999999999997
2017-01-10T13:00:00,N,N4,129.99999999999997
2017-01-10T14:00:00,N,N4,130.99999999999994
2017-01-10T15:00:00,N,N4,130.99999999999994
2017-01-10T16:00:00,N,N4,127.99999999999996
2017-01-10T17:00:00,N,N4,135.00000000000003
2017-01-10T18:00:00,N,N4,119.00000000000004
2017-01-10T19:00:00,N,N4,130.99999999999994
2017-01-10T20:00:00,N,N4,144.99999999999997
2017-01-10T21:00:00,N,N4,127.99999999999996
2017-01-10T22:00:00,N,N4,118.00000000000004
2017-01-10T23:00:00,N,N4,108.00000000000004
2017-01-11T00:00:00,N,N4,104.0
2017-01-11T01:00:00,N,N4,98.00000000000004
2017-01-11T02:00:00,N,N4,98.00000000000004
2017-01-11T03:00:00,N,N4,98.00000000000004
2017-01-11T04:00:00,N,N4,98.00000000000004
2017-01-11T05:00:00,N,N4,99.0
2017-01-11T06:00:00,N,N4,101.00000000000004
2017-01-11T07:00:00,N,N4,112.00000000000006
2017-01-11T08:00:00,N,N4,131.99999999999997
2017-01-11T09:00:00,N,N4,137.00000000000003
2017-01-11T10:00:00,N,N4,142.00000000000003
2017-01-11T11:00:00,N,N4,152.99999999999997
2017-01-11T12:00:00,N,N4,146.0
2017-01-11T13:00:00,N,N4,152.0
2017-01-11T14:00:00,N,N4,137.00000000000003
2017-01-11T15:00:00,N,N4,152.0
2017-01-11T16:00:00,N,N4,152.0
2017-01-11T17:00:00,N,N4,142.99999999999994
2017-01-11T18:00:00,N,N4,142.99999999999994
2017-01-11T19:00:00,N,N4,138.00000000000006
2017-01-11T20:00:00,N,N4,149.99999999999997
2017-01-11T21:00:00,N,N4,156.0
2017-01-11T22:00:00,N,N4,139.99999999999994
2017-01-11T23:00:00,N,N4,135.00000000000003
2017-01-12T00:00:00,N,N4,119.99999999999996
2017-01-12T01:00:00,N,N4,108.99999999999996
2017-01-12T02:00:00,N,N4,108.99999999999996
2017-01-12T03:00:00,N,N4,108.99999999999996
2017-01-12T04:00:00,N,N4,104.0
2017-01-12T05:00:00,N,N4,104.0
2017-01-12T06:00:00,N,N4,104.99999999999996
2017-01-12T07:00:00,N,N4,115.99999999999989
2017-01-12T08:00:00,N,N4,147.99999999999994
2017-01-12T09:00:00,N,N4,118.00000000000004
2017-01-12T10:00:00,N,N4,161.00000000000003
2017-01-12T11:00:00,N,N4,166.00000000000006
2017-01-12T12:00:00,N,N4,156.99999999999994
2017-01-12T13:00:00,N,N4,161.99999999999994
2017-01-12T14:00:00,N,N4,174.61703713215084
2017-01-12T15:00:00,N,N4,180.0
2017-01-12T16:00:00,N,N4,161.00000000000003
2017-01-12T17:00:00,N,N4,159.0
2017-01-12T18:00:00,N,N4,144.99999999999997
2017-01-12T19:00:00,N,N4,144.99999999999997
2017-01-12T20:00:00,N,N4,176.99999999999994
2017-01-12T21:00:00,N,N4,171.00000000000009
2017-01-12T22:00:00,N,N4,156.99999999999994
2017-01-12T23:00:00,N,N4,142.00000000000003
2017-01-13T00:00:00,N,N4,133.0
2017-01-13T01:00:00,N,N4,126.0
2017-01-13T02:00:00,N,N4,116.0
2017-01-13T03:00:00,N,N4,116.0
2017-01-13T04:00:00,N,N4,113.00000000000004
2017-01-13T05:00:00,N,N4,113.00000000000004
2017-01-13T06:00:00,N,N4,110.99999999999996
2017-01-13T07:00:00,N,N4,122.00000000000004
2017-01-13T08:00:00,N,N4,149.0
2017-01-13T09:00:00,N,N4,119.00000000000004
2017-01-13T10:00:00,N,N4,119.00000000000004
2017-01-13T11:00:00,N,N4,133.0
2017-01-13T12:00:00,N,N4,154.00000000000006
2017-01-13T13:00:00,N,N4,156.99999999999994
2017-01-13T14:00:00,N,N4,158.00000000000003
2017-01-13T15:00:00,N,N4,164.00000000000006
2017-01-13T16:00:00,N,N4,149.99999999999997
2017-01-13T17:00:00,N,N4,144.99999999999997
2017-01-13T18:00:00,N,N4,138.99999999999997
2017-01-13T19:00:00,N,N4,138.99999999999997
2017-01-13T20:00:00,N,N4,164.99999999999994
2017-01-13T21:00:00,N,N4,159.0
2017-01-13T22:00:00,N,N4,149.0
2017-01-13T23:00:00,N,N4,128.99999999999997
2017-01-14T00:00:00,N,N4,127.0
2017-01-14T01:00:00,N,N4,117.00000000000004
2017-01-14T02:00:00,N,N4,114.00000000000004
2017-01-14T03:00:00,N,N4,108.99999999999989
2017-01-14T04:00:00,N,N4,108.99999999999989
2017-01-14T05:00:00,N,N4,108.99999999999996
2017-01-14T06:00:00,N,N4,113.00000000000004
2017-01-14T07:00:00,N,N4,130.99999999999994
2017-01-14T08:00:00,N,N4,149.0
2017-01-14T09:00:00,N,N4,154.00000000000006
2017-01-14T10:00:00,N,N4,159.99999999999994
2017-01-14T11:00:00,N,N4,175.00000000000009
2017-01-14T12:00:00,N,N4,163.0
2017-01-14T13:00:00,N,N4,156.99999999999994
2017-01-14T14:00:00,N,N4,141.00000000000003
2017-01-14T15:00:00,N,N4,138.00000000000006
2017-01-14T16:00:00,N,N4,126.0
2017-01-14T17:00:00,N,N4,121.00000000000004
2017-01-14T18:00:00,N,N4,121.00000000000004
2017-01-14T19:00:00,N,N4,139.99999999999994
2017-01-14T20:00:00,N,N4,146.0
2017-01-14T21:00:00,N,N4,138.00000000000006
2017-01-14T22:00:00,N,N4,127.99999999999996
2017-01-14T23:00:00,N,N4,121.00000000000004
2017-01-15T00:00:00,N,N4,116.0
2017-01-15T01:00:00,N,N4,111.00000000000009
2017-01-15T02:00:00,N,N4,103.0
2017-01-15T03:00:00,N,N4,103.0000000000001
2017-01-15T04:00:00,N,N4,95.0
2017-01-15T05:00:00,N,N4,95.0
2017-01-15T06:00:00,N,N4,90.0
2017-01-15T07:00:00,N,N4,90.0
2017-01-15T08:00:00,N,N4,95.0
2017-01-15T09:00:00,N,N4,103.0
2017-01-15T10:00:00,N,N4,113.00000000000004
2017-01-15T11:00:00,N,N4,113.00000000000004
2017-01-15T12:00:00,N,N4,118.00000000000004
2017-01-15T13:00:00,N,N4,108.00000000000004
2017-01-15T14:00:00,N,N4,110.00000000000004
2017-01-15T15:00:00,N,N4,110.98150900859136
2017-01-15T16:00:00,N,N4,106.69322772703366
2017-01-15T17:00:00,N,N4,101.00000000000004
2017-01-15T18:00:00,N,N4,101.99999999999996
2017-01-15T19:00:00,N,N4,135.00000000000003
2017-01-15T20:00:00,N,N4,146.0
2017-01-15T21:00:00,N,N4,146.0
2017-01-15T22:00:00,N,N4,142.00000000000003
2017-01-15T23:00:00,N,N4,127.0
2017-01-16T00:00:00,N,N4,122.00000000000004
2017-01-16T01:00:00,N,N4,118.00000000000004
2017-01-16T02:00:00,N,N4,116.0
2017-01-16T03:00:00,N,N4,110.00000000000004
2017-01-16T04:00:00,N,N4,110.00000000000004
2017-01-16T05:00:00,N,N4,110.00000000000004
2017-01-16T06:00:00,N,N4,115.0
2017-01-16T07:00:00,N,N4,122.00000000000004
2017-01-16T08:00:00,N,N4,144.99999999999997
2017-01-16T09:00:00,N,N4,156.99999999999994
2017-01-16T10:00:00,N,N4,166.00000000000006
2017-01-16T11:00:00,N,N4,175.99999999999991
2017-01-16T12:00:00,N,N4,156.99999999999994
2017-01-16T13:00:00,N,N4,156.99999999999994
2017-01-16T14:00:00,N,N4,177.99999999999997
2017-01-16T15:00:00,N,N4,175.99999999999991
2017-01-16T16:00:00,N,N4,170.00000000000006
2017-01-16T17:00:00,N,N4,167.99999999999997
2017-01-16T18:00:00,N,N4,159.99999999999994
2017-01-16T19:00:00,N,N4,144.0
2017-01-16T20:00:00,N,N4,174.0
2017-01-16T21:00:00,N,N4,163.0
2017-01-16T22:00:00,N,N4,152.0
2017-01-16T23:00:00,N,N4,141.00000000000003
2017-01-17T00:00:00,N,N4,124.99999999999994
2017-01-17T01:00:00,N,N4,119.99999999999996
2017-01-17T02:00:00,N,N4,119.99999999999996
2017-01-17T03:00:00,N,N4,115.0
2017-01-17T04:00:00,N,N4,115.0
2017-01-17T05:00:00,N,N4,115.0
2017-01-17T06:00:00,N,N4,111.99999999999996
2017-01-17T07:00:00,N,N4,119.99999999999996
2017-01-17T08:00:00,N,N4,147.99999999999994
2017-01-17T09:00:00,N,N4,149.0
2017-01-17T10:00:00,N,N4,163.0
2017-01-17T11:00:00,N,N4,176.99999999999994
2017-01-17T12:00:00,N,N4,151.0
2017-01-17T13:00:00,N,N4,154.00000000000006
2017-01-17T14:00:00,N,N4,161.00000000000003
2017-01-17T15:00:00,N,N4,167.99999999999997
2017-01-17T16:00:00,N,N4,161.99999999999994
2017-01-17T17:00:00,N,N4,164.00000000000006
2017-01-17T18:00:00,N,N4,130.99999999999994
2017-01-17T19:00:00,N,N4,149.99999999999997
2017-01-17T20:00:00,N,N4,175.99999999999991
2017-01-17T21:00:00,N,N4,169.0
2017-01-17T22:00:00,N,N4,149.0
2017-01-17T23:00:00,N,N4,138.99999999999997
2017-01-18T00:00:00,N,N4,122.99999999999994
2017-01-18T01:00:00,N,N4,122.99999999999994
2017-01-18T02:00:00,N,N4,122.99999999999994
2017-01-18T03:00:00,N,N4,110.99999999999996
2017-01-18T04:00:00,N,N4,110.99999999999996
2017-01-18T05:00:00,N,N4,110.99999999999996
2017-01-18T06:00:00,N,N4,111.99999999999996
2017-01-18T07:00:00,N,N4,124.99999999999994
2017-01-18T08:00:00,N,N4,142.00000000000003
2017-01-18T09:00:00,N,N4,146.0
2017-01-18T10:00:00,N,N4,147.99999999999994
2017-01-18T11:00:00,N,N4,164.00000000000006
2017-01-18T12:00:00,N,N4,158.00000000000003
2017-01-18T13:00:00,N,N4,151.0
2017-01-18T14:00:00,N,N4,161.00000000000003
2017-01-18T15:00:00,N,N4,167.00000000000006
2017-01-18T16:00:00,N,N4,164.99999999999994
2017-01-18T17:00:00,N,N4,164.00000000000006
2017-01-18T18:00:00,N,N4,154.00000000000006
2017-01-18T19:00:00,N,N4,144.99999999999997
2017-01-18T20:00:00,N,N4,167.0000000000002
2017-01-18T21:00:00,N,N4,175.00000000000009
2017-01-18T22:00:00,N,N4,159.0
2017-01-18T23:00:00,N,N4,152.0
2017-01-19T00:00:00,N,N4,138.99999999999997
2017-01-19T01:00:00,N,N4,128.99999999999997
2017-01-19T02:00:00,N,N4,122.99999999999994
2017-01-19T03:00:00,N,N4,122.99999999999994
2017-01-19T04:00:00,N,N4,117.00000000000004
2017-01-19T05:00:00,N,N4,117.00000000000004
2017-01-19T06:00:00,N,N4,128.99999999999997
2017-01-19T07:00:00,N,N4,126.0
2017-01-19T08:00:00,N,N4,156.99999999999994
2017-01-19T09:00:00,N,N4,158.00000000000003
2017-01-19T10:00:00,N,N4,175.00000000000009
2017-01-19T11:00:00,N,N4,183.00000000000009
2017-01-19T12:00:00,N,N4,174.0
2017-01-19T13:00:00,N,N4,176.99999999999994
2017-01-19T14:00:00,N,N4,182.0
2017-01-19T15:00:00,N,N4,175.99999999999991
2017-01-19T16:00:00,N,N4,182.0
2017-01-19T17:00:00,N,N4,161.00000000000003
2017-01-19T18:00:00,N,N4,164.00000000000006
2017-01-19T19:00:00,N,N4,149.0
2017-01-19T20:00:00,N,N4,175.99999999999991
2017-01-19T21:00:00,N,N4,179.0
2017-01-19T22:00:00,N,N4,152.99999999999997
2017-01-19T23:00:00,N,N4,142.99999999999994
2017-01-20T00:00:00,N,N4,133.0
2017-01-20T01:00:00,N,N4,127.99999999999996
2017-01-20T02:00:00,N,N4,127.99999999999996
2017-01-20T03:00:00,N,N4,127.99999999999996
2017-01-20T04:00:00,N,N4,114.00000000000004
2017-01-20T05:00:00,N,N4,118.00000000000004
2017-01-20T06:00:00,N,N4,115.0
2017-01-20T07:00:00,N,N4,117.00000000000004
2017-01-20T08:00:00,N,N4,142.99999999999994
2017-01-20T09:00:00,N,N4,144.99999999999997
2017-01-20T10:00:00,N,N4,152.99999999999997
2017-01-20T11:00:00,N,N4,174.0
2017-01-20T12:00:00,N,N4,152.99999999999997
2017-01-20T13:00:00,N,N4,151.0
2017-01-20T14:00:00,N,N4,169.0
2017-01-20T15:00:00,N,N4,171.00000000000009
2017-01-20T16:00:00,N,N4,161.00000000000003
2017-01-20T17:00:00,N,N4,161.00000000000003
2017-01-20T18:00:00,N,N4,159.99999999999994
2017-01-20T19:00:00,N,N4,152.99999999999997
2017-01-20T20:00:00,N,N4,184.00000000000009
2017-01-20T21:00:00,N,N4,179.0
2017-01-20T22:00:00,N,N4,164.00000000000006
2017-01-20T23:00:00,N,N4,154.00000000000006
2017-01-21T00:00:00,N,N4,149.0
2017-01-21T01:00:00,N,N4,130.99999999999994
2017-01-21T02:00:00,N,N4,124.99999999999994
2017-01-21T03:00:00,N,N4,125.00000000000004
2017-01-21T04:00:00,N,N4,125.00000000000004
2017-01-21T05:00:00,N,N4,124.00000000000004
2017-01-21T06:00:00,N,N4,130.99999999999994
2017-01-21T07:00:00,N,N4,133.99999999999997
2017-01-21T08:00:00,N,N4,151.0
2017-01-21T09:00:00,N,N4,152.99999999999997
2017-01-21T10:00:00,N,N4,152.0
2017-01-21T11:00:00,N,N4,161.99999999999994
2017-01-21T12:00:00,N,N4,152.0
2017-01-21T13:00:00,N,N4,152.99999999999997
2017-01-21T14:00:00,N,N4,158.00000000000003
2017-01-21T15:00:00,N,N4,121.00000000000004
2017-01-21T16:00:00,N,N4,119.00000000000004
2017-01-21T17:00:00,N,N4,108.99999999999996
2017-01-21T18:00:00,N,N4,115.0
2017-01-21T19:00:00,N,N4,111.99999999999996
2017-01-21T20:00:00,N,N4,122.99999999999994
2017-01-21T21:00:00,N,N4,115.0
2017-01-21T22:00:00,N,N4,105.99999999999996
2017-01-21T23:00:00,N,N4,95.0
2017-01-22T00:00:00,N,N4,88.00000000000003
2017-01-22T01:00:00,N,N4,85.99999999999997
2017-01-22T02:00:00,N,N4,87.0
2017-01-22T03:00:00,N,N4,87.0
2017-01-22T04:00:00,N,N4,83.00000000000003
2017-01-22T05:00:00,N,N4,83.00000000000003
2017-01-22T06:00:00,N,N4,85.00000000000001
2017-01-22T07:00:00,N,N4,85.00000000000001
2017-01-22T08:00:00,N,N4,104.17210396967552
2017-01-22T09:00:00,N,N4,106.7200576487515
2017-01-22T10:00:00,N,N4,110.71413923307703
2017-01-22T11:00:00,N,N4,117.55542243467268
2017-01-22T12:00:00,N,N4,108.00000000000004
2017-01-22T13:00:00,N,N4,108.00000000000004
2017-01-22T14:00:00,N,N4,110.00000000000004
2017-01-22T15:00:00,N,N4,110.00000000000004
2017-01-22T16:00:00,N,N4,110.00000000000004
2017-01-22T17:00:00,N,N4,103.0
2017-01-22T18:00:00,N,N4,103.0
2017-01-22T19:00:00,N,N4,105.99999999999996
2017-01-22T20:00:00,N,N4,144.0
2017-01-22T21:00:00,N,N4,144.0
2017-01-22T22:00:00,N,N4,128.99999999999997
2017-01-22T23:00:00,N,N4,110.00000000000004
2017-01-23T00:00:00,N,N4,108.99999999999989
2017-01-23T01:00:00,N,N4,105.99999999999996
2017-01-23T02:00:00,N,N4,101.00000000000004
2017-01-23T03:00:00,N,N4,96.0
2017-01-23T04:00:00,N,N4,97.0
2017-01-23T05:00:00,N,N4,99.0
2017-01-23T06:00:00,N,N4,100.00000000000004
2017-01-23T07:00:00,N,N4,115.0
2017-01-23T08:00:00,N,N4,144.0
2017-01-23T09:00:00,N,N4,156.99999999999994
2017-01-23T10:00:00,N,N4,164.00000000000006
2017-01-23T11:00:00,N,N4,173.00000000000006
2017-01-23T12:00:00,N,N4,159.0
2017-01-23T13:00:00,N,N4,158.00000000000003
2017-01-23T14:00:00,N,N4,175.99999999999991
2017-01-23T15:00:00,N,N4,167.00000000000006
2017-01-23T16:00:00,N,N4,163.0
2017-01-23T17:00:00,N,N4,154.00000000000006
2017-01-23T18:00:00,N,N4,146.0
2017-01-23T19:00:00,N,N4,146.99999999999997
2017-01-23T20:00:00,N,N4,174.0
2017-01-23T21:00:00,N,N4,170.00000000000006
2017-01-23T22:00:00,N,N4,159.99999999999994
2017-01-23T23:00:00,N,N4,142.99999999999994
2017-01-24T00:00:00,N,N4,133.0
2017-01-24T01:00:00,N,N4,119.99999999999996
2017-01-24T02:00:00,N,N4,118.00000000000004
2017-01-24T03:00:00,N,N4,115.0
2017-01-24T04:00:00,N,N4,111.99999999999996
2017-01-24T05:00:00,N,N4,110.00000000000004
2017-01-24T06:00:00,N,N4,113.00000000000004
2017-01-24T07:00:00,N,N4,115.0
2017-01-24T08:00:00,N,N4,142.99999999999994
2017-01-24T09:00:00,N,N4,142.99999999999994
2017-01-24T10:00:00,N,N4,154.00000000000006
2017-01-24T11:00:00,N,N4,166.00000000000006
2017-01-24T12:00:00,N,N4,156.99999999999994
2017-01-24T13:00:00,N,N4,158.00000000000003
2017-01-24T14:00:00,N,N4,184.00000000000009
2017-01-24T15:00:00,N,N4,164.00000000000006
2017-01-24T16:00:00,N,N4,159.0
2017-01-24T17:00:00,N,N4,159.99999999999994
2017-01-24T18:00:00,N,N4,127.0
2017-01-24T19:00:00,N,N4,138.00000000000006
2017-01-24T20:00:00,N,N4,131.99999999999997
2017-01-24T21:00:00,N,N4,127.0
2017-01-24T22:00:00,N,N4,115.0
2017-01-24T23:00:00,N,N4,108.99999999999996
2017-01-25T00:00:00,N,N4,104.0
2017-01-25T01:00:00,N,N4,99.0
2017-01-25T02:00:00,N,N4,99.0
2017-01-25T03:00:00,N,N4,99.0
2017-01-25T04:00:00,N,N4,99.0
2017-01-25T05:00:00,N,N4,93.00000000000004
2017-01-25T06:00:00,N,N4,104.0
2017-01-25T07:00:00,N,N4,110.00000000000004
2017-01-25T08:00:00,N,N4,136.00000000000006
2017-01-25T09:00:00,N,N4,142.00000000000003
2017-01-25T10:00:00,N,N4,139.99999999999994
2017-01-25T11:00:00,N,N4,152.99999999999997
2017-01-25T12:00:00,N,N4,142.00000000000003
2017-01-25T13:00:00,N,N4,136.00000000000006
2017-01-25T14:00:00,N,N4,161.00000000000003
2017-01-25T15:00:00,N,N4,159.0
2017-01-25T16:00:00,N,N4,156.0
2017-01-25T17:00:00,N,N4,158.00000000000003
2017-01-25T18:00:00,N,N4,146.99999999999997
2017-01-25T19:00:00,N,N4,136.00000000000006
2017-01-25T20:00:00,N,N4,156.99999999999994
2017-01-25T21:00:00,N,N4,156.99999999999994
2017-01-25T22:00:00,N,N4,142.00000000000003
2017-01-25T23:00:00,N,N4,129.99999999999997
2017-01-26T00:00:00,N,N4,114.00000000000004
2017-01-26T01:00:00,N,N4,103.0
2017-01-26T02:00:00,N,N4,100.00000000000004
2017-01-26T03:00:00,N,N4,100.00000000000004
2017-01-26T04:00:00,N,N4,98.00000000000004
2017-01-26T05:00:00,N,N4,98.00000000000004
2017-01-26T06:00:00,N,N4,113.00000000000004
2017-01-26T07:00:00,N,N4,114.00000000000004
2017-01-26T08:00:00,N,N4,144.99999999999997
2017-01-26T09:00:00,N,N4,146.99999999999997
2017-01-26T10:00:00,N,N4,156.99999999999994
2017-01-26T11:00:00,N,N4,171.99999999999994
2017-01-26T12:00:00,N,N4,146.99999999999997
2017-01-26T13:00:00,N,N4,129.99999999999997
2017-01-26T14:00:00,N,N4,147.99999999999994
2017-01-26T15:00:00,N,N4,146.99999999999997
2017-01-26T16:00:00,N,N4,142.00000000000003
2017-01-26T17:00:00,N,N4,146.0
2017-01-26T18:00:00,N,N4,142.00000000000003
2017-01-26T19:00:00,N,N4,146.99999999999997
2017-01-26T20:00:00,N,N4,163.0
2017-01-26T21:00:00,N,N4,138.00000000000006
2017-01-26T22:00:00,N,N4,127.0
2017-01-26T23:00:00,N,N4,114.00000000000004
2017-01-27T00:00:00,N,N4,104.0
2017-01-27T01:00:00,N,N4,98.00000000000004
2017-01-27T02:00:00,N,N4,96.0
2017-01-27T03:00:00,N,N4,96.0
2017-01-27T04:00:00,N,N4,93.00000000000004
2017-01-27T05:00:00,N,N4,93.00000000000004
2017-01-27T06:00:00,N,N4,100.00000000000004
2017-01-27T07:00:00,N,N4,104.99999999999996
2017-01-27T08:00:00,N,N4,126.0
2017-01-27T09:00:00,N,N4,139.99999999999994
2017-01-27T10:00:00,N,N4,138.00000000000006
2017-01-27T11:00:00,N,N4,137.00000000000003
2017-01-27T12:00:00,N,N4,129.99999999999997
2017-01-27T13:00:00,N,N4,126.0
2017-01-27T14:00:00,N,N4,141.00000000000003
2017-01-27T15:00:00,N,N4,138.99999999999997
2017-01-27T16:00:00,N,N4,136.00000000000006
2017-01-27T17:00:00,N,N4,138.00000000000006
2017-01-27T18:00:00,N,N4,133.99999999999986
2017-01-27T19:00:00,N,N4,135.00000000000003
2017-01-27T20:00:00,N,N4,158.00000000000003
2017-01-27T21:00:00,N,N4,139.99999999999994
2017-01-27T22:00:00,N,N4,121.00000000000004
2017-01-27T23:00:00,N,N4,106.99999999999996
2017-01-28T00:00:00,N,N4,100.00000000000004
2017-01-28T01:00:00,N,N4,98.00000000000004
2017-01-28T02:00:00,N,N4,98.00000000000004
2017-01-28T03:00:00,N,N4,98.00000000000004
2017-01-28T04:00:00,N,N4,95.0
2017-01-28T05:00:00,N,N4,94.46313147673628
2017-01-28T06:00:00,N,N4,100.75
2017-01-28T07:00:00,N,N4,106.39462462514616
2017-01-28T08:00:00,N,N4,124.75
2017-01-28T09:00:00,N,N4,126.50925724315756
2017-01-28T10:00:00,N,N4,131.39334062510713
2017-01-28T11:00:00,N,N4,139.3181808110437
2017-01-28T12:00:00,N,N4,129.52869907554043
2017-01-28T13:00:00,N,N4,126.1438408535018
2017-01-28T14:00:00,N,N4,135.00000000000003
2017-01-28T15:00:00,N,N4,133.99999999999997
2017-01-28T16:00:00,N,N4,129.99999999999997
2017-01-28T17:00:00,N,N4,135.00000000000003
2017-01-28T18:00:00,N,N4,135.00000000000003
2017-01-28T19:00:00,N,N4,142.00000000000003
2017-01-28T20:00:00,N,N4,164.00000000000006
2017-01-28T21:00:00,N,N4,155.00000000000003
2017-01-28T22:00:00,N,N4,138.99999999999997
2017-01-28T23:00:00,N,N4,122.99999999999994
2017-01-29T00:00:00,N,N4,117.00000000000004
2017-01-29T01:00:00,N,N4,111.99999999999996
2017-01-29T02:00:00,N,N4,108.00000000000004
2017-01-29T03:00:00,N,N4,104.0
2017-01-29T04:00:00,N,N4,100.00000000000004
2017-01-29T05:00:00,N,N4,98.00000000000004
2017-01-29T06:00:00,N,N4,85.00000000000001
2017-01-29T07:00:00,N,N4,101.99999999999996
2017-01-29T08:00:00,N,N4,113.00000000000004
2017-01-29T09:00:00,N,N4,119.99999999999996
2017-01-29T10:00:00,N,N4,133.0
2017-01-29T11:00:00,N,N4,136.00000000000006
2017-01-29T12:00:00,N,N4,130.99999999999994
2017-01-29T13:00:00,N,N4,126.0
2017-01-29T14:00:00,N,N4,126.0
2017-01-29T15:00:00,N,N4,126.0
2017-01-29T16:00:00,N,N4,115.0
2017-01-29T17:00:00,N,N4,115.0
2017-01-29T18:00:00,N,N4,119.99999999999996
2017-01-29T19:00:00,N,N4,135.00000000000003
2017-01-29T20:00:00,N,N4,164.99999999999994
2017-01-29T21:00:00,N,N4,158.00000000000003
2017-01-29T22:00:00,N,N4,133.0
2017-01-29T23:00:00,N,N4,130.99999999999994
2017-01-30T00:00:00,N,N4,117.00000000000004
2017-01-30T01:00:00,N,N4,115.0
2017-01-30T02:00:00,N,N4,110.99999999999996
2017-01-30T03:00:00,N,N4,110.99999999999996
2017-01-30T04:00:00,N,N4,108.00000000000004
2017-01-30T05:00:00,N,N4,110.99999999999996
2017-01-30T06:00:00,N,N4,116.0
2017-01-30T07:00:00,N,N4,119.99999999999996
2017-01-30T08:00:00,N,N4,142.99999999999994
2017-01-30T09:00:00,N,N4,149.99999999999997
2017-01-30T10:00:00,N,N4,156.99999999999994
2017-01-30T11:00:00,N,N4,159.99999999999994
2017-01-30T12:00:00,N,N4,149.99999999999997
2017-01-30T13:00:00,N,N4,146.0
2017-01-30T14:00:00,N,N4,163.0
2017-01-30T15:00:00,N,N4,155.00000000000003
2017-01-30T16:00:00,N,N4,144.99999999999997
2017-01-30T17:00:00,N,N4,128.7
2017-01-30T18:00:00,N,N4,130.99999999999994
2017-01-30T19:00:00,N,N4,130.99999999999994
2017-01-30T20:00:00,N,N4,127.0
2017-01-30T21:00:00,N,N4,122.00000000000004
2017-01-30T22:00:00,N,N4,105.99999999999996
2017-01-30T23:00:00,N,N4,95.0
2017-01-31T00:00:00,N,N4,95.0
2017-01-31T01:00:00,N,N4,93.00000000000004
2017-01-31T02:00:00,N,N4,90.99999999999996
2017-01-31T03:00:00,N,N4,90.99999999999996
2017-01-31T04:00:00,N,N4,90.0
2017-01-31T05:00:00,N,N4,90.0
2017-01-31T06:00:00,N,N4,96.99999999999991
2017-01-31T07:00:00,N,N4,114.00000000000004
2017-01-31T08:00:00,N,N4,142.00000000000003
2017-01-31T09:00:00,N,N4,144.0
2017-01-31T10:00:00,N,N4,144.0
2017-01-31T11:00:00,N,N4,144.99999999999997
2017-01-31T12:00:00,N,N4,122.00000000000004
2017-01-31T13:00:00,N,N4,110.00000000000004
2017-01-31T14:00:00,N,N4,125.00000000000004
2017-01-31T15:00:00,N,N4,133.0
2017-01-31T16:00:00,N,N4,124.00000000000004
2017-01-31T17:00:00,N,N4,130.99999999999994
2017-01-31T18:00:00,N,N4,119.99999999999996
2017-01-31T19:00:00,N,N4,119.99999999999996
2017-01-31T20:00:00,N,N4,144.0
2017-01-31T21:00:00,N,N4,127.99999999999996
2017-01-31T22:00:00,N,N4,108.99999999999996
2017-01-31T23:00:00,N,N4,98.00000000000004
2017-02-01T00:00:00,N,N4,87.0
2017-02-01T01:00:00,N,N4,82.00000000000001
2017-02-01T02:00:00,N,N4,82.00000000000001
2017-02-01T03:00:00,N,N4,81.99999999999994
2017-02-01T04:00:00,N,N4,82.00000000000001
2017-02-01T05:00:00,N,N4,81.00000000000003
2017-02-01T06:00:00,N,N4,85.99999999999997
2017-02-01T07:00:00,N,N4,93.00000000000004
2017-02-01T08:00:00,N,N4,122.99999999999994
2017-02-01T09:00:00,N,N4,127.0
2017-02-01T10:00:00,N,N4,126.0
2017-02-01T11:00:00,N,N4,138.00000000000006
2017-02-01T12:00:00,N,N4,142.99999999999994
2017-02-01T13:00:00,N,N4,122.99999999999994
2017-02-01T14:00:00,N,N4,136.00000000000006
2017-02-01T15:00:00,N,N4,138.99999999999997
2017-02-01T16:00:00,N,N4,142.00000000000003
2017-02-01T17:00:00,N,N4,142.00000000000003
2017-02-01T18:00:00,N,N4,133.99999999999997
2017-02-01T19:00:00,N,N4,152.0
2017-02-01T20:00:00,N,N4,152.0
2017-02-01T21:00:00,N,N4,133.99999999999997
2017-02-01T22:00:00,N,N4,101.00000000000004
2017-02-01T23:00:00,N,N4,101.00000000000004
2017-02-02T00:00:00,N,N4,95.0
2017-02-02T01:00:00,N,N4,94.0
2017-02-02T02:00:00,N,N4,94.0
2017-02-02T03:00:00,N,N4,94.0
2017-02-02T04:00:00,N,N4,94.0
2017-02-02T05:00:00,N,N4,95.0
2017-02-02T06:00:00,N,N4,108.99999999999996
2017-02-02T07:00:00,N,N4,110.00000000000004
2017-02-02T08:00:00,N,N4,98.00000000000004
2017-02-02T09:00:00,N,N4,146.0
2017-02-02T10:00:00,N,N4,149.99999999999997
2017-02-02T11:00:00,N,N4,155.00000000000003
2017-02-02T12:00:00,N,N4,139.99999999999994
2017-02-02T13:00:00,N,N4,133.99999999999997
2017-02-02T14:00:00,N,N4,146.0
2017-02-02T15:00:00,N,N4,146.99999999999997
2017-02-02T16:00:00,N,N4,146.99999999999997
2017-02-02T17:00:00,N,N4,135.00000000000003
2017-02-02T18:00:00,N,N4,136.00000000000006
2017-02-02T19:00:00,N,N4,128.99999999999997
2017-02-02T20:00:00,N,N4,159.99999999999994
2017-02-02T21:00:00,N,N4,149.99999999999997
2017-02-02T22:00:00,N,N4,138.99999999999997
2017-02-02T23:00:00,N,N4,124.00000000000004
2017-02-03T00:00:00,N,N4,113.00000000000004
2017-02-03T01:00:00,N,N4,106.99999999999996
2017-02-03T02:00:00,N,N4,104.0
2017-02-03T03:00:00,N,N4,101.99999999999996
2017-02-03T04:00:00,N,N4,102.00000000000004
2017-02-03T05:00:00,N,N4,101.99999999999996
2017-02-03T06:00:00,N,N4,106.99999999999996
2017-02-03T07:00:00,N,N4,118.00000000000004
2017-02-03T08:00:00,N,N4,146.0
2017-02-03T09:00:00,N,N4,144.99999999999997
2017-02-03T10:00:00,N,N4,88.99999999999999
2017-02-03T11:00:00,N,N4,159.99999999999994
2017-02-03T12:00:00,N,N4,152.99999999999997
2017-02-03T13:00:00,N,N4,146.0
2017-02-03T14:00:00,N,N4,159.99999999999994
2017-02-03T15:00:00,N,N4,161.00000000000003
2017-02-03T16:00:00,N,N4,159.99999999999994
2017-02-03T17:00:00,N,N4,161.00000000000003
2017-02-03T18:00:00,N,N4,158.00000000000003
2017-02-03T19:00:00,N,N4,161.23284677877305
2017-02-03T20:00:00,N,N4,180.0884755572706
2017-02-03T21:00:00,N,N4,169.66598932452578
2017-02-03T22:00:00,N,N4,155.43514519356884
2017-02-03T23:00:00,N,N4,143.93953895573426
2017-02-04T00:00:00,N,N4,134.18179446266203
2017-02-04T01:00:00,N,N4,127.99999999999996
2017-02-04T02:00:00,N,N4,125.00000000000004
2017-02-04T03:00:00,N,N4,115.0
2017-02-04T04:00:00,N,N4,111.99999999999996
2017-02-04T05:00:00,N,N4,111.99999999999996
2017-02-04T06:00:00,N,N4,115.0
2017-02-04T07:00:00,N,N4,122.15699700116927
2017-02-04T08:00:00,N,N4,146.0
2017-02-04T09:00:00,N,N4,152.99999999999997
2017-02-04T10:00:00,N,N4,163.0
2017-02-04T11:00:00,N,N4,171.15203866962204
2017-02-04T12:00:00,N,N4,159.8644951987866
2017-02-04T13:00:00,N,N4,155.24574942259667
2017-02-04T14:00:00,N,N4,165.12271819896662
2017-02-04T15:00:00,N,N4,164.99999999999994
2017-02-04T16:00:00,N,N4,155.00000000000003
2017-02-04T17:00:00,N,N4,149.99999999999997
2017-02-04T18:00:00,N,N4,146.99999999999997
2017-02-04T19:00:00,N,N4,152.0
2017-02-04T20:00:00,N,N4,180.0
2017-02-04T21:00:00,N,N4,160.84266235379323
2017-02-04T22:00:00,N,N4,138.6707977014674
2017-02-04T23:00:00,N,N4,119.84516748774293
2017-02-05T00:00:00,N,N4,103.26794660936343
2017-02-05T01:00:00,N,N4,90.50730793178572
2017-02-05T02:00:00,N,N4,80.68713434322505
2017-02-05T03:00:00,N,N4,72.30150366376938
2017-02-05T04:00:00,N,N4,64.01754493094502
2017-02-05T05:00:00,N,N4,57.6213836832648
2017-02-05T06:00:00,N,N4,55.000000000000014
2017-02-05T07:00:00,N,N4,74.99999999999997
2017-02-05T08:00:00,N,N4,77.00000000000001
2017-02-05T09:00:00,N,N4,77.00000000000001
2017-02-05T10:00:00,N,N4,107.50224426928288
2017-02-05T11:00:00,N,N4,114.3039154243217
2017-02-05T12:00:00,N,N4,79.49404252038039
2017-02-05T13:00:00,N,N4,76.17818580937605
2017-02-05T14:00:00,N,N4,84.4613580539701
2017-02-05T15:00:00,N,N4,84.75335944714334
2017-02-05T16:00:00,N,N4,82.48785128758769
2017-02-05T17:00:00,N,N4,80.24033402554522
2017-02-05T18:00:00,N,N4,77.53714447568363
2017-02-05T19:00:00,N,N4,79.99999999999997
2017-02-05T20:00:00,N,N4,92.0
2017-02-05T21:00:00,N,N4,82.79010824561922
2017-02-05T22:00:00,N,N4,71.0
2017-02-05T23:00:00,N,N4,64.99999999999999
2017-02-06T00:00:00,N,N4,59.000000000000014
2017-02-06T01:00:00,N,N4,59.000000000000014
2017-02-06T02:00:00,N,N4,56.00000000000002
2017-02-06T03:00:00,N,N4,56.00000000000002
2017-02-06T04:00:00,N,N4,54.00000000000001
2017-02-06T05:00:00,N,N4,55.000000000000014
2017-02-06T06:00:00,N,N4,65.99999999999997
2017-02-06T07:00:00,N,N4,88.00000000000003
2017-02-06T08:00:00,N,N4,94.0
2017-02-06T09:00:00,N,N4,100.00000000000004
2017-02-06T10:00:00,N,N4,101.99999999999996
2017-02-06T11:00:00,N,N4,106.99999999999996
2017-02-06T12:00:00,N,N4,90.0
2017-02-06T13:00:00,N,N4,90.0
2017-02-06T14:00:00,N,N4,104.0
2017-02-06T15:00:00,N,N4,104.0
2017-02-06T16:00:00,N,N4,104.0
2017-02-06T17:00:00,N,N4,102.00000000000004
2017-02-06T18:00:00,N,N4,96.99999999999991
2017-02-06T19:00:00,N,N4,101.00000000000004
2017-02-06T20:00:00,N,N4,127.0
2017-02-06T21:00:00,N,N4,116.0
2017-02-06T22:00:00,N,N4,96.0
2017-02-06T23:00:00,N,N4,87.0
2017-02-07T00:00:00,N,N4,81.00000000000003
2017-02-07T01:00:00,N,N4,76.0
2017-02-07T02:00:00,N,N4,72.0
2017-02-07T03:00:00,N,N4,72.0
2017-02-07T04:00:00,N,N4,72.0
2017-02-07T05:00:00,N,N4,72.0
2017-02-07T06:00:00,N,N4,82.00000000000001
2017-02-07T07:00:00,N,N4,78.0
2017-02-07T08:00:00,N,N4,90.99999999999996
2017-02-07T09:00:00,N,N4,94.0
2017-02-07T10:00:00,N,N4,98.00000000000004
2017-02-07T11:00:00,N,N4,104.99999999999996
2017-02-07T12:00:00,N,N4,101.00000000000004
2017-02-07T13:00:00,N,N4,97.0
2017-02-07T14:00:00,N,N4,110.99999999999996
2017-02-07T15:00:00,N,N4,116.0
2017-02-07T16:00:00,N,N4,114.00000000000004
2017-02-07T17:00:00,N,N4,108.99999999999996
2017-02-07T18:00:00,N,N4,108.99999999999996
2017-02-07T19:00:00,N,N4,122.99999999999994
2017-02-07T20:00:00,N,N4,136.00000000000006
2017-02-07T21:00:00,N,N4,115.0
2017-02-07T22:00:00,N,N4,110.99999999999996
2017-02-07T23:00:00,N,N4,96.0
2017-02-08T00:00:00,N,N4,85.99999999999997
2017-02-08T01:00:00,N,N4,81.00000000000003
2017-02-08T02:00:00,N,N4,76.0
2017-02-08T03:00:00,N,N4,76.0
2017-02-08T04:00:00,N,N4,76.0
2017-02-08T05:00:00,N,N4,76.0
2017-02-08T06:00:00,N,N4,82.00000000000001
2017-02-08T07:00:00,N,N4,88.00000000000003
2017-02-08T08:00:00,N,N4,104.0
2017-02-08T09:00:00,N,N4,110.99999999999996
2017-02-08T10:00:00,N,N4,108.00000000000004
2017-02-08T11:00:00,N,N4,116.0
2017-02-08T12:00:00,N,N4,110.99999999999996
2017-02-08T13:00:00,N,N4,114.00000000000004
2017-02-08T14:00:00,N,N4,122.99999999999994
2017-02-08T15:00:00,N,N4,122.99999999999994
2017-02-08T16:00:00,N,N4,122.00000000000004
2017-02-08T17:00:00,N,N4,122.99999999999994
2017-02-08T18:00:00,N,N4,128.99999999999997
2017-02-08T19:00:00,N,N4,129.99999999999997
2017-02-08T20:00:00,N,N4,152.0
2017-02-08T21:00:00,N,N4,152.0
2017-02-08T22:00:00,N,N4,133.0
2017-02-08T23:00:00,N,N4,118.00000000000004
2017-02-09T00:00:00,N,N4,108.00000000000004
2017-02-09T01:00:00,N,N4,103.0
2017-02-09T02:00:00,N,N4,92.0
2017-02-09T03:00:00,N,N4,92.0
2017-02-09T04:00:00,N,N4,92.0
2017-02-09T05:00:00,N,N4,87.0
2017-02-09T06:00:00,N,N4,92.0
2017-02-09T07:00:00,N,N4,97.0
2017-02-09T08:00:00,N,N4,93.00000000000004
2017-02-09T09:00:00,N,N4,101.99999999999996
2017-02-09T10:00:00,N,N4,100.00000000000004
2017-02-09T11:00:00,N,N4,85.99999999999997
2017-02-09T12:00:00,N,N4,77.03490387534356
2017-02-09T13:00:00,N,N4,73.24089194453325
2017-02-09T14:00:00,N,N4,81.50391290234819
2017-02-09T15:00:00,N,N4,144.20365528950762
2017-02-09T16:00:00,N,N4,143.85851593945472
2017-02-09T17:00:00,N,N4,139.99331864358567
2017-02-09T18:00:00,N,N4,134.1818181818182
2017-02-09T19:00:00,N,N4,138.50554944718306
2017-02-09T20:00:00,N,N4,152.2520478802392
2017-02-09T21:00:00,N,N4,141.73046281413488
2017-02-09T22:00:00,N,N4,127.3888854597144
2017-02-09T23:00:00,N,N4,116.3953997032279
2017-02-10T00:00:00,N,N4,107.93925211008737
2017-02-10T01:00:00,N,N4,102.49048070438909
2017-02-10T02:00:00,N,N4,99.06035915676188
2017-02-10T03:00:00,N,N4,98.38486757037916
2017-02-10T04:00:00,N,N4,96.19624893223728
2017-02-10T05:00:00,N,N4,97.10414684298824
2017-02-10T06:00:00,N,N4,103.8587219307043
2017-02-10T07:00:00,N,N4,110.2727272727273
2017-02-10T08:00:00,N,N4,73.2772461820479
2017-02-10T09:00:00,N,N4,134.36363636363637
2017-02-10T10:00:00,N,N4,82.00000000000001
2017-02-10T11:00:00,N,N4,93.00000000000004
2017-02-10T12:00:00,N,N4,88.00000000000003
2017-02-10T13:00:00,N,N4,79.99999999999997
2017-02-10T14:00:00,N,N4,79.99999999999997
2017-02-10T15:00:00,N,N4,88.00000000000003
2017-02-10T16:00:00,N,N4,83.99999999999999
2017-02-10T17:00:00,N,N4,87.0
2017-02-10T18:00:00,N,N4,88.00000000000003
2017-02-10T19:00:00,N,N4,94.0
2017-02-10T20:00:00,N,N4,92.0
2017-02-10T21:00:00,N,N4,83.09331616505806
2017-02-10T22:00:00,N,N4,72.0
2017-02-10T23:00:00,N,N4,66.99999999999997
2017-02-11T00:00:00,N,N4,62.00000000000001
2017-02-11T01:00:00,N,N4,57.00000000000001
2017-02-11T02:00:00,N,N4,57.00000000000001
2017-02-11T03:00:00,N,N4,57.00000000000001
2017-02-11T04:00:00,N,N4,57.00000000000001
2017-02-11T05:00:00,N,N4,57.00000000000001
2017-02-11T06:00:00,N,N4,62.00000000000001
2017-02-11T07:00:00,N,N4,62.99999999999999
2017-02-11T08:00:00,N,N4,72.99999999999999
2017-02-11T09:00:00,N,N4,83.00000000000003
2017-02-11T10:00:00,N,N4,88.00000000000003
2017-02-11T11:00:00,N,N4,93.00000000000004
2017-02-11T12:00:00,N,N4,83.00000000000003
2017-02-11T13:00:00,N,N4,77.95096137212568
2017-02-11T14:00:00,N,N4,85.50674997531854
2017-02-11T15:00:00,N,N4,84.45471771723751
2017-02-11T16:00:00,N,N4,81.49079850826017
2017-02-11T17:00:00,N,N4,79.0
2017-02-11T18:00:00,N,N4,79.0
2017-02-11T19:00:00,N,N4,88.99999999999999
2017-02-11T20:00:00,N,N4,99.0
2017-02-11T21:00:00,N,N4,83.99999999999999
2017-02-11T22:00:00,N,N4,78.0
2017-02-11T23:00:00,N,N4,69.00000000000001
2017-02-12T00:00:00,N,N4,69.00000000000001
2017-02-12T01:00:00,N,N4,63.99999999999998
2017-02-12T02:00:00,N,N4,63.99999999999998
2017-02-12T03:00:00,N,N4,63.99999999999998
2017-02-12T04:00:00,N,N4,63.99999999999998
2017-02-12T05:00:00,N,N4,57.99999999999999
2017-02-12T06:00:00,N,N4,63.99999999999998
2017-02-12T07:00:00,N,N4,63.99999999999998
2017-02-12T08:00:00,N,N4,79.01903755693306
2017-02-12T09:00:00,N,N4,80.37229436569845
2017-02-12T10:00:00,N,N4,82.39606114716491
2017-02-12T11:00:00,N,N4,87.0
2017-02-12T12:00:00,N,N4,76.0
2017-02-12T13:00:00,N,N4,71.81058902598684
2017-02-12T14:00:00,N,N4,80.05109123341616
2017-02-12T15:00:00,N,N4,79.81862732775602
2017-02-12T16:00:00,N,N4,77.8025397043805
2017-02-12T17:00:00,N,N4,76.310702393344
2017-02-12T18:00:00,N,N4,74.6112776369571
2017-02-12T19:00:00,N,N4,76.0
2017-02-12T20:00:00,N,N4,97.0
2017-02-12T21:00:00,N,N4,87.0
2017-02-12T22:00:00,N,N4,77.00000000000001
2017-02-12T23:00:00,N,N4,66.99999999999997
2017-02-13T00:00:00,N,N4,62.00000000000001
2017-02-13T01:00:00,N,N4,62.00000000000001
2017-02-13T02:00:00,N,N4,59.99999999999999
2017-02-13T03:00:00,N,N4,57.00000000000001
2017-02-13T04:00:00,N,N4,57.00000000000001
2017-02-13T05:00:00,N,N4,57.00000000000001
2017-02-13T06:00:00,N,N4,66.99999999999997
2017-02-13T07:00:00,N,N4,57.99999999999999
2017-02-13T08:00:00,N,N4,72.0
2017-02-13T09:00:00,N,N4,82.00000000000001
2017-02-13T10:00:00,N,N4,85.00000000000001
2017-02-13T11:00:00,N,N4,92.0
2017-02-13T12:00:00,N,N4,74.00000000000003
2017-02-13T13:00:00,N,N4,77.00000000000001
2017-02-13T14:00:00,N,N4,87.0
2017-02-13T15:00:00,N,N4,88.99999999999999
2017-02-13T16:00:00,N,N4,100.00000000000004
2017-02-13T17:00:00,N,N4,100.00000000000004
2017-02-13T18:00:00,N,N4,106.99999999999996
2017-02-13T19:00:00,N,N4,122.00000000000004
2017-02-13T20:00:00,N,N4,127.0
2017-02-13T21:00:00,N,N4,117.00000000000004
2017-02-13T22:00:00,N,N4,101.99999999999996
2017-02-13T23:00:00,N,N4,87.0
2017-02-14T00:00:00,N,N4,82.00000000000001
2017-02-14T01:00:00,N,N4,79.99999999999997
2017-02-14T02:00:00,N,N4,77.00000000000001
2017-02-14T03:00:00,N,N4,77.00000000000001
2017-02-14T04:00:00,N,N4,74.99999999999997
2017-02-14T05:00:00,N,N4,74.99999999999997
2017-02-14T06:00:00,N,N4,70.00000000000003
2017-02-14T07:00:00,N,N4,79.0
2017-02-14T08:00:00,N,N4,96.0
2017-02-14T09:00:00,N,N4,88.99999999999999
2017-02-14T10:00:00,N,N4,95.0
2017-02-14T11:00:00,N,N4,99.0
2017-02-14T12:00:00,N,N4,93.00000000000004
2017-02-14T13:00:00,N,N4,97.0
2017-02-14T14:00:00,N,N4,104.0
2017-02-14T15:00:00,N,N4,113.00000000000004
2017-02-14T16:00:00,N,N4,114.00000000000004
2017-02-14T17:00:00,N,N4,124.00000000000004
2017-02-14T18:00:00,N,N4,119.99999999999996
2017-02-14T19:00:00,N,N4,129.99999999999997
2017-02-14T20:00:00,N,N4,142.99999999999994
2017-02-14T21:00:00,N,N4,131.99999999999997
2017-02-14T22:00:00,N,N4,115.0
2017-02-14T23:00:00,N,N4,108.00000000000004
2017-02-15T00:00:00,N,N4,100.00000000000004
2017-02-15T01:00:00,N,N4,98.00000000000004
2017-02-15T02:00:00,N,N4,95.0
2017-02-15T03:00:00,N,N4,95.0
2017-02-15T04:00:00,N,N4,90.0
2017-02-15T05:00:00,N,N4,85.99999999999997
2017-02-15T06:00:00,N,N4,92.0
2017-02-15T07:00:00,N,N4,101.00000000000004
2017-02-15T08:00:00,N,N4,117.00000000000004
2017-02-15T09:00:00,N,N4,126.0
2017-02-15T10:00:00,N,N4,130.99999999999994
2017-02-15T11:00:00,N,N4,139.99999999999994
2017-02-15T12:00:00,N,N4,135.00000000000003
2017-02-15T13:00:00,N,N4,144.99999999999997
2017-02-15T14:00:00,N,N4,131.99999999999997
2017-02-15T15:00:00,N,N4,135.00000000000003
2017-02-15T16:00:00,N,N4,127.99999999999996
2017-02-15T17:00:00,N,N4,127.0
2017-02-15T18:00:00,N,N4,127.99999999999996
2017-02-15T19:00:00,N,N4,138.00000000000006
2017-02-15T20:00:00,N,N4,144.99999999999997
2017-02-15T21:00:00,N,N4,122.00000000000004
2017-02-15T22:00:00,N,N4,113.00000000000004
2017-02-15T23:00:00,N,N4,114.00000000000004
2017-02-16T00:00:00,N,N4,101.99999999999996
2017-02-16T01:00:00,N,N4,96.99999999999991
2017-02-16T02:00:00,N,N4,95.0
2017-02-16T03:00:00,N,N4,95.0
2017-02-16T04:00:00,N,N4,95.0
2017-02-16T05:00:00,N,N4,95.0
2017-02-16T06:00:00,N,N4,87.0
2017-02-16T07:00:00,N,N4,82.00000000000001
2017-02-16T08:00:00,N,N4,104.0
2017-02-16T09:00:00,N,N4,115.0
2017-02-16T10:00:00,N,N4,119.99999999999996
2017-02-16T11:00:00,N,N4,126.0
2017-02-16T12:00:00,N,N4,119.99999999999996
2017-02-16T13:00:00,N,N4,113.00000000000004
2017-02-16T14:00:00,N,N4,146.99999999999997
2017-02-16T15:00:00,N,N4,131.99999999999997
2017-02-16T16:00:00,N,N4,131.99999999999997
2017-02-16T17:00:00,N,N4,127.0
2017-02-16T18:00:00,N,N4,122.99999999999994
2017-02-16T19:00:00,N,N4,133.0
2017-02-16T20:00:00,N,N4,152.0
2017-02-16T21:00:00,N,N4,144.99999999999997
2017-02-16T22:00:00,N,N4,122.99999999999994
2017-02-16T23:00:00,N,N4,118.00000000000004
2017-02-17T00:00:00,N,N4,108.99999999999996
2017-02-17T01:00:00,N,N4,97.0
2017-02-17T02:00:00,N,N4,92.0
2017-02-17T03:00:00,N,N4,92.0
2017-02-17T04:00:00,N,N4,92.0
2017-02-17T05:00:00,N,N4,88.00000000000003
2017-02-17T06:00:00,N,N4,88.00000000000003
2017-02-17T07:00:00,N,N4,98.00000000000004
2017-02-17T08:00:00,N,N4,114.00000000000004
2017-02-17T09:00:00,N,N4,119.99999999999996
2017-02-17T10:00:00,N,N4,126.0
2017-02-17T11:00:00,N,N4,136.00000000000006
2017-02-17T12:00:00,N,N4,131.99999999999997
2017-02-17T13:00:00,N,N4,128.99999999999997
2017-02-17T14:00:00,N,N4,135.00000000000003
2017-02-17T15:00:00,N,N4,133.0
2017-02-17T16:00:00,N,N4,128.99999999999997
2017-02-17T17:00:00,N,N4,124.00000000000004
2017-02-17T18:00:00,N,N4,124.00000000000004
2017-02-17T19:00:00,N,N4,126.00000000000011
2017-02-17T20:00:00,N,N4,126.0
2017-02-17T21:00:00,N,N4,134.06327545746532
2017-02-17T22:00:00,N,N4,124.03626209946408
2017-02-17T23:00:00,N,N4,112.4116282463112
2017-02-18T00:00:00,N,N4,103.0
2017-02-18T01:00:00,N,N4,93.00000000000004
2017-02-18T02:00:00,N,N4,83.00000000000003
2017-02-18T03:00:00,N,N4,83.00000000000003
2017-02-18T04:00:00,N,N4,83.00000000000003
2017-02-18T05:00:00,N,N4,83.00000000000003
2017-02-18T06:00:00,N,N4,88.99999999999999
2017-02-18T07:00:00,N,N4,94.0
2017-02-18T08:00:00,N,N4,110.99999999999996
2017-02-18T09:00:00,N,N4,118.00000000000004
2017-02-18T10:00:00,N,N4,118.00000000000004
2017-02-18T11:00:00,N,N4,122.99999999999994
2017-02-18T12:00:00,N,N4,119.00000000000004
2017-02-18T13:00:00,N,N4,121.00000000000004
2017-02-18T14:00:00,N,N4,121.00000000000004
2017-02-18T15:00:00,N,N4,121.00000000000004
2017-02-18T16:00:00,N,N4,121.00000000000004
2017-02-18T17:00:00,N,N4,116.0
2017-02-18T18:00:00,N,N4,122.00000000000004
2017-02-18T19:00:00,N,N4,122.00000000000004
2017-02-18T20:00:00,N,N4,149.0
2017-02-18T21:00:00,N,N4,142.99999999999994
2017-02-18T22:00:00,N,N4,137.00000000000003
2017-02-18T23:00:00,N,N4,126.0
2017-02-19T00:00:00,N,N4,108.00000000000004
2017-02-19T01:00:00,N,N4,98.00000000000004
2017-02-19T02:00:00,N,N4,98.00000000000004
2017-02-19T03:00:00,N,N4,92.0
2017-02-19T04:00:00,N,N4,87.0
2017-02-19T05:00:00,N,N4,87.0
2017-02-19T06:00:00,N,N4,88.00000000000003
2017-02-19T07:00:00,N,N4,88.00000000000003
2017-02-19T08:00:00,N,N4,104.0
2017-02-19T09:00:00,N,N4,110.99999999999996
2017-02-19T10:00:00,N,N4,110.99999999999996
2017-02-19T11:00:00,N,N4,121.00000000000004
2017-02-19T12:00:00,N,N4,115.0
2017-02-19T13:00:00,N,N4,115.0
2017-02-19T14:00:00,N,N4,115.0
2017-02-19T15:00:00,N,N4,108.99999999999989
2017-02-19T16:00:00,N,N4,108.99999999999996
2017-02-19T17:00:00,N,N4,104.0
2017-02-19T18:00:00,N,N4,108.99999999999996
2017-02-19T19:00:00,N,N4,105.99999999999996
2017-02-19T20:00:00,N,N4,138.00000000000006
2017-02-19T21:00:00,N,N4,138.00000000000006
2017-02-19T22:00:00,N,N4,104.0
2017-02-19T23:00:00,N,N4,104.99999999999989
2017-02-20T00:00:00,N,N4,95.0
2017-02-20T01:00:00,N,N4,88.99999999999999
2017-02-20T02:00:00,N,N4,88.99999999999999
2017-02-20T03:00:00,N,N4,88.9999999999999
2017-02-20T04:00:00,N,N4,79.0
2017-02-20T05:00:00,N,N4,79.0
2017-02-20T06:00:00,N,N4,96.0
2017-02-20T07:00:00,N,N4,93.00000000000004
2017-02-20T08:00:00,N,N4,124.00000000000004
2017-02-20T09:00:00,N,N4,127.0
2017-02-20T10:00:00,N,N4,126.0
2017-02-20T11:00:00,N,N4,133.0
2017-02-20T12:00:00,N,N4,129.99999999999997
2017-02-20T13:00:00,N,N4,131.99999999999997
2017-02-20T14:00:00,N,N4,144.99999999999997
2017-02-20T15:00:00,N,N4,142.99999999999994
2017-02-20T16:00:00,N,N4,127.0
2017-02-20T17:00:00,N,N4,122.00000000000004
2017-02-20T18:00:00,N,N4,122.99999999999994
2017-02-20T19:00:00,N,N4,139.99999999999994
2017-02-20T20:00:00,N,N4,139.99999999999994
2017-02-20T21:00:00,N,N4,136.00000000000006
2017-02-20T22:00:00,N,N4,111.99999999999996
2017-02-20T23:00:00,N,N4,101.99999999999996
2017-02-21T00:00:00,N,N4,97.0
2017-02-21T01:00:00,N,N4,92.0
2017-02-21T02:00:00,N,N4,90.0
2017-02-21T03:00:00,N,N4,90.0
2017-02-21T04:00:00,N,N4,88.00000000000003
2017-02-21T05:00:00,N,N4,87.0
2017-02-21T06:00:00,N,N4,104.0
2017-02-21T07:00:00,N,N4,99.0
2017-02-21T08:00:00,N,N4,108.99999999999996
2017-02-21T09:00:00,N,N4,119.99999999999996
2017-02-21T10:00:00,N,N4,122.00000000000004
2017-02-21T11:00:00,N,N4,128.99999999999997
2017-02-21T12:00:00,N,N4,133.0
2017-02-21T13:00:00,N,N4,131.99999999999997
2017-02-21T14:00:00,N,N4,138.99999999999997
2017-02-21T15:00:00,N,N4,139.99999999999994
2017-02-21T16:00:00,N,N4,133.99999999999997
2017-02-21T17:00:00,N,N4,127.0
2017-02-21T18:00:00,N,N4,127.0
2017-02-21T19:00:00,N,N4,141.00000000000003
2017-02-21T20:00:00,N,N4,144.0
2017-02-21T21:00:00,N,N4,126.0
2017-02-21T22:00:00,N,N4,119.00000000000004
2017-02-21T23:00:00,N,N4,113.00000000000004
2017-02-22T00:00:00,N,N4,97.0
2017-02-22T01:00:00,N,N4,94.0
2017-02-22T02:00:00,N,N4,90.0
2017-02-22T03:00:00,N,N4,86.00000000000004
2017-02-22T04:00:00,N,N4,86.00000000000004
2017-02-22T05:00:00,N,N4,86.00000000000004
2017-02-22T06:00:00,N,N4,103.0000000000001
2017-02-22T07:00:00,N,N4,97.0
2017-02-22T08:00:00,N,N4,119.00000000000004
2017-02-22T09:00:00,N,N4,127.0
2017-02-22T10:00:00,N,N4,127.0
2017-02-22T11:00:00,N,N4,130.99999999999994
2017-02-22T12:00:00,N,N4,136.00000000000006
2017-02-22T13:00:00,N,N4,128.99999999999997
2017-02-22T14:00:00,N,N4,138.00000000000006
2017-02-22T15:00:00,N,N4,138.00000000000006
2017-02-22T16:00:00,N,N4,131.99999999999997
2017-02-22T17:00:00,N,N4,137.9452977345218
2017-02-22T18:00:00,N,N4,140.55461120082649
2017-02-22T19:00:00,N,N4,82.55544007444628
2017-02-22T20:00:00,N,N4,93.07299339880528
2017-02-22T21:00:00,N,N4,140.38103886360835
2017-02-22T22:00:00,N,N4,77.00000000000001
2017-02-22T23:00:00,N,N4,74.99999999999997
2017-02-23T00:00:00,N,N4,72.0
2017-02-23T01:00:00,N,N4,65.99999999999997
2017-02-23T02:00:00,N,N4,65.99999999999997
2017-02-23T03:00:00,N,N4,65.99999999999997
2017-02-23T04:00:00,N,N4,62.99999999999999
2017-02-23T05:00:00,N,N4,63.99999999999998
2017-02-23T06:00:00,N,N4,69.00000000000001
2017-02-23T07:00:00,N,N4,72.99999999999999
2017-02-23T08:00:00,N,N4,104.0
2017-02-23T09:00:00,N,N4,108.00000000000004
2017-02-23T10:00:00,N,N4,117.00000000000004
2017-02-23T11:00:00,N,N4,122.00000000000004
2017-02-23T12:00:00,N,N4,108.00000000000004
2017-02-23T13:00:00,N,N4,101.00000000000004
2017-02-23T14:00:00,N,N4,111.99999999999996
2017-02-23T15:00:00,N,N4,104.99999999999996
2017-02-23T16:00:00,N,N4,101.99999999999996
2017-02-23T17:00:00,N,N4,101.99999999999996
2017-02-23T18:00:00,N,N4,94.0
2017-02-23T19:00:00,N,N4,108.00000000000004
2017-02-23T20:00:00,N,N4,114.00000000000004
2017-02-23T21:00:00,N,N4,97.0
2017-02-23T22:00:00,N,N4,77.00000000000001
2017-02-23T23:00:00,N,N4,70.00000000000003
2017-02-24T00:00:00,N,N4,69.00000000000001
2017-02-24T01:00:00,N,N4,64.99999999999999
2017-02-24T02:00:00,N,N4,61.00000000000001
2017-02-24T03:00:00,N,N4,59.99999999999999
2017-02-24T04:00:00,N,N4,59.99999999999999
2017-02-24T05:00:00,N,N4,63.99999999999998
2017-02-24T06:00:00,N,N4,68.00000000000001
2017-02-24T07:00:00,N,N4,77.00000000000001
2017-02-24T08:00:00,N,N4,101.99999999999996
2017-02-24T09:00:00,N,N4,99.0
2017-02-24T10:00:00,N,N4,104.99999999999996
2017-02-24T11:00:00,N,N4,108.99999999999996
2017-02-24T12:00:00,N,N4,93.00000000000004
2017-02-24T13:00:00,N,N4,97.0
2017-02-24T14:00:00,N,N4,111.99999999999996
2017-02-24T15:00:00,N,N4,115.0
2017-02-24T16:00:00,N,N4,108.00000000000004
2017-02-24T17:00:00,N,N4,119.99999999999996
2017-02-24T18:00:00,N,N4,119.99999999999996
2017-02-24T19:00:00,N,N4,142.00000000000003
2017-02-24T20:00:00,N,N4,142.99999999999994
2017-02-24T21:00:00,N,N4,137.00000000000003
2017-02-24T22:00:00,N,N4,125.00000000000004
2017-02-24T23:00:00,N,N4,106.99999999999996
2017-02-25T00:00:00,N,N4,96.0
2017-02-25T01:00:00,N,N4,85.99999999999997
2017-02-25T02:00:00,N,N4,82.00000000000001
2017-02-25T03:00:00,N,N4,81.00000000000003
2017-02-25T04:00:00,N,N4,81.00000000000003
2017-02-25T05:00:00,N,N4,81.00000000000003
2017-02-25T06:00:00,N,N4,94.0
2017-02-25T07:00:00,N,N4,88.99999999999999
2017-02-25T08:00:00,N,N4,115.0
2017-02-25T09:00:00,N,N4,122.00000000000004
2017-02-25T10:00:00,N,N4,133.0
2017-02-25T11:00:00,N,N4,133.0
2017-02-25T12:00:00,N,N4,113.00000000000004
2017-02-25T13:00:00,N,N4,128.99999999999997
2017-02-25T14:00:00,N,N4,129.99999999999997
2017-02-25T15:00:00,N,N4,125.00000000000004
2017-02-25T16:00:00,N,N4,108.00000000000004
2017-02-25T17:00:00,N,N4,103.0
2017-02-25T18:00:00,N,N4,111.99999999999996
2017-02-25T19:00:00,N,N4,105.99999999999996
2017-02-25T20:00:00,N,N4,122.99999999999994
2017-02-25T21:00:00,N,N4,118.00000000000004
2017-02-25T22:00:00,N,N4,108.00000000000004
2017-02-25T23:00:00,N,N4,97.0
2017-02-26T00:00:00,N,N4,92.0
2017-02-26T01:00:00,N,N4,87.0
2017-02-26T02:00:00,N,N4,79.99999999999997
2017-02-26T03:00:00,N,N4,76.0
2017-02-26T04:00:00,N,N4,76.0
2017-02-26T05:00:00,N,N4,76.0
2017-02-26T06:00:00,N,N4,76.0
2017-02-26T07:00:00,N,N4,76.0
2017-02-26T08:00:00,N,N4,94.0
2017-02-26T09:00:00,N,N4,99.0
2017-02-26T10:00:00,N,N4,110.00000000000004
2017-02-26T11:00:00,N,N4,115.0
2017-02-26T12:00:00,N,N4,108.00000000000004
2017-02-26T13:00:00,N,N4,101.99999999999996
2017-02-26T14:00:00,N,N4,101.00000000000004
2017-02-26T15:00:00,N,N4,101.00000000000004
2017-02-26T16:00:00,N,N4,106.99999999999996
2017-02-26T17:00:00,N,N4,103.0
2017-02-26T18:00:00,N,N4,104.99999999999996
2017-02-26T19:00:00,N,N4,137.00000000000003
2017-02-26T20:00:00,N,N4,144.99999999999997
2017-02-26T21:00:00,N,N4,142.00000000000003
2017-02-26T22:00:00,N,N4,129.99999999999997
2017-02-26T23:00:00,N,N4,116.0
2017-02-27T00:00:00,N,N4,105.99999999999996
2017-02-27T01:00:00,N,N4,101.00000000000004
2017-02-27T02:00:00,N,N4,101.00000000000004
2017-02-27T03:00:00,N,N4,90.99999999999996
2017-02-27T04:00:00,N,N4,90.99999999999996
2017-02-27T05:00:00,N,N4,90.99999999999996
2017-02-27T06:00:00,N,N4,90.99999999999996
2017-02-27T07:00:00,N,N4,97.0
2017-02-27T08:00:00,N,N4,116.0
2017-02-27T09:00:00,N,N4,116.0
2017-02-27T10:00:00,N,N4,131.99999999999997
2017-02-27T11:00:00,N,N4,133.99999999999997
2017-02-27T12:00:00,N,N4,127.99999999999996
2017-02-27T13:00:00,N,N4,124.00000000000004
2017-02-27T14:00:00,N,N4,135.41666666666666
2017-02-27T15:00:00,N,N4,133.5
2017-02-27T16:00:00,N,N4,101.72593657196327
2017-02-27T17:00:00,N,N4,101.99999999999996
2017-02-27T18:00:00,N,N4,110.99999999999996
2017-02-27T19:00:00,N,N4,124.00000000000004
2017-02-27T20:00:00,N,N4,128.99999999999997
2017-02-27T21:00:00,N,N4,111.99999999999996
2017-02-27T22:00:00,N,N4,96.0
2017-02-27T23:00:00,N,N4,93.00000000000004
2017-02-28T00:00:00,N,N4,85.00000000000001
2017-02-28T01:00:00,N,N4,83.99999999999999
2017-02-28T02:00:00,N,N4,79.0
2017-02-28T03:00:00,N,N4,79.0
2017-02-28T04:00:00,N,N4,77.00000000000001
2017-02-28T05:00:00,N,N4,77.00000000000001
2017-02-28T06:00:00,N,N4,83.99999999999999
2017-02-28T07:00:00,N,N4,110.69357404494588
2017-02-28T08:00:00,N,N4,111.66002172269198
2017-02-28T09:00:00,N,N4,118.78630395413572
2017-02-28T10:00:00,N,N4,136.19725291640876
2017-02-28T11:00:00,N,N4,136.7710131151046
2017-02-28T12:00:00,N,N4,127.99999999999996
2017-02-28T13:00:00,N,N4,129.99999999999997
2017-02-28T14:00:00,N,N4,138.00000000000006
2017-02-28T15:00:00,N,N4,90.0
2017-02-28T16:00:00,N,N4,104.99999999999996
2017-02-28T17:00:00,N,N4,114.00000000000004
2017-02-28T18:00:00,N,N4,108.99999999999996
2017-02-28T19:00:00,N,N4,104.6137941105585
2017-02-28T20:00:00,N,N4,107.229246750066
2017-02-28T21:00:00,N,N4,92.90716732336192
2017-02-28T22:00:00,N,N4,78.27926321071597
2017-02-28T23:00:00,N,N4,66.99999999999997
2017-03-01T00:00:00,N,N4,61.739075323762535
2017-03-01T01:00:00,N,N4,58.96156476760916
2017-03-01T02:00:00,N,N4,57.99999999999999
2017-03-01T03:00:00,N,N4,56.00000000000002
2017-03-01T04:00:00,N,N4,56.00000000000002
2017-03-01T05:00:00,N,N4,57.99999999999999
2017-03-01T06:00:00,N,N4,63.99999999999998
2017-03-01T07:00:00,N,N4,78.0
2017-03-01T08:00:00,N,N4,100.00000000000004
2017-03-01T09:00:00,N,N4,110.00000000000004
2017-03-01T10:00:00,N,N4,119.00000000000004
2017-03-01T11:00:00,N,N4,118.00000000000004
2017-03-01T12:00:00,N,N4,95.0
2017-03-01T13:00:00,N,N4,82.63277046461687
2017-03-01T14:00:00,N,N4,85.99999999999997
2017-03-01T15:00:00,N,N4,93.00000000000004
2017-03-01T16:00:00,N,N4,104.99999999999996
2017-03-01T17:00:00,N,N4,93.00000000000004
2017-03-01T18:00:00,N,N4,103.0
2017-03-01T19:00:00,N,N4,98.00000000000004
2017-03-01T20:00:00,N,N4,114.00000000000004
2017-03-01T21:00:00,N,N4,98.00000000000004
2017-03-01T22:00:00,N,N4,92.0
2017-03-01T23:00:00,N,N4,87.0
2017-03-02T00:00:00,N,N4,74.99999999999997
2017-03-02T01:00:00,N,N4,72.99999999999999
2017-03-02T02:00:00,N,N4,72.0
2017-03-02T03:00:00,N,N4,68.00000000000001
2017-03-02T04:00:00,N,N4,68.00000000000001
2017-03-02T05:00:00,N,N4,71.0
2017-03-02T06:00:00,N,N4,76.0
2017-03-02T07:00:00,N,N4,85.99999999999997
2017-03-02T08:00:00,N,N4,104.99999999999996
2017-03-02T09:00:00,N,N4,108.00000000000004
2017-03-02T10:00:00,N,N4,115.0
2017-03-02T11:00:00,N,N4,119.00000000000004
2017-03-02T12:00:00,N,N4,114.00000000000004
2017-03-02T13:00:00,N,N4,101.99999999999996
2017-03-02T14:00:00,N,N4,118.00000000000004
2017-03-02T15:00:00,N,N4,119.00000000000004
2017-03-02T16:00:00,N,N4,127.0
2017-03-02T17:00:00,N,N4,127.0
2017-03-02T18:00:00,N,N4,122.00000000000004
2017-03-02T19:00:00,N,N4,125.00000000000004
2017-03-02T20:00:00,N,N4,151.0
2017-03-02T21:00:00,N,N4,142.00000000000003
2017-03-02T22:00:00,N,N4,131.99999999999997
2017-03-02T23:00:00,N,N4,119.99999999999996
2017-03-03T00:00:00,N,N4,104.0
2017-03-03T01:00:00,N,N4,98.00000000000004
2017-03-03T02:00:00,N,N4,94.0
2017-03-03T03:00:00,N,N4,90.0
2017-03-03T04:00:00,N,N4,88.99999999999999
2017-03-03T05:00:00,N,N4,92.0
2017-03-03T06:00:00,N,N4,106.99999999999996
2017-03-03T07:00:00,N,N4,94.0
2017-03-03T08:00:00,N,N4,116.0
2017-03-03T09:00:00,N,N4,117.00000000000004
2017-03-03T10:00:00,N,N4,127.0
2017-03-03T11:00:00,N,N4,138.00000000000006
2017-03-03T12:00:00,N,N4,126.0
2017-03-03T13:00:00,N,N4,126.0
2017-03-03T14:00:00,N,N4,133.0
2017-03-03T15:00:00,N,N4,117.00000000000004
2017-03-03T16:00:00,N,N4,117.00000000000004
2017-03-03T17:00:00,N,N4,124.00000000000004
2017-03-03T18:00:00,N,N4,127.0
2017-03-03T19:00:00,N,N4,147.99999999999994
2017-03-03T20:00:00,N,N4,152.99999999999997
2017-03-03T21:00:00,N,N4,142.00000000000003
2017-03-03T22:00:00,N,N4,136.00000000000006
2017-03-03T23:00:00,N,N4,119.99999999999996
2017-03-04T00:00:00,N,N4,108.99999999999996
2017-03-04T01:00:00,N,N4,108.99999999999989
2017-03-04T02:00:00,N,N4,100.00000000000004
2017-03-04T03:00:00,N,N4,88.16666666666667
2017-03-04T04:00:00,N,N4,87.25
2017-03-04T05:00:00,N,N4,87.53859428972804
2017-03-04T06:00:00,N,N4,96.0
2017-03-04T07:00:00,N,N4,98.6506360910154
2017-03-04T08:00:00,N,N4,113.0909090909091
2017-03-04T09:00:00,N,N4,91.74615248975785
2017-03-04T10:00:00,N,N4,96.0
2017-03-04T11:00:00,N,N4,94.0
2017-03-04T12:00:00,N,N4,88.99999999999999
2017-03-04T13:00:00,N,N4,84.47922680058117
2017-03-04T14:00:00,N,N4,96.23947109707692
2017-03-04T15:00:00,N,N4,97.23243936415356
2017-03-04T16:00:00,N,N4,98.50266967869668
2017-03-04T17:00:00,N,N4,102.10955558340734
2017-03-04T18:00:00,N,N4,106.12138108711258
2017-03-04T19:00:00,N,N4,106.99999999999996
2017-03-04T20:00:00,N,N4,106.99999999999996
2017-03-04T21:00:00,N,N4,97.0
2017-03-04T22:00:00,N,N4,87.0
2017-03-04T23:00:00,N,N4,81.99999999999994
2017-03-05T00:00:00,N,N4,76.0
2017-03-05T01:00:00,N,N4,76.0
2017-03-05T02:00:00,N,N4,72.0
2017-03-05T03:00:00,N,N4,72.0
2017-03-05T04:00:00,N,N4,72.0
2017-03-05T05:00:00,N,N4,72.0
2017-03-05T06:00:00,N,N4,71.0
2017-03-05T07:00:00,N,N4,71.0
2017-03-05T08:00:00,N,N4,86.64259706890621
2017-03-05T09:00:00,N,N4,90.0
2017-03-05T10:00:00,N,N4,90.0
2017-03-05T11:00:00,N,N4,95.0
2017-03-05T12:00:00,N,N4,95.0
2017-03-05T13:00:00,N,N4,88.99999999999999
2017-03-05T14:00:00,N,N4,100.8191288428709
2017-03-05T15:00:00,N,N4,101.59255693719064
2017-03-05T16:00:00,N,N4,102.76005233299752
2017-03-05T17:00:00,N,N4,106.38808787370505
2017-03-05T18:00:00,N,N4,110.45139179556736
2017-03-05T19:00:00,N,N4,110.99999999999996
2017-03-05T20:00:00,N,N4,116.0
2017-03-05T21:00:00,N,N4,113.00000000000004
2017-03-05T22:00:00,N,N4,106.99999999999996
2017-03-05T23:00:00,N,N4,92.0
2017-03-06T00:00:00,N,N4,79.0
2017-03-06T01:00:00,N,N4,74.00000000000003
2017-03-06T02:00:00,N,N4,70.00000000000003
2017-03-06T03:00:00,N,N4,70.00000000000003
2017-03-06T04:00:00,N,N4,69.00000000000001
2017-03-06T05:00:00,N,N4,70.00000000000003
2017-03-06T06:00:00,N,N4,81.00000000000003
2017-03-06T07:00:00,N,N4,82.00000000000001
2017-03-06T08:00:00,N,N4,110.00000000000004
2017-03-06T09:00:00,N,N4,110.99999999999996
2017-03-06T10:00:00,N,N4,124.00000000000004
2017-03-06T11:00:00,N,N4,133.0
2017-03-06T12:00:00,N,N4,126.0
2017-03-06T13:00:00,N,N4,118.00000000000004
2017-03-06T14:00:00,N,N4,137.00000000000003
2017-03-06T15:00:00,N,N4,131.99999999999997
2017-03-06T16:00:00,N,N4,138.99999999999997
2017-03-06T17:00:00,N,N4,144.0
2017-03-06T18:00:00,N,N4,164.00000000000006
2017-03-06T19:00:00,N,N4,164.51455733305474
2017-03-06T20:00:00,N,N4,171.53213640734648
2017-03-06T21:00:00,N,N4,160.5613529430266
2017-03-06T22:00:00,N,N4,149.21051822565445
2017-03-06T23:00:00,N,N4,141.56320324772065
2017-03-07T00:00:00,N,N4,134.88146527788209
2017-03-07T01:00:00,N,N4,131.3112688611277
2017-03-07T02:00:00,N,N4,130.00187718260528
2017-03-07T03:00:00,N,N4,129.99360332848977
2017-03-07T04:00:00,N,N4,129.99999999999997
2017-03-07T05:00:00,N,N4,130.3042052625504
2017-03-07T06:00:00,N,N4,138.3429754603359
2017-03-07T07:00:00,N,N4,142.99999999999994
2017-03-07T08:00:00,N,N4,162.88907545597093
2017-03-07T09:00:00,N,N4,167.56533154758174
2017-03-07T10:00:00,N,N4,172.07357070083756
2017-03-07T11:00:00,N,N4,180.0
2017-03-07T12:00:00,N,N4,165.46392419929833
2017-03-07T13:00:00,N,N4,156.94330910665246
2017-03-07T14:00:00,N,N4,168.92072518784195
2017-03-07T15:00:00,N,N4,167.36569165596072
2017-03-07T16:00:00,N,N4,166.5500540803621
2017-03-07T17:00:00,N,N4,168.82719034849285
2017-03-07T18:00:00,N,N4,171.63357730941487
2017-03-07T19:00:00,N,N4,169.55735331879882
2017-03-07T20:00:00,N,N4,173.73463198861987
2017-03-07T21:00:00,N,N4,160.234936469474
2017-03-07T22:00:00,N,N4,146.59341827744393
2017-03-07T23:00:00,N,N4,136.78366654352314
2017-03-08T00:00:00,N,N4,127.99999999999996
2017-03-08T01:00:00,N,N4,122.00000000000004
2017-03-08T02:00:00,N,N4,118.00000000000004
2017-03-08T03:00:00,N,N4,117.00000000000004
2017-03-08T04:00:00,N,N4,111.99999999999996
2017-03-08T05:00:00,N,N4,111.99999999999996
2017-03-08T06:00:00,N,N4,117.00000000000004
2017-03-08T07:00:00,N,N4,122.6122839255045
2017-03-08T08:00:00,N,N4,142.85173114568272
2017-03-08T09:00:00,N,N4,148.7782922068926
2017-03-08T10:00:00,N,N4,154.53127665964476
2017-03-08T11:00:00,N,N4,163.63425521117765
2017-03-08T12:00:00,N,N4,151.6814181838088
2017-03-08T13:00:00,N,N4,145.46259853061665
2017-03-08T14:00:00,N,N4,159.43516283773923
2017-03-08T15:00:00,N,N4,160.09943918258065
2017-03-08T16:00:00,N,N4,161.62809820220826
2017-03-08T17:00:00,N,N4,166.34357281426176
2017-03-08T18:00:00,N,N4,171.65533440991786
2017-03-08T19:00:00,N,N4,171.7113406031932
2017-03-08T20:00:00,N,N4,177.76959776220795
2017-03-08T21:00:00,N,N4,166.3392727716211
2017-03-08T22:00:00,N,N4,154.75210372087977
2017-03-08T23:00:00,N,N4,146.98715082693153
2017-03-09T00:00:00,N,N4,140.1548407255766
2017-03-09T01:00:00,N,N4,136.45065987868648
2017-03-09T02:00:00,N,N4,135.00000000000003
2017-03-09T03:00:00,N,N4,131.99999999999997
2017-03-09T04:00:00,N,N4,127.99999999999996
2017-03-09T05:00:00,N,N4,130.00000000000009
2017-03-09T06:00:00,N,N4,135.34558112205207
2017-03-09T07:00:00,N,N4,137.00000000000003
2017-03-09T08:00:00,N,N4,161.99999999999994
2017-03-09T09:00:00,N,N4,156.0
2017-03-09T10:00:00,N,N4,170.00000000000006
2017-03-09T11:00:00,N,N4,176.86432358217962
2017-03-09T12:00:00,N,N4,162.0676770650308
2017-03-09T13:00:00,N,N4,153.20969308958902
2017-03-09T14:00:00,N,N4,165.04632560836788
2017-03-09T15:00:00,N,N4,163.24020818458388
2017-03-09T16:00:00,N,N4,162.44367533400177
2017-03-09T17:00:00,N,N4,164.9265050794425
2017-03-09T18:00:00,N,N4,167.99999999999997
2017-03-09T19:00:00,N,N4,167.56104391901374
2017-03-09T20:00:00,N,N4,172.7725266826311
2017-03-09T21:00:00,N,N4,161.03509095548372
2017-03-09T22:00:00,N,N4,149.27774005685856
2017-03-09T23:00:00,N,N4,141.34939673550693
2017-03-10T00:00:00,N,N4,134.33177321096076
2017-03-10T01:00:00,N,N4,130.39528774827983
2017-03-10T02:00:00,N,N4,128.66395072438067
2017-03-10T03:00:00,N,N4,128.23354327417076
2017-03-10T04:00:00,N,N4,127.85006757482633
2017-03-10T05:00:00,N,N4,129.14561527287057
2017-03-10T06:00:00,N,N4,138.44594123774752
2017-03-10T07:00:00,N,N4,144.0
2017-03-10T08:00:00,N,N4,164.99999999999994
2017-03-10T09:00:00,N,N4,166.00000000000006
2017-03-10T10:00:00,N,N4,170.00000000000006
2017-03-10T11:00:00,N,N4,161.99999999999994
2017-03-10T12:00:00,N,N4,131.99999999999997
2017-03-10T13:00:00,N,N4,119.00000000000004
2017-03-10T14:00:00,N,N4,110.00000000000004
2017-03-10T15:00:00,N,N4,110.00000000000004
2017-03-10T16:00:00,N,N4,110.99999999999996
2017-03-10T17:00:00,N,N4,119.99999999999996
2017-03-10T18:00:00,N,N4,118.00000000000004
2017-03-10T19:00:00,N,N4,149.0
2017-03-10T20:00:00,N,N4,136.9999999999999
2017-03-10T21:00:00,N,N4,127.0
2017-03-10T22:00:00,N,N4,122.00000000000004
2017-03-10T23:00:00,N,N4,110.00000000000004
2017-03-11T00:00:00,N,N4,104.99999999999996
2017-03-11T01:00:00,N,N4,100.00000000000004
2017-03-11T02:00:00,N,N4,99.0
2017-03-11T03:00:00,N,N4,99.0
2017-03-11T04:00:00,N,N4,94.0
2017-03-11T05:00:00,N,N4,94.0
2017-03-11T06:00:00,N,N4,99.0
2017-03-11T07:00:00,N,N4,98.00000000000004
2017-03-11T08:00:00,N,N4,127.99999999999996
2017-03-11T09:00:00,N,N4,133.0
2017-03-11T10:00:00,N,N4,138.99999999999997
2017-03-11T11:00:00,N,N4,149.99999999999997
2017-03-11T12:00:00,N,N4,131.99999999999997
2017-03-11T13:00:00,N,N4,131.99999999999997
2017-03-11T14:00:00,N,N4,142.00000000000003
2017-03-11T15:00:00,N,N4,146.0
2017-03-11T16:00:00,N,N4,138.99999999999997
2017-03-11T17:00:00,N,N4,138.00000000000006
2017-03-11T18:00:00,N,N4,137.00000000000003
2017-03-11T19:00:00,N,N4,163.0
2017-03-11T20:00:00,N,N4,167.00000000000006
2017-03-11T21:00:00,N,N4,171.99999999999994
2017-03-11T22:00:00,N,N4,155.00000000000003
2017-03-11T23:00:00,N,N4,144.99999999999997
2017-03-12T00:00:00,N,N4,139.99999999999994
2017-03-12T01:00:00,N,N4,133.99999999999997
2017-03-12T02:00:00,N,N4,127.99999999999996
2017-03-12T03:00:00,N,N4,118.00000000000004
2017-03-12T04:00:00,N,N4,118.00000000000004
2017-03-12T05:00:00,N,N4,72.93413725393545
2017-03-12T06:00:00,N,N4,75.70610444626784
2017-03-12T07:00:00,N,N4,79.51382865066242
2017-03-12T08:00:00,N,N4,92.8876376582537
2017-03-12T09:00:00,N,N4,122.00000000000004
2017-03-12T10:00:00,N,N4,141.00000000000003
2017-03-12T11:00:00,N,N4,156.0
2017-03-12T12:00:00,N,N4,144.99999999999997
2017-03-12T13:00:00,N,N4,79.0
2017-03-12T14:00:00,N,N4,92.11783586899251
2017-03-12T15:00:00,N,N4,94.0
2017-03-12T16:00:00,N,N4,90.99999999999996
2017-03-12T17:00:00,N,N4,94.0
2017-03-12T18:00:00,N,N4,110.00000000000004
2017-03-12T19:00:00,N,N4,135.00000000000003
2017-03-12T20:00:00,N,N4,129.99999999999997
2017-03-12T21:00:00,N,N4,108.99999999999996
2017-03-12T22:00:00,N,N4,108.00000000000004
2017-03-12T23:00:00,N,N4,92.0
2017-03-13T00:00:00,N,N4,92.0
2017-03-13T01:00:00,N,N4,92.0
2017-03-13T02:00:00,N,N4,92.0
2017-03-13T03:00:00,N,N4,92.0
2017-03-13T04:00:00,N,N4,92.0
2017-03-13T05:00:00,N,N4,87.0
2017-03-13T06:00:00,N,N4,108.99999999999996
2017-03-13T07:00:00,N,N4,104.0
2017-03-13T08:00:00,N,N4,137.00000000000003
2017-03-13T09:00:00,N,N4,139.99999999999994
2017-03-13T10:00:00,N,N4,101.99999999999996
2017-03-13T11:00:00,N,N4,139.99999999999994
2017-03-13T12:00:00,N,N4,137.00000000000003
2017-03-13T13:00:00,N,N4,115.0
2017-03-13T14:00:00,N,N4,131.99999999999997
2017-03-13T15:00:00,N,N4,131.99999999999997
2017-03-13T16:00:00,N,N4,138.99999999999997
2017-03-13T17:00:00,N,N4,137.00000000000003
2017-03-13T18:00:00,N,N4,135.00000000000003
2017-03-13T19:00:00,N,N4,175.00000000000009
2017-03-13T20:00:00,N,N4,161.00000000000003
2017-03-13T21:00:00,N,N4,144.0
2017-03-13T22:00:00,N,N4,122.00000000000004
2017-03-13T23:00:00,N,N4,110.00000000000004
2017-03-14T00:00:00,N,N4,103.0000000000001
2017-03-14T01:00:00,N,N4,103.0
2017-03-14T02:00:00,N,N4,101.00000000000004
2017-03-14T03:00:00,N,N4,103.0
2017-03-14T04:00:00,N,N4,103.0000000000001
2017-03-14T05:00:00,N,N4,103.0
2017-03-14T06:00:00,N,N4,121.00000000000004
2017-03-14T07:00:00,N,N4,119.00000000000004
2017-03-14T08:00:00,N,N4,149.99999999999997
2017-03-14T09:00:00,N,N4,133.0
2017-03-14T10:00:00,N,N4,135.00000000000003
2017-03-14T11:00:00,N,N4,138.99999999999997
2017-03-14T12:00:00,N,N4,137.00000000000003
2017-03-14T13:00:00,N,N4,127.0
2017-03-14T14:00:00,N,N4,149.0
2017-03-14T15:00:00,N,N4,152.99999999999997
2017-03-14T16:00:00,N,N4,149.99999999999997
2017-03-14T17:00:00,N,N4,142.00000000000003
2017-03-14T18:00:00,N,N4,155.00000000000003
2017-03-14T19:00:00,N,N4,166.27675891354636
2017-03-14T20:00:00,N,N4,182.0
2017-03-14T21:00:00,N,N4,161.99999999999994
2017-03-14T22:00:00,N,N4,152.0
2017-03-14T23:00:00,N,N4,142.00000000000003
2017-03-15T00:00:00,N,N4,131.99999999999997
2017-03-15T01:00:00,N,N4,119.99999999999996
2017-03-15T02:00:00,N,N4,116.0
2017-03-15T03:00:00,N,N4,116.0
2017-03-15T04:00:00,N,N4,116.0
2017-03-15T05:00:00,N,N4,116.0
2017-03-15T06:00:00,N,N4,131.99999999999997
2017-03-15T07:00:00,N,N4,125.00000000000004
2017-03-15T08:00:00,N,N4,151.0
2017-03-15T09:00:00,N,N4,154.00000000000006
2017-03-15T10:00:00,N,N4,155.00000000000003
2017-03-15T11:00:00,N,N4,169.0
2017-03-15T12:00:00,N,N4,154.00000000000006
2017-03-15T13:00:00,N,N4,146.99999999999997
2017-03-15T14:00:00,N,N4,176.99999999999994
2017-03-15T15:00:00,N,N4,166.00000000000006
2017-03-15T16:00:00,N,N4,161.99999999999994
2017-03-15T17:00:00,N,N4,152.0
2017-03-15T18:00:00,N,N4,146.0
2017-03-15T19:00:00,N,N4,182.0
2017-03-15T20:00:00,N,N4,182.0
2017-03-15T21:00:00,N,N4,170.2331935916792
2017-03-15T22:00:00,N,N4,159.09477982327846
2017-03-15T23:00:00,N,N4,152.0
2017-03-16T00:00:00,N,N4,142.00000000000003
2017-03-16T01:00:00,N,N4,136.00000000000006
2017-03-16T02:00:00,N,N4,118.00000000000004
2017-03-16T03:00:00,N,N4,104.99999999999996
2017-03-16T04:00:00,N,N4,92.0
2017-03-16T05:00:00,N,N4,85.00000000000001
2017-03-16T06:00:00,N,N4,85.00000000000001
2017-03-16T07:00:00,N,N4,100.00000000000004
2017-03-16T08:00:00,N,N4,113.00000000000004
2017-03-16T09:00:00,N,N4,116.0
2017-03-16T10:00:00,N,N4,125.00000000000004
2017-03-16T11:00:00,N,N4,138.00000000000006
2017-03-16T12:00:00,N,N4,124.00000000000004
2017-03-16T13:00:00,N,N4,104.0
2017-03-16T14:00:00,N,N4,127.99999999999996
2017-03-16T15:00:00,N,N4,138.00000000000006
2017-03-16T16:00:00,N,N4,142.00000000000003
2017-03-16T17:00:00,N,N4,142.00000000000003
2017-03-16T18:00:00,N,N4,119.99999999999996
2017-03-16T19:00:00,N,N4,131.99999999999997
2017-03-16T20:00:00,N,N4,110.99999999999996
2017-03-16T21:00:00,N,N4,100.00000000000004
2017-03-16T22:00:00,N,N4,90.99999999999996
2017-03-16T23:00:00,N,N4,81.00000000000003
2017-03-17T00:00:00,N,N4,81.00000000000003
2017-03-17T01:00:00,N,N4,79.99999999999997
2017-03-17T02:00:00,N,N4,79.99999999999997
2017-03-17T03:00:00,N,N4,79.99999999999997
2017-03-17T04:00:00,N,N4,79.30867067978383
2017-03-17T05:00:00,N,N4,79.99999999999997
2017-03-17T06:00:00,N,N4,90.99999999999996
2017-03-17T07:00:00,N,N4,100.00000000000004
2017-03-17T08:00:00,N,N4,135.00000000000003
2017-03-17T09:00:00,N,N4,149.0
2017-03-17T10:00:00,N,N4,146.99999999999997
2017-03-17T11:00:00,N,N4,144.0
2017-03-17T12:00:00,N,N4,125.00000000000004
2017-03-17T13:00:00,N,N4,103.18640971811944
2017-03-17T14:00:00,N,N4,101.0954130743312
2017-03-17T15:00:00,N,N4,87.0
2017-03-17T16:00:00,N,N4,93.84466753682383
2017-03-17T17:00:00,N,N4,104.55690925594288
2017-03-17T18:00:00,N,N4,116.04815975675216
2017-03-17T19:00:00,N,N4,119.99999999999996
2017-03-17T20:00:00,N,N4,110.00000000000004
2017-03-17T21:00:00,N,N4,95.0
2017-03-17T22:00:00,N,N4,85.99999999999997
2017-03-17T23:00:00,N,N4,78.0
2017-03-18T00:00:00,N,N4,72.0
2017-03-18T01:00:00,N,N4,70.00000000000003
2017-03-18T02:00:00,N,N4,68.00000000000001
2017-03-18T03:00:00,N,N4,65.99999999999997
2017-03-18T04:00:00,N,N4,65.99999999999997
2017-03-18T05:00:00,N,N4,65.99999999999997
2017-03-18T06:00:00,N,N4,93.39999999999998
2017-03-18T07:00:00,N,N4,81.00000000000003
2017-03-18T08:00:00,N,N4,97.0
2017-03-18T09:00:00,N,N4,97.0
2017-03-18T10:00:00,N,N4,97.0
2017-03-18T11:00:00,N,N4,97.0
2017-03-18T12:00:00,N,N4,88.99999999999999
2017-03-18T13:00:00,N,N4,83.99999999999999
2017-03-18T14:00:00,N,N4,88.99999999999999
2017-03-18T15:00:00,N,N4,88.99999999999999
2017-03-18T16:00:00,N,N4,93.00000000000004
2017-03-18T17:00:00,N,N4,92.0
2017-03-18T18:00:00,N,N4,104.0
2017-03-18T19:00:00,N,N4,131.99999999999997
2017-03-18T20:00:00,N,N4,118.00000000000004
2017-03-18T21:00:00,N,N4,97.0
2017-03-18T22:00:00,N,N4,87.0
2017-03-18T23:00:00,N,N4,83.00000000000003
2017-03-19T00:00:00,N,N4,74.99999999999997
2017-03-19T01:00:00,N,N4,72.99999999999999
2017-03-19T02:00:00,N,N4,71.0
2017-03-19T03:00:00,N,N4,65.99999999999997
2017-03-19T04:00:00,N,N4,63.99999999999998
2017-03-19T05:00:00,N,N4,62.99999999999999
2017-03-19T06:00:00,N,N4,70.00000000000003
2017-03-19T07:00:00,N,N4,66.99999999999997
2017-03-19T08:00:00,N,N4,81.99001727320496
2017-03-19T09:00:00,N,N4,86.32332152775781
2017-03-19T10:00:00,N,N4,90.0
2017-03-19T11:00:00,N,N4,97.15388829507428
2017-03-19T12:00:00,N,N4,86.15377429764851
2017-03-19T13:00:00,N,N4,79.99999999999997
2017-03-19T14:00:00,N,N4,93.71399932649436
2017-03-19T15:00:00,N,N4,95.61556695224012
2017-03-19T16:00:00,N,N4,99.5538901560963
2017-03-19T17:00:00,N,N4,107.63783601972632
2017-03-19T18:00:00,N,N4,116.0019839493118
2017-03-19T19:00:00,N,N4,116.0
2017-03-19T20:00:00,N,N4,116.0
2017-03-19T21:00:00,N,N4,101.99999999999996
2017-03-19T22:00:00,N,N4,96.0
2017-03-19T23:00:00,N,N4,85.00000000000001
2017-03-20T00:00:00,N,N4,79.99999999999997
2017-03-20T01:00:00,N,N4,77.00000000000001
2017-03-20T02:00:00,N,N4,74.99999999999997
2017-03-20T03:00:00,N,N4,79.99999999999999
2017-03-20T04:00:00,N,N4,78.91666666666667
2017-03-20T05:00:00,N,N4,79.16666666666667
2017-03-20T06:00:00,N,N4,85.00000000000001
2017-03-20T07:00:00,N,N4,77.00000000000001
2017-03-20T08:00:00,N,N4,95.0
2017-03-20T09:00:00,N,N4,101.00000000000004
2017-03-20T10:00:00,N,N4,100.00000000000004
2017-03-20T11:00:00,N,N4,118.00000000000004
2017-03-20T12:00:00,N,N4,90.99999999999996
2017-03-20T13:00:00,N,N4,90.99999999999996
2017-03-20T14:00:00,N,N4,98.00000000000004
2017-03-20T15:00:00,N,N4,97.0
2017-03-20T16:00:00,N,N4,98.00000000000004
2017-03-20T17:00:00,N,N4,144.0
2017-03-20T18:00:00,N,N4,155.00000000000003
2017-03-20T19:00:00,N,N4,182.0000000000001
2017-03-20T20:00:00,N,N4,175.99999999999991
2017-03-20T21:00:00,N,N4,166.00000000000006
2017-03-20T22:00:00,N,N4,147.99999999999994
2017-03-20T23:00:00,N,N4,128.99999999999997
2017-03-21T00:00:00,N,N4,119.00000000000004
2017-03-21T01:00:00,N,N4,117.00000000000004
2017-03-21T02:00:00,N,N4,104.99999999999996
2017-03-21T03:00:00,N,N4,105.99999999999996
2017-03-21T04:00:00,N,N4,104.99999999999996
2017-03-21T05:00:00,N,N4,110.99999999999989
2017-03-21T06:00:00,N,N4,116.0
2017-03-21T07:00:00,N,N4,127.0
2017-03-21T08:00:00,N,N4,139.99999999999994
2017-03-21T09:00:00,N,N4,144.0
2017-03-21T10:00:00,N,N4,138.00000000000006
2017-03-21T11:00:00,N,N4,146.0
2017-03-21T12:00:00,N,N4,137.00000000000003
2017-03-21T13:00:00,N,N4,121.00000000000004
2017-03-21T14:00:00,N,N4,113.00000000000004
2017-03-21T15:00:00,N,N4,138.00000000000006
2017-03-21T16:00:00,N,N4,138.00000000000006
2017-03-21T17:00:00,N,N4,136.00000000000006
2017-03-21T18:00:00,N,N4,131.99999999999997
2017-03-21T19:00:00,N,N4,156.0
2017-03-21T20:00:00,N,N4,156.0
2017-03-21T21:00:00,N,N4,152.0
2017-03-21T22:00:00,N,N4,136.00000000000006
2017-03-21T23:00:00,N,N4,125.00000000000004
2017-03-22T00:00:00,N,N4,113.00000000000004
2017-03-22T01:00:00,N,N4,108.00000000000004
2017-03-22T02:00:00,N,N4,104.99999999999996
2017-03-22T03:00:00,N,N4,96.99999999999991
2017-03-22T04:00:00,N,N4,97.0
2017-03-22T05:00:00,N,N4,97.0
2017-03-22T06:00:00,N,N4,104.0
2017-03-22T07:00:00,N,N4,122.99999999999994
2017-03-22T08:00:00,N,N4,128.99999999999997
2017-03-22T09:00:00,N,N4,129.99999999999997
2017-03-22T10:00:00,N,N4,136.00000000000006
2017-03-22T11:00:00,N,N4,146.0
2017-03-22T12:00:00,N,N4,128.99999999999997
2017-03-22T13:00:00,N,N4,124.00000000000004
2017-03-22T14:00:00,N,N4,149.99999999999997
2017-03-22T15:00:00,N,N4,146.99999999999997
2017-03-22T16:00:00,N,N4,142.00000000000003
2017-03-22T17:00:00,N,N4,144.99999999999997
2017-03-22T18:00:00,N,N4,151.0
2017-03-22T19:00:00,N,N4,164.00000000000006
2017-03-22T20:00:00,N,N4,155.00000000000003
2017-03-22T21:00:00,N,N4,144.0
2017-03-22T22:00:00,N,N4,131.99999999999997
2017-03-22T23:00:00,N,N4,121.00000000000004
2017-03-23T00:00:00,N,N4,108.00000000000004
2017-03-23T01:00:00,N,N4,101.99999999999996
2017-03-23T02:00:00,N,N4,101.99999999999996
2017-03-23T03:00:00,N,N4,102.00000000000004
2017-03-23T04:00:00,N,N4,101.99999999999996
2017-03-23T05:00:00,N,N4,102.00000000000004
2017-03-23T06:00:00,N,N4,106.99999999999996
2017-03-23T07:00:00,N,N4,118.00000000000004
2017-03-23T08:00:00,N,N4,136.00000000000006
2017-03-23T09:00:00,N,N4,135.00000000000003
2017-03-23T10:00:00,N,N4,147.99999999999994
2017-03-23T11:00:00,N,N4,155.00000000000003
2017-03-23T12:00:00,N,N4,133.0
2017-03-23T13:00:00,N,N4,133.0
2017-03-23T14:00:00,N,N4,164.00000000000006
2017-03-23T15:00:00,N,N4,159.0
2017-03-23T16:00:00,N,N4,156.99999999999994
2017-03-23T17:00:00,N,N4,156.99999999999994
2017-03-23T18:00:00,N,N4,143.00000000000009
2017-03-23T19:00:00,N,N4,169.0
2017-03-23T20:00:00,N,N4,155.00000000000003
2017-03-23T21:00:00,N,N4,144.0
2017-03-23T22:00:00,N,N4,128.99999999999997
2017-03-23T23:00:00,N,N4,117.00000000000004
2017-03-24T00:00:00,N,N4,101.99999999999996
2017-03-24T01:00:00,N,N4,101.00000000000004
2017-03-24T02:00:00,N,N4,98.00000000000004
2017-03-24T03:00:00,N,N4,98.00000000000004
2017-03-24T04:00:00,N,N4,94.0
2017-03-24T05:00:00,N,N4,94.0
2017-03-24T06:00:00,N,N4,105.99999999999996
2017-03-24T07:00:00,N,N4,119.00000000000004
2017-03-24T08:00:00,N,N4,138.99999999999997
2017-03-24T09:00:00,N,N4,144.0
2017-03-24T10:00:00,N,N4,144.99999999999997
2017-03-24T11:00:00,N,N4,149.0
2017-03-24T12:00:00,N,N4,118.00000000000004
2017-03-24T13:00:00,N,N4,111.99999999999996
2017-03-24T14:00:00,N,N4,127.99999999999996
2017-03-24T15:00:00,N,N4,131.99999999999997
2017-03-24T16:00:00,N,N4,131.99999999999997
2017-03-24T17:00:00,N,N4,137.00000000000003
2017-03-24T18:00:00,N,N4,125.00000000000004
2017-03-24T19:00:00,N,N4,122.00000000000004
2017-03-24T20:00:00,N,N4,142.00000000000003
2017-03-24T21:00:00,N,N4,115.0
2017-03-24T22:00:00,N,N4,110.00000000000004
2017-03-24T23:00:00,N,N4,104.99999999999996
2017-03-25T00:00:00,N,N4,95.0
2017-03-25T01:00:00,N,N4,95.0
2017-03-25T02:00:00,N,N4,90.0
2017-03-25T03:00:00,N,N4,90.0
2017-03-25T04:00:00,N,N4,90.0
2017-03-25T05:00:00,N,N4,90.0
2017-03-25T06:00:00,N,N4,97.0
2017-03-25T07:00:00,N,N4,104.0
2017-03-25T08:00:00,N,N4,124.00000000000004
2017-03-25T09:00:00,N,N4,130.99999999999994
2017-03-25T10:00:00,N,N4,135.00000000000003
2017-03-25T11:00:00,N,N4,137.00000000000003
2017-03-25T12:00:00,N,N4,121.00000000000004
2017-03-25T13:00:00,N,N4,116.0
2017-03-25T14:00:00,N,N4,122.00000000000004
2017-03-25T15:00:00,N,N4,122.00000000000004
2017-03-25T16:00:00,N,N4,116.0
2017-03-25T17:00:00,N,N4,110.00000000000004
2017-03-25T18:00:00,N,N4,113.00000000000004
2017-03-25T19:00:00,N,N4,142.00000000000003
2017-03-25T20:00:00,N,N4,142.00000000000003
2017-03-25T21:00:00,N,N4,119.99999999999996
2017-03-25T22:00:00,N,N4,115.0
2017-03-25T23:00:00,N,N4,110.00000000000004
2017-03-26T00:00:00,N,N4,104.0
2017-03-26T01:00:00,N,N4,92.0
2017-03-26T02:00:00,N,N4,92.0
2017-03-26T03:00:00,N,N4,92.0
2017-03-26T04:00:00,N,N4,92.0
2017-03-26T05:00:00,N,N4,88.00000000000003
2017-03-26T06:00:00,N,N4,88.00000000000003
2017-03-26T07:00:00,N,N4,92.0
2017-03-26T08:00:00,N,N4,92.0
2017-03-26T09:00:00,N,N4,93.00000000000004
2017-03-26T10:00:00,N,N4,95.0
2017-03-26T11:00:00,N,N4,95.0
2017-03-26T12:00:00,N,N4,88.99999999999999
2017-03-26T13:00:00,N,N4,79.0
2017-03-26T14:00:00,N,N4,93.40092187488716
2017-03-26T15:00:00,N,N4,95.66429202836704
2017-03-26T16:00:00,N,N4,100.73588826343251
2017-03-26T17:00:00,N,N4,111.42940818668222
2017-03-26T18:00:00,N,N4,121.00000000000004
2017-03-26T19:00:00,N,N4,121.00000000000004
2017-03-26T20:00:00,N,N4,101.00000000000004
2017-03-26T21:00:00,N,N4,96.0
2017-03-26T22:00:00,N,N4,83.00000000000003
2017-03-26T23:00:00,N,N4,83.00000000000003
2017-03-27T00:00:00,N,N4,78.0
2017-03-27T01:00:00,N,N4,78.0
2017-03-27T02:00:00,N,N4,78.0
2017-03-27T03:00:00,N,N4,78.0
2017-03-27T04:00:00,N,N4,78.0
2017-03-27T05:00:00,N,N4,78.0
2017-03-27T06:00:00,N,N4,88.99999999999999
2017-03-27T07:00:00,N,N4,103.0000000000001
2017-03-27T08:00:00,N,N4,116.0
2017-03-27T09:00:00,N,N4,130.99999999999994
2017-03-27T10:00:00,N,N4,137.00000000000003
2017-03-27T11:00:00,N,N4,142.99999999999994
2017-03-27T12:00:00,N,N4,125.00000000000004
2017-03-27T13:00:00,N,N4,118.00000000000004
2017-03-27T14:00:00,N,N4,144.0
2017-03-27T15:00:00,N,N4,144.99999999999997
2017-03-27T16:00:00,N,N4,138.00000000000006
2017-03-27T17:00:00,N,N4,138.00000000000006
2017-03-27T18:00:00,N,N4,152.99999999999997
2017-03-27T19:00:00,N,N4,142.00000000000003
2017-03-27T20:00:00,N,N4,138.00000000000006
2017-03-27T21:00:00,N,N4,127.99999999999996
2017-03-27T22:00:00,N,N4,113.00000000000004
2017-03-27T23:00:00,N,N4,108.00000000000004
2017-03-28T00:00:00,N,N4,103.0
2017-03-28T01:00:00,N,N4,100.00000000000004
2017-03-28T02:00:00,N,N4,98.00000000000004
2017-03-28T03:00:00,N,N4,98.00000000000004
2017-03-28T04:00:00,N,N4,98.00000000000004
2017-03-28T05:00:00,N,N4,98.00000000000004
2017-03-28T06:00:00,N,N4,103.0
2017-03-28T07:00:00,N,N4,104.99999999999989
2017-03-28T08:00:00,N,N4,127.0
2017-03-28T09:00:00,N,N4,137.00000000000003
2017-03-28T10:00:00,N,N4,144.0
2017-03-28T11:00:00,N,N4,151.0
2017-03-28T12:00:00,N,N4,131.99999999999997
2017-03-28T13:00:00,N,N4,118.00000000000004
2017-03-28T14:00:00,N,N4,141.00000000000003
2017-03-28T15:00:00,N,N4,133.99999999999997
2017-03-28T16:00:00,N,N4,137.00000000000003
2017-03-28T17:00:00,N,N4,142.00000000000003
2017-03-28T18:00:00,N,N4,152.0
2017-03-28T19:00:00,N,N4,152.0
2017-03-28T20:00:00,N,N4,137.00000000000003
2017-03-28T21:00:00,N,N4,126.0
2017-03-28T22:00:00,N,N4,116.0
2017-03-28T23:00:00,N,N4,105.99999999999996
2017-03-29T00:00:00,N,N4,101.99999999999996
2017-03-29T01:00:00,N,N4,96.0
2017-03-29T02:00:00,N,N4,96.0
2017-03-29T03:00:00,N,N4,96.0
2017-03-29T04:00:00,N,N4,96.0
2017-03-29T05:00:00,N,N4,97.0
2017-03-29T06:00:00,N,N4,101.00000000000004
2017-03-29T07:00:00,N,N4,108.00000000000004
2017-03-29T08:00:00,N,N4,131.99999999999997
2017-03-29T09:00:00,N,N4,129.99999999999997
2017-03-29T10:00:00,N,N4,139.99999999999994
2017-03-29T11:00:00,N,N4,142.00000000000003
2017-03-29T12:00:00,N,N4,121.00000000000004
2017-03-29T13:00:00,N,N4,119.00000000000004
2017-03-29T14:00:00,N,N4,137.00000000000003
2017-03-29T15:00:00,N,N4,131.99999999999997
2017-03-29T16:00:00,N,N4,135.00000000000003
2017-03-29T17:00:00,N,N4,139.99999999999994
2017-03-29T18:00:00,N,N4,158.00000000000003
2017-03-29T19:00:00,N,N4,149.0
2017-03-29T20:00:00,N,N4,133.99999999999997
2017-03-29T21:00:00,N,N4,122.00000000000004
2017-03-29T22:00:00,N,N4,108.00000000000004
2017-03-29T23:00:00,N,N4,104.0
2017-03-30T00:00:00,N,N4,98.00000000000004
2017-03-30T01:00:00,N,N4,94.0
2017-03-30T02:00:00,N,N4,90.99999999999996
2017-03-30T03:00:00,N,N4,88.00000000000003
2017-03-30T04:00:00,N,N4,90.0
2017-03-30T05:00:00,N,N4,96.0
2017-03-30T06:00:00,N,N4,97.0
2017-03-30T07:00:00,N,N4,105.99999999999996
2017-03-30T08:00:00,N,N4,115.0
2017-03-30T09:00:00,N,N4,115.0
2017-03-30T10:00:00,N,N4,126.0
2017-03-30T11:00:00,N,N4,133.0
2017-03-30T12:00:00,N,N4,115.0
2017-03-30T13:00:00,N,N4,110.99999999999996
2017-03-30T14:00:00,N,N4,131.99999999999997
2017-03-30T15:00:00,N,N4,129.99999999999997
2017-03-30T16:00:00,N,N4,129.99999999999997
2017-03-30T17:00:00,N,N4,133.0
2017-03-30T18:00:00,N,N4,161.99999999999994
2017-03-30T19:00:00,N,N4,149.0
2017-03-30T20:00:00,N,N4,133.0
2017-03-30T21:00:00,N,N4,115.0
2017-03-30T22:00:00,N,N4,104.99999999999989
2017-03-30T23:00:00,N,N4,99.0
2017-03-31T00:00:00,N,N4,90.99999999999996
2017-03-31T01:00:00,N,N4,88.00000000000003
2017-03-31T02:00:00,N,N4,85.00000000000001
2017-03-31T03:00:00,N,N4,85.00000000000001
2017-03-31T04:00:00,N,N4,82.00000000000001
2017-03-31T05:00:00,N,N4,90.99999999999996
2017-03-31T06:00:00,N,N4,93.00000000000004
2017-03-31T07:00:00,N,N4,97.0
2017-03-31T08:00:00,N,N4,115.0
2017-03-31T09:00:00,N,N4,114.00000000000004
2017-03-31T10:00:00,N,N4,119.99999999999996
2017-03-31T11:00:00,N,N4,136.00000000000006
2017-03-31T12:00:00,N,N4,121.00000000000004
2017-03-31T13:00:00,N,N4,106.99999999999996
2017-03-31T14:00:00,N,N4,119.99999999999996
2017-03-31T15:00:00,N,N4,118.00000000000004
2017-03-31T16:00:00,N,N4,126.0
2017-03-31T17:00:00,N,N4,125.00000000000004
2017-03-31T18:00:00,N,N4,142.99999999999994
2017-03-31T19:00:00,N,N4,133.0
2017-03-31T20:00:00,N,N4,122.99999999999994
2017-03-31T21:00:00,N,N4,108.00000000000004
2017-03-31T22:00:00,N,N4,103.0
2017-03-31T23:00:00,N,N4,93.00000000000004
2017-04-01T00:00:00,N,N4,
2017-04-01T01:00:00,N,N4,
2017-04-01T02:00:00,N,N4,
2017-04-01T03:00:00,N,N4,
2017-04-01T04:00:00,N,N4,
2017-04-01T05:00:00,N,N4,
2017-04-01T06:00:00,N,N4,
2017-04-01T07:00:00,N,N4,
2017-04-01T08:00:00,N,N4,
2017-04-01T09:00:00,N,N4,
2017-04-01T10:00:00,N,N4,
2017-04-01T11:00:00,N,N4,
2017-04-01T12:00:00,N,N4,
2017-04-01T13:00:00,N,N4,
2017-04-01T14:00:00,N,N4,
2017-04-01T15:00:00,N,N4,
2017-04-01T16:00:00,N,N4,
2017-04-01T17:00:00,N,N4,
2017-04-01T18:00:00,N,N4,
2017-04-01T19:00:00,N,N4,
2017-04-01T20:00:00,N,N4,
2017-04-01T21:00:00,N,N4,
2017-04-01T22:00:00,N,N4,
2017-04-01T23:00:00,N,N4,
2017-04-02T00:00:00,N,N4,
2017-04-02T01:00:00,N,N4,
2017-04-02T02:00:00,N,N4,
2017-04-02T03:00:00,N,N4,
2017-04-02T04:00:00,N,N4,
2017-04-02T05:00:00,N,N4,
2017-04-02T06:00:00,N,N4,
2017-04-02T07:00:00,N,N4,
2017-04-02T08:00:00,N,N4,
2017-04-02T09:00:00,N,N4,
2017-04-02T10:00:00,N,N4,
2017-04-02T11:00:00,N,N4,
2017-04-02T12:00:00,N,N4,
2017-04-02T13:00:00,N,N4,
2017-04-02T14:00:00,N,N4,
2017-04-02T15:00:00,N,N4,
2017-04-02T16:00:00,N,N4,
2017-04-02T17:00:00,N,N4,
2017-04-02T18:00:00,N,N4,
2017-04-02T19:00:00,N,N4,
2017-04-02T20:00:00,N,N4,
2017-04-02T21:00:00,N,N4,
2017-04-02T22:00:00,N,N4,
2017-04-02T23:00:00,N,N4,
2017-04-03T00:00:00,N,N4,
2017-04-03T01:00:00,N,N4,
2017-04-03T02:00:00,N,N4,
2017-04-03T03:00:00,N,N4,
2017-04-03T04:00:00,N,N4,
2017-04-03T05:00:00,N,N4,
2017-04-03T06:00:00,N,N4,
2017-04-03T07:00:00,N,N4,
2017-04-03T08:00:00,N,N4,
2017-04-03T09:00:00,N,N4,
2017-04-03T10:00:00,N,N4,
2017-04-03T11:00:00,N,N4,
2017-04-03T12:00:00,N,N4,
2017-04-03T13:00:00,N,N4,
2017-04-03T14:00:00,N,N4,
2017-04-03T15:00:00,N,N4,
2017-04-03T16:00:00,N,N4,
2017-04-03T17:00:00,N,N4,
2017-04-03T18:00:00,N,N4,
2017-04-03T19:00:00,N,N4,
2017-04-03T20:00:00,N,N4,
2017-04-03T21:00:00,N,N4,
2017-04-03T22:00:00,N,N4,
2017-04-03T23:00:00,N,N4,
2017-04-04T00:00:00,N,N4,131.99999999999997
2017-04-04T01:00:00,N,N4,122.99999999999994
2017-04-04T02:00:00,N,N4,119.99999999999996
2017-04-04T03:00:00,N,N4,119.99999999999996
2017-04-04T04:00:00,N,N4,120.51014270733955
2017-04-04T05:00:00,N,N4,122.69747084919578
2017-04-04T06:00:00,N,N4,134.42564028326012
2017-04-04T07:00:00,N,N4,140.32288853935077
2017-04-04T08:00:00,N,N4,158.49176016316
2017-04-04T09:00:00,N,N4,164.99999999999994
2017-04-04T10:00:00,N,N4,165.29346429606773
2017-04-04T11:00:00,N,N4,169.0
2017-04-04T12:00:00,N,N4,149.99999999999997
2017-04-04T13:00:00,N,N4,131.99999999999997
2017-04-04T14:00:00,N,N4,144.0
2017-04-04T15:00:00,N,N4,152.0
2017-04-04T16:00:00,N,N4,154.00000000000006
2017-04-04T17:00:00,N,N4,164.99999999999994
2017-04-04T18:00:00,N,N4,171.35712115217984
2017-04-04T19:00:00,N,N4,162.7892795185632
2017-04-04T20:00:00,N,N4,156.0
2017-04-04T21:00:00,N,N4,142.99999999999994
2017-04-04T22:00:00,N,N4,131.99999999999997
2017-04-04T23:00:00,N,N4,131.99999999999997
2017-04-05T00:00:00,N,N4,127.0
2017-04-05T01:00:00,N,N4,122.00000000000004
2017-04-05T02:00:00,N,N4,119.99999999999996
2017-04-05T03:00:00,N,N4,118.00000000000004
2017-04-05T04:00:00,N,N4,118.00000000000004
2017-04-05T05:00:00,N,N4,87.5
2017-04-05T06:00:00,N,N4,100.33333333333331
2017-04-05T07:00:00,N,N4,105.13435699379204
2017-04-05T08:00:00,N,N4,87.7166383286368
2017-04-05T09:00:00,N,N4,96.45963446543726
2017-04-05T10:00:00,N,N4,104.0
2017-04-05T11:00:00,N,N4,133.6361879342648
2017-04-05T12:00:00,N,N4,86.9814654862312
2017-04-05T13:00:00,N,N4,74.80621214787482
2017-04-05T14:00:00,N,N4,81.4295997248965
2017-04-05T15:00:00,N,N4,76.0
2017-04-05T16:00:00,N,N4,79.0
2017-04-05T17:00:00,N,N4,90.0
2017-04-05T18:00:00,N,N4,110.00000000000004
2017-04-05T19:00:00,N,N4,104.99999999999996
2017-04-05T20:00:00,N,N4,85.00000000000001
2017-04-05T21:00:00,N,N4,76.0
2017-04-05T22:00:00,N,N4,65.99999999999997
2017-04-05T23:00:00,N,N4,61.00000000000001
2017-04-06T00:00:00,N,N4,59.99999999999999
2017-04-06T01:00:00,N,N4,56.00000000000002
2017-04-06T02:00:00,N,N4,56.00000000000002
2017-04-06T03:00:00,N,N4,56.00000000000002
2017-04-06T04:00:00,N,N4,56.00000000000002
2017-04-06T05:00:00,N,N4,59.99999999999999
2017-04-06T06:00:00,N,N4,72.99999999999999
2017-04-06T07:00:00,N,N4,77.00000000000001
2017-04-06T08:00:00,N,N4,93.00000000000004
2017-04-06T09:00:00,N,N4,99.0
2017-04-06T10:00:00,N,N4,105.99999999999996
2017-04-06T11:00:00,N,N4,124.00000000000004
2017-04-06T12:00:00,N,N4,90.99999999999996
2017-04-06T13:00:00,N,N4,79.99999999999997
2017-04-06T14:00:00,N,N4,103.0
2017-04-06T15:00:00,N,N4,101.00000000000004
2017-04-06T16:00:00,N,N4,100.00000000000004
2017-04-06T17:00:00,N,N4,98.00000000000004
2017-04-06T18:00:00,N,N4,125.00000000000004
2017-04-06T19:00:00,N,N4,118.00000000000004
2017-04-06T20:00:00,N,N4,96.0
2017-04-06T21:00:00,N,N4,85.99999999999997
2017-04-06T22:00:00,N,N4,82.00000000000001
2017-04-06T23:00:00,N,N4,76.0
2017-04-07T00:00:00,N,N4,72.0
2017-04-07T01:00:00,N,N4,65.99999999999997
2017-04-07T02:00:00,N,N4,59.99999999999999
2017-04-07T03:00:00,N,N4,59.99999999999999
2017-04-07T04:00:00,N,N4,62.00000000000001
2017-04-07T05:00:00,N,N4,66.99999999999997
2017-04-07T06:00:00,N,N4,77.00000000000001
2017-04-07T07:00:00,N,N4,83.00000000000003
2017-04-07T08:00:00,N,N4,95.0
2017-04-07T09:00:00,N,N4,99.0
2017-04-07T10:00:00,N,N4,96.0
2017-04-07T11:00:00,N,N4,104.0
2017-04-07T12:00:00,N,N4,88.99999999999999
2017-04-07T13:00:00,N,N4,77.00000000000001
2017-04-07T14:00:00,N,N4,99.0
2017-04-07T15:00:00,N,N4,100.00000000000004
2017-04-07T16:00:00,N,N4,95.0
2017-04-07T17:00:00,N,N4,108.99999999999996
2017-04-07T18:00:00,N,N4,127.0
2017-04-07T19:00:00,N,N4,116.0
2017-04-07T20:00:00,N,N4,104.99999999999996
2017-04-07T21:00:00,N,N4,94.0
2017-04-07T22:00:00,N,N4,85.00000000000001
2017-04-07T23:00:00,N,N4,81.00000000000003
2017-04-08T00:00:00,N,N4,
2017-04-08T01:00:00,N,N4,
2017-04-08T02:00:00,N,N4,
2017-04-08T03:00:00,N,N4,
2017-04-08T04:00:00,N,N4,
2017-04-08T05:00:00,N,N4,
2017-04-08T06:00:00,N,N4,
2017-04-08T07:00:00,N,N4,
2017-04-08T08:00:00,N,N4,
2017-04-08T09:00:00,N,N4,
2017-04-08T10:00:00,N,N4,
2017-04-08T11:00:00,N,N4,
2017-04-08T12:00:00,N,N4,
2017-04-08T13:00:00,N,N4,
2017-04-08T14:00:00,N,N4,
2017-04-08T15:00:00,N,N4,
2017-04-08T16:00:00,N,N4,
2017-04-08T17:00:00,N,N4,
2017-04-08T18:00:00,N,N4,
2017-04-08T19:00:00,N,N4,
2017-04-08T20:00:00,N,N4,
2017-04-08T21:00:00,N,N4,
2017-04-08T22:00:00,N,N4,
2017-04-08T23:00:00,N,N4,
2017-04-09T00:00:00,N,N4,
2017-04-09T01:00:00,N,N4,
2017-04-09T02:00:00,N,N4,
2017-04-09T03:00:00,N,N4,
2017-04-09T04:00:00,N,N4,
2017-04-09T05:00:00,N,N4,
2017-04-09T06:00:00,N,N4,
2017-04-09T07:00:00,N,N4,
2017-04-09T08:00:00,N,N4,
2017-04-09T09:00:00,N,N4,
2017-04-09T10:00:00,N,N4,
2017-04-09T11:00:00,N,N4,
2017-04-09T12:00:00,N,N4,
2017-04-09T13:00:00,N,N4,
2017-04-09T14:00:00,N,N4,
2017-04-09T15:00:00,N,N4,
2017-04-09T16:00:00,N,N4,
2017-04-09T17:00:00,N,N4,
2017-04-09T18:00:00,N,N4,
2017-04-09T19:00:00,N,N4,
2017-04-09T20:00:00,N,N4,
2017-04-09T21:00:00,N,N4,
2017-04-09T22:00:00,N,N4,
2017-04-09T23:00:00,N,N4,
2017-04-10T00:00:00,N,N4,
2017-04-10T01:00:00,N,N4,
2017-04-10T02:00:00,N,N4,
2017-04-10T03:00:00,N,N4,
2017-04-10T04:00:00,N,N4,
2017-04-10T05:00:00,N,N4,
2017-04-10T06:00:00,N,N4,
2017-04-10T07:00:00,N,N4,
2017-04-10T08:00:00,N,N4,
2017-04-10T09:00:00,N,N4,
2017-04-10T10:00:00,N,N4,
2017-04-10T11:00:00,N,N4,
2017-04-10T12:00:00,N,N4,
2017-04-10T13:00:00,N,N4,
2017-04-10T14:00:00,N,N4,
2017-04-10T15:00:00,N,N4,
2017-04-10T16:00:00,N,N4,
2017-04-10T17:00:00,N,N4,
2017-04-10T18:00:00,N,N4,
2017-04-10T19:00:00,N,N4,
2017-04-10T20:00:00,N,N4,
2017-04-10T21:00:00,N,N4,
2017-04-10T22:00:00,N,N4,
2017-04-10T23:00:00,N,N4,
2017-04-11T00:00:00,N,N4,66.99999999999997
2017-04-11T01:00:00,N,N4,66.99999999999997
2017-04-11T02:00:00,N,N4,64.99999999999999
2017-04-11T03:00:00,N,N4,64.99999999999999
2017-04-11T04:00:00,N,N4,64.99999999999999
2017-04-11T05:00:00,N,N4,64.99999999999999
2017-04-11T06:00:00,N,N4,78.0
2017-04-11T07:00:00,N,N4,77.00000000000001
2017-04-11T08:00:00,N,N4,88.00000000000003
2017-04-11T09:00:00,N,N4,92.0
2017-04-11T10:00:00,N,N4,92.0
2017-04-11T11:00:00,N,N4,98.00000000000004
2017-04-11T12:00:00,N,N4,83.99999999999999
2017-04-11T13:00:00,N,N4,76.0
2017-04-11T14:00:00,N,N4,83.99999999999999
2017-04-11T15:00:00,N,N4,85.99999999999997
2017-04-11T16:00:00,N,N4,88.99999999999999
2017-04-11T17:00:00,N,N4,100.00000000000004
2017-04-11T18:00:00,N,N4,126.0
2017-04-11T19:00:00,N,N4,104.99999999999996
2017-04-11T20:00:00,N,N4,101.00000000000004
2017-04-11T21:00:00,N,N4,90.99999999999996
2017-04-11T22:00:00,N,N4,81.00000000000003
2017-04-11T23:00:00,N,N4,76.0
2017-04-12T00:00:00,N,N4,70.00000000000003
2017-04-12T01:00:00,N,N4,64.99999999999999
2017-04-12T02:00:00,N,N4,64.99999999999999
2017-04-12T03:00:00,N,N4,64.99999999999999
2017-04-12T04:00:00,N,N4,64.99999999999999
2017-04-12T05:00:00,N,N4,64.99999999999999
2017-04-12T06:00:00,N,N4,81.00000000000003
2017-04-12T07:00:00,N,N4,83.00000000000003
2017-04-12T08:00:00,N,N4,96.0
2017-04-12T09:00:00,N,N4,88.99999999999999
2017-04-12T10:00:00,N,N4,93.00000000000004
2017-04-12T11:00:00,N,N4,92.0
2017-04-12T12:00:00,N,N4,88.00000000000003
2017-04-12T13:00:00,N,N4,83.00000000000003
2017-04-12T14:00:00,N,N4,92.0
2017-04-12T15:00:00,N,N4,78.0
2017-04-12T16:00:00,N,N4,83.99999999999999
2017-04-12T17:00:00,N,N4,100.00000000000004
2017-04-12T18:00:00,N,N4,124.00000000000004
2017-04-12T19:00:00,N,N4,111.99999999999996
2017-04-12T20:00:00,N,N4,90.0
2017-04-12T21:00:00,N,N4,79.0
2017-04-12T22:00:00,N,N4,74.00000000000003
2017-04-12T23:00:00,N,N4,68.00000000000001
2017-04-13T00:00:00,N,N4,62.99999999999999
2017-04-13T01:00:00,N,N4,62.99999999999999
2017-04-13T02:00:00,N,N4,62.99999999999999
2017-04-13T03:00:00,N,N4,62.99999999999999
2017-04-13T04:00:00,N,N4,62.99999999999999
2017-04-13T05:00:00,N,N4,62.99999999999999
2017-04-13T06:00:00,N,N4,72.0
2017-04-13T07:00:00,N,N4,77.00000000000001
2017-04-13T08:00:00,N,N4,72.0
2017-04-13T09:00:00,N,N4,72.99999999999999
2017-04-13T10:00:00,N,N4,74.99999999999997
2017-04-13T11:00:00,N,N4,87.0
2017-04-13T12:00:00,N,N4,81.99999999999994
2017-04-13T13:00:00,N,N4,72.0
2017-04-13T14:00:00,N,N4,71.0
2017-04-13T15:00:00,N,N4,72.0
2017-04-13T16:00:00,N,N4,71.0
2017-04-13T17:00:00,N,N4,83.00000000000003
2017-04-13T18:00:00,N,N4,113.00000000000004
2017-04-13T19:00:00,N,N4,99.0
2017-04-13T20:00:00,N,N4,87.0
2017-04-13T21:00:00,N,N4,87.0
2017-04-13T22:00:00,N,N4,77.00000000000001
2017-04-13T23:00:00,N,N4,72.0
2017-04-14T00:00:00,N,N4,72.0
2017-04-14T01:00:00,N,N4,70.00000000000003
2017-04-14T02:00:00,N,N4,66.99999999999997
2017-04-14T03:00:00,N,N4,66.99999999999997
2017-04-14T04:00:00,N,N4,66.99999999999997
2017-04-14T05:00:00,N,N4,66.99999999999997
2017-04-14T06:00:00,N,N4,70.00000000000003
2017-04-14T07:00:00,N,N4,71.0
2017-04-14T08:00:00,N,N4,70.00000000000003
2017-04-14T09:00:00,N,N4,65.99999999999997
2017-04-14T10:00:00,N,N4,66.99999999999997
2017-04-14T11:00:00,N,N4,68.00000000000001
2017-04-14T12:00:00,N,N4,65.99999999999997
2017-04-14T13:00:00,N,N4,64.99999999999999
2017-04-14T14:00:00,N,N4,63.99999999999998
2017-04-14T15:00:00,N,N4,65.99999999999997
2017-04-14T16:00:00,N,N4,62.99999999999999
2017-04-14T17:00:00,N,N4,78.0
2017-04-14T18:00:00,N,N4,108.00000000000004
2017-04-14T19:00:00,N,N4,93.00000000000004
2017-04-14T20:00:00,N,N4,88.00000000000003
2017-04-14T21:00:00,N,N4,83.00000000000003
2017-04-14T22:00:00,N,N4,72.99999999999999
2017-04-14T23:00:00,N,N4,68.00000000000001
2017-04-15T00:00:00,N,N4,
2017-04-15T01:00:00,N,N4,
2017-04-15T02:00:00,N,N4,
2017-04-15T03:00:00,N,N4,
2017-04-15T04:00:00,N,N4,
2017-04-15T05:00:00,N,N4,
2017-04-15T06:00:00,N,N4,
2017-04-15T07:00:00,N,N4,
2017-04-15T08:00:00,N,N4,
2017-04-15T09:00:00,N,N4,
2017-04-15T10:00:00,N,N4,
2017-04-15T11:00:00,N,N4,
2017-04-15T12:00:00,N,N4,
2017-04-15T13:00:00,N,N4,
2017-04-15T14:00:00,N,N4,
2017-04-15T15:00:00,N,N4,
2017-04-15T16:00:00,N,N4,
2017-04-15T17:00:00,N,N4,
2017-04-15T18:00:00,N,N4,
2017-04-15T19:00:00,N,N4,
2017-04-15T20:00:00,N,N4,
2017-04-15T21:00:00,N,N4,
2017-04-15T22:00:00,N,N4,
2017-04-15T23:00:00,N,N4,
2017-04-16T00:00:00,N,N4,
2017-04-16T01:00:00,N,N4,
2017-04-16T02:00:00,N,N4,
2017-04-16T03:00:00,N,N4,
2017-04-16T04:00:00,N,N4,
2017-04-16T05:00:00,N,N4,
2017-04-16T06:00:00,N,N4,
2017-04-16T07:00:00,N,N4,
2017-04-16T08:00:00,N,N4,
2017-04-16T09:00:00,N,N4,
2017-04-16T10:00:00,N,N4,
2017-04-16T11:00:00,N,N4,
2017-04-16T12:00:00,N,N4,
2017-04-16T13:00:00,N,N4,
2017-04-16T14:00:00,N,N4,
2017-04-16T15:00:00,N,N4,
2017-04-16T16:00:00,N,N4,
2017-04-16T17:00:00,N,N4,
2017-04-16T18:00:00,N,N4,
2017-04-16T19:00:00,N,N4,
2017-04-16T20:00:00,N,N4,
2017-04-16T21:00:00,N,N4,
2017-04-16T22:00:00,N,N4,
2017-04-16T23:00:00,N,N4,
2017-04-17T00:00:00,N,N4,
2017-04-17T01:00:00,N,N4,
2017-04-17T02:00:00,N,N4,
2017-04-17T03:00:00,N,N4,
2017-04-17T04:00:00,N,N4,
2017-04-17T05:00:00,N,N4,
2017-04-17T06:00:00,N,N4,
2017-04-17T07:00:00,N,N4,
2017-04-17T08:00:00,N,N4,
2017-04-17T09:00:00,N,N4,
2017-04-17T10:00:00,N,N4,
2017-04-17T11:00:00,N,N4,
2017-04-17T12:00:00,N,N4,
2017-04-17T13:00:00,N,N4,
2017-04-17T14:00:00,N,N4,
2017-04-17T15:00:00,N,N4,
2017-04-17T16:00:00,N,N4,
2017-04-17T17:00:00,N,N4,
2017-04-17T18:00:00,N,N4,
2017-04-17T19:00:00,N,N4,
2017-04-17T20:00:00,N,N4,
2017-04-17T21:00:00,N,N4,
2017-04-17T22:00:00,N,N4,
2017-04-17T23:00:00,N,N4,
2017-04-18T00:00:00,N,N4,85.00000000000001
2017-04-18T01:00:00,N,N4,85.00000000000001
2017-04-18T02:00:00,N,N4,85.00000000000001
2017-04-18T03:00:00,N,N4,83.00000000000003
2017-04-18T04:00:00,N,N4,90.99999999999996
2017-04-18T05:00:00,N,N4,96.0
2017-04-18T06:00:00,N,N4,101.99999999999996
2017-04-18T07:00:00,N,N4,108.99999999999996
2017-04-18T08:00:00,N,N4,117.00000000000004
2017-04-18T09:00:00,N,N4,130.99999999999994
2017-04-18T10:00:00,N,N4,131.99999999999997
2017-04-18T11:00:00,N,N4,139.99999999999994
2017-04-18T12:00:00,N,N4,125.00000000000004
2017-04-18T13:00:00,N,N4,105.99999999999996
2017-04-18T14:00:00,N,N4,121.00000000000004
2017-04-18T15:00:00,N,N4,122.99999999999994
2017-04-18T16:00:00,N,N4,125.00000000000004
2017-04-18T17:00:00,N,N4,145.30786579194887
2017-04-18T18:00:00,N,N4,156.732175030767
2017-04-18T19:00:00,N,N4,149.99999999999997
2017-04-18T20:00:00,N,N4,129.99999999999997
2017-04-18T21:00:00,N,N4,119.00000000000004
2017-04-18T22:00:00,N,N4,110.99999999999996
2017-04-18T23:00:00,N,N4,104.99999999999989
2017-04-19T00:00:00,N,N4,100.00000000000004
2017-04-19T01:00:00,N,N4,93.00000000000004
2017-04-19T02:00:00,N,N4,93.00000000000004
2017-04-19T03:00:00,N,N4,93.00000000000004
2017-04-19T04:00:00,N,N4,100.00000000000004
2017-04-19T05:00:00,N,N4,101.99999999999996
2017-04-19T06:00:00,N,N4,111.99999999999996
2017-04-19T07:00:00,N,N4,117.00000000000004
2017-04-19T08:00:00,N,N4,133.99999999999997
2017-04-19T09:00:00,N,N4,133.99999999999997
2017-04-19T10:00:00,N,N4,131.99999999999997
2017-04-19T11:00:00,N,N4,142.99999999999994
2017-04-19T12:00:00,N,N4,131.99999999999997
2017-04-19T13:00:00,N,N4,108.00000000000004
2017-04-19T14:00:00,N,N4,127.0
2017-04-19T15:00:00,N,N4,133.0
2017-04-19T16:00:00,N,N4,138.99999999999997
2017-04-19T17:00:00,N,N4,144.99999999999997
2017-04-19T18:00:00,N,N4,143.80215731543598
2017-04-19T19:00:00,N,N4,125.00000000000004
2017-04-19T20:00:00,N,N4,115.0
2017-04-19T21:00:00,N,N4,108.00000000000004
2017-04-19T22:00:00,N,N4,103.0
2017-04-19T23:00:00,N,N4,98.00000000000004
2017-04-20T00:00:00,N,N4,94.0
2017-04-20T01:00:00,N,N4,83.99999999999999
2017-04-20T02:00:00,N,N4,83.99999999999999
2017-04-20T03:00:00,N,N4,83.99999999999999
2017-04-20T04:00:00,N,N4,83.99999999999999
2017-04-20T05:00:00,N,N4,85.00000000000001
2017-04-20T06:00:00,N,N4,85.00000000000001
2017-04-20T07:00:00,N,N4,99.0
2017-04-20T08:00:00,N,N4,116.0
2017-04-20T09:00:00,N,N4,127.99999999999996
2017-04-20T10:00:00,N,N4,130.00000000000009
2017-04-20T11:00:00,N,N4,127.0
2017-04-20T12:00:00,N,N4,105.99999999999996
2017-04-20T13:00:00,N,N4,90.99999999999996
2017-04-20T14:00:00,N,N4,99.0
2017-04-20T15:00:00,N,N4,101.99999999999996
2017-04-20T16:00:00,N,N4,118.00000000000004
2017-04-20T17:00:00,N,N4,146.0
2017-04-20T18:00:00,N,N4,133.0
2017-04-20T19:00:00,N,N4,111.99999999999996
2017-04-20T20:00:00,N,N4,97.0
2017-04-20T21:00:00,N,N4,96.0
2017-04-20T22:00:00,N,N4,90.99999999999996
2017-04-20T23:00:00,N,N4,85.99999999999997
2017-04-21T00:00:00,N,N4,81.00000000000003
2017-04-21T01:00:00,N,N4,81.00000000000003
2017-04-21T02:00:00,N,N4,81.00000000000003
2017-04-21T03:00:00,N,N4,79.99999999999997
2017-04-21T04:00:00,N,N4,79.99999999999997
2017-04-21T05:00:00,N,N4,79.99999999999997
2017-04-21T06:00:00,N,N4,97.0
2017-04-21T07:00:00,N,N4,108.00000000000004
2017-04-21T08:00:00,N,N4,119.00000000000004
2017-04-21T09:00:00,N,N4,126.0
2017-04-21T10:00:00,N,N4,135.00000000000003
2017-04-21T11:00:00,N,N4,142.99999999999994
2017-04-21T12:00:00,N,N4,126.0
2017-04-21T13:00:00,N,N4,113.00000000000004
2017-04-21T14:00:00,N,N4,125.00000000000004
2017-04-21T15:00:00,N,N4,119.00000000000004
2017-04-21T16:00:00,N,N4,130.99999999999994
2017-04-21T17:00:00,N,N4,154.00000000000006
2017-04-21T18:00:00,N,N4,151.0
2017-04-21T19:00:00,N,N4,130.99999999999994
2017-04-21T20:00:00,N,N4,111.99999999999996
2017-04-21T21:00:00,N,N4,106.99999999999996
2017-04-21T22:00:00,N,N4,94.0
2017-04-21T23:00:00,N,N4,88.99999999999999
2017-04-22T00:00:00,N,N4,
2017-04-22T01:00:00,N,N4,
2017-04-22T02:00:00,N,N4,
2017-04-22T03:00:00,N,N4,
2017-04-22T04:00:00,N,N4,
2017-04-22T05:00:00,N,N4,
2017-04-22T06:00:00,N,N4,
2017-04-22T07:00:00,N,N4,
2017-04-22T08:00:00,N,N4,
2017-04-22T09:00:00,N,N4,
2017-04-22T10:00:00,N,N4,
2017-04-22T11:00:00,N,N4,
2017-04-22T12:00:00,N,N4,
2017-04-22T13:00:00,N,N4,
2017-04-22T14:00:00,N,N4,
2017-04-22T15:00:00,N,N4,
2017-04-22T16:00:00,N,N4,
2017-04-22T17:00:00,N,N4,
2017-04-22T18:00:00,N,N4,
2017-04-22T19:00:00,N,N4,
2017-04-22T20:00:00,N,N4,
2017-04-22T21:00:00,N,N4,
2017-04-22T22:00:00,N,N4,
2017-04-22T23:00:00,N,N4,
2017-04-23T00:00:00,N,N4,
2017-04-23T01:00:00,N,N4,
2017-04-23T02:00:00,N,N4,
2017-04-23T03:00:00,N,N4,
2017-04-23T04:00:00,N,N4,
2017-04-23T05:00:00,N,N4,
2017-04-23T06:00:00,N,N4,
2017-04-23T07:00:00,N,N4,
2017-04-23T08:00:00,N,N4,
2017-04-23T09:00:00,N,N4,
2017-04-23T10:00:00,N,N4,
2017-04-23T11:00:00,N,N4,
2017-04-23T12:00:00,N,N4,
2017-04-23T13:00:00,N,N4,
2017-04-23T14:00:00,N,N4,
2017-04-23T15:00:00,N,N4,
2017-04-23T16:00:00,N,N4,
2017-04-23T17:00:00,N,N4,
2017-04-23T18:00:00,N,N4,
2017-04-23T19:00:00,N,N4,
2017-04-23T20:00:00,N,N4,
2017-04-23T21:00:00,N,N4,
2017-04-23T22:00:00,N,N4,
2017-04-23T23:00:00,N,N4,
2017-04-24T00:00:00,N,N4,
2017-04-24T01:00:00,N,N4,
2017-04-24T02:00:00,N,N4,
2017-04-24T03:00:00,N,N4,
2017-04-24T04:00:00,N,N4,
2017-04-24T05:00:00,N,N4,
2017-04-24T06:00:00,N,N4,
2017-04-24T07:00:00,N,N4,
2017-04-24T08:00:00,N,N4,
2017-04-24T09:00:00,N,N4,
2017-04-24T10:00:00,N,N4,
2017-04-24T11:00:00,N,N4,
2017-04-24T12:00:00,N,N4,
2017-04-24T13:00:00,N,N4,
2017-04-24T14:00:00,N,N4,
2017-04-24T15:00:00,N,N4,
2017-04-24T16:00:00,N,N4,
2017-04-24T17:00:00,N,N4,
2017-04-24T18:00:00,N,N4,
2017-04-24T19:00:00,N,N4,
2017-04-24T20:00:00,N,N4,
2017-04-24T21:00:00,N,N4,
2017-04-24T22:00:00,N,N4,
2017-04-24T23:00:00,N,N4,
2017-04-25T00:00:00,N,N4,93.00000000000004
2017-04-25T01:00:00,N,N4,90.99999999999996
2017-04-25T02:00:00,N,N4,92.0
2017-04-25T03:00:00,N,N4,90.0
2017-04-25T04:00:00,N,N4,90.0
2017-04-25T05:00:00,N,N4,104.0
2017-04-25T06:00:00,N,N4,114.00000000000004
2017-04-25T07:00:00,N,N4,108.99999999999989
2017-04-25T08:00:00,N,N4,125.00000000000004
2017-04-25T09:00:00,N,N4,122.00000000000004
2017-04-25T10:00:00,N,N4,122.00000000000004
2017-04-25T11:00:00,N,N4,122.99999999999994
2017-04-25T12:00:00,N,N4,108.99999999999996
2017-04-25T13:00:00,N,N4,103.0
2017-04-25T14:00:00,N,N4,110.00000000000004
2017-04-25T15:00:00,N,N4,110.99999999999996
2017-04-25T16:00:00,N,N4,117.00000000000004
2017-04-25T17:00:00,N,N4,133.99999999999997
2017-04-25T18:00:00,N,N4,114.00000000000004
2017-04-25T19:00:00,N,N4,114.00000000000004
2017-04-25T20:00:00,N,N4,100.00000000000004
2017-04-25T21:00:00,N,N4,76.0
2017-04-25T22:00:00,N,N4,76.0
2017-04-25T23:00:00,N,N4,76.0
2017-04-26T00:00:00,N,N4,71.0
2017-04-26T01:00:00,N,N4,71.0
2017-04-26T02:00:00,N,N4,71.0
2017-04-26T03:00:00,N,N4,68.00000000000001
2017-04-26T04:00:00,N,N4,68.00000000000001
2017-04-26T05:00:00,N,N4,68.00000000000001
2017-04-26T06:00:00,N,N4,92.0
2017-04-26T07:00:00,N,N4,95.0
2017-04-26T08:00:00,N,N4,121.00000000000004
2017-04-26T09:00:00,N,N4,127.0
2017-04-26T10:00:00,N,N4,135.00000000000003
2017-04-26T11:00:00,N,N4,146.99999999999997
2017-04-26T12:00:00,N,N4,127.0
2017-04-26T13:00:00,N,N4,110.99999999999996
2017-04-26T14:00:00,N,N4,127.99999999999996
2017-04-26T15:00:00,N,N4,125.00000000000004
2017-04-26T16:00:00,N,N4,133.99999999999997
2017-04-26T17:00:00,N,N4,141.00000000000003
2017-04-26T18:00:00,N,N4,164.99999999999994
2017-04-26T19:00:00,N,N4,138.99999999999997
2017-04-26T20:00:00,N,N4,122.00000000000004
2017-04-26T21:00:00,N,N4,117.00000000000004
2017-04-26T22:00:00,N,N4,106.99999999999996
2017-04-26T23:00:00,N,N4,101.99999999999996
2017-04-27T00:00:00,N,N4,97.0
2017-04-27T01:00:00,N,N4,97.0
2017-04-27T02:00:00,N,N4,96.99999999999991
2017-04-27T03:00:00,N,N4,96.99999999999991
2017-04-27T04:00:00,N,N4,97.0
2017-04-27T05:00:00,N,N4,97.0
2017-04-27T06:00:00,N,N4,103.0
2017-04-27T07:00:00,N,N4,115.0
2017-04-27T08:00:00,N,N4,118.00000000000004
2017-04-27T09:00:00,N,N4,127.99999999999996
2017-04-27T10:00:00,N,N4,128.99999999999997
2017-04-27T11:00:00,N,N4,129.99999999999997
2017-04-27T12:00:00,N,N4,118.00000000000004
2017-04-27T13:00:00,N,N4,101.99999999999996
2017-04-27T14:00:00,N,N4,127.99999999999996
2017-04-27T15:00:00,N,N4,126.0
2017-04-27T16:00:00,N,N4,122.99999999999994
2017-04-27T17:00:00,N,N4,173.00000000000006
2017-04-27T18:00:00,N,N4,163.0
2017-04-27T19:00:00,N,N4,127.99999999999996
2017-04-27T20:00:00,N,N4,121.00000000000004
2017-04-27T21:00:00,N,N4,116.0
2017-04-27T22:00:00,N,N4,103.0
2017-04-27T23:00:00,N,N4,96.99999999999991
2017-04-28T00:00:00,N,N4,97.0
2017-04-28T01:00:00,N,N4,92.0
2017-04-28T02:00:00,N,N4,92.0
2017-04-28T03:00:00,N,N4,92.0
2017-04-28T04:00:00,N,N4,92.0
2017-04-28T05:00:00,N,N4,92.0
2017-04-28T06:00:00,N,N4,117.00000000000004
2017-04-28T07:00:00,N,N4,126.0
2017-04-28T08:00:00,N,N4,133.0
2017-04-28T09:00:00,N,N4,142.99999999999994
2017-04-28T10:00:00,N,N4,141.00000000000003
2017-04-28T11:00:00,N,N4,146.99999999999997
2017-04-28T12:00:00,N,N4,121.00000000000004
2017-04-28T13:00:00,N,N4,108.00000000000004
2017-04-28T14:00:00,N,N4,114.00000000000004
2017-04-28T15:00:00,N,N4,121.00000000000004
2017-04-28T16:00:00,N,N4,126.0
2017-04-28T17:00:00,N,N4,171.99999999999994
2017-04-28T18:00:00,N,N4,171.99999999999994
2017-04-28T19:00:00,N,N4,138.00000000000006
2017-04-28T20:00:00,N,N4,127.0
2017-04-28T21:00:00,N,N4,117.00000000000004
2017-04-28T22:00:00,N,N4,105.99999999999996
2017-04-28T23:00:00,N,N4,105.99999999999996
2017-04-29T00:00:00,N,N4,
2017-04-29T01:00:00,N,N4,
2017-04-29T02:00:00,N,N4,
2017-04-29T03:00:00,N,N4,
2017-04-29T04:00:00,N,N4,
2017-04-29T05:00:00,N,N4,
2017-04-29T06:00:00,N,N4,
2017-04-29T07:00:00,N,N4,
2017-04-29T08:00:00,N,N4,
2017-04-29T09:00:00,N,N4,
2017-04-29T10:00:00,N,N4,
2017-04-29T11:00:00,N,N4,
2017-04-29T12:00:00,N,N4,
2017-04-29T13:00:00,N,N4,
2017-04-29T14:00:00,N,N4,
2017-04-29T15:00:00,N,N4,
2017-04-29T16:00:00,N,N4,
2017-04-29T17:00:00,N,N4,
2017-04-29T18:00:00,N,N4,
2017-04-29T19:00:00,N,N4,
2017-04-29T20:00:00,N,N4,
2017-04-29T21:00:00,N,N4,
2017-04-29T22:00:00,N,N4,
2017-04-29T23:00:00,N,N4,
2017-04-30T00:00:00,N,N4,
2017-04-30T01:00:00,N,N4,
2017-04-30T02:00:00,N,N4,
2017-04-30T03:00:00,N,N4,
2017-04-30T04:00:00,N,N4,
2017-04-30T05:00:00,N,N4,
2017-04-30T06:00:00,N,N4,
2017-04-30T07:00:00,N,N4,
2017-04-30T08:00:00,N,N4,
2017-04-30T09:00:00,N,N4,
2017-04-30T10:00:00,N,N4,
2017-04-30T11:00:00,N,N4,
2017-04-30T12:00:00,N,N4,
2017-04-30T13:00:00,N,N4,
2017-04-30T14:00:00,N,N4,
2017-04-30T15:00:00,N,N4,
2017-04-30T16:00:00,N,N4,
2017-04-30T17:00:00,N,N4,
2017-04-30T18:00:00,N,N4,
2017-04-30T19:00:00,N,N4,
2017-04-30T20:00:00,N,N4,
2017-04-30T21:00:00,N,N4,
2017-04-30T22:00:00,N,N4,
2017-04-30T23:00:00,N,N4,
2017-05-01T00:00:00,N,N4,69.00000000000001
2017-05-01T01:00:00,N,N4,69.00000000000001
2017-05-01T02:00:00,N,N4,69.00000000000001
2017-05-01T03:00:00,N,N4,69.00000000000001
2017-05-01T04:00:00,N,N4,69.00000000000001
2017-05-01T05:00:00,N,N4,69.00000000000001
2017-05-01T06:00:00,N,N4,79.99999999999997
2017-05-01T07:00:00,N,N4,82.00000000000001
2017-05-01T08:00:00,N,N4,85.99999999999997
2017-05-01T09:00:00,N,N4,90.0
2017-05-01T10:00:00,N,N4,90.0
2017-05-01T11:00:00,N,N4,99.0
2017-05-01T12:00:00,N,N4,88.99999999999999
2017-05-01T13:00:00,N,N4,77.00000000000001
2017-05-01T14:00:00,N,N4,77.00000000000001
2017-05-01T15:00:00,N,N4,77.00000000000001
2017-05-01T16:00:00,N,N4,82.00000000000001
2017-05-01T17:00:00,N,N4,95.0
2017-05-01T18:00:00,N,N4,133.99999999999997
2017-05-01T19:00:00,N,N4,108.99999999999996
2017-05-01T20:00:00,N,N4,104.0
2017-05-01T21:00:00,N,N4,87.0
2017-05-01T22:00:00,N,N4,79.0
2017-05-01T23:00:00,N,N4,78.0
2017-05-02T00:00:00,N,N4,78.0
2017-05-02T01:00:00,N,N4,72.99999999999999
2017-05-02T02:00:00,N,N4,72.99999999999999
2017-05-02T03:00:00,N,N4,72.99999999999999
2017-05-02T04:00:00,N,N4,77.00000000000001
2017-05-02T05:00:00,N,N4,83.00000000000003
2017-05-02T06:00:00,N,N4,106.99999999999996
2017-05-02T07:00:00,N,N4,104.0
2017-05-02T08:00:00,N,N4,108.99999999999996
2017-05-02T09:00:00,N,N4,122.99999999999994
2017-05-02T10:00:00,N,N4,126.00000000000011
2017-05-02T11:00:00,N,N4,136.00000000000006
2017-05-02T12:00:00,N,N4,127.0
2017-05-02T13:00:00,N,N4,106.99999999999996
2017-05-02T14:00:00,N,N4,124.00000000000004
2017-05-02T15:00:00,N,N4,118.00000000000004
2017-05-02T16:00:00,N,N4,129.99999999999997
2017-05-02T17:00:00,N,N4,164.99999999999994
2017-05-02T18:00:00,N,N4,166.00000000000006
2017-05-02T19:00:00,N,N4,146.0
2017-05-02T20:00:00,N,N4,126.0
2017-05-02T21:00:00,N,N4,117.00000000000004
2017-05-02T22:00:00,N,N4,106.99999999999996
2017-05-02T23:00:00,N,N4,102.00000000000004
2017-05-03T00:00:00,N,N4,97.0
2017-05-03T01:00:00,N,N4,97.0
2017-05-03T02:00:00,N,N4,95.0
2017-05-03T03:00:00,N,N4,92.0
2017-05-03T04:00:00,N,N4,92.0
2017-05-03T05:00:00,N,N4,92.0
2017-05-03T06:00:00,N,N4,96.0
2017-05-03T07:00:00,N,N4,110.00000000000004
2017-05-03T08:00:00,N,N4,117.00000000000004
2017-05-03T09:00:00,N,N4,108.00000000000004
2017-05-03T10:00:00,N,N4,92.0
2017-05-03T11:00:00,N,N4,98.00000000000004
2017-05-03T12:00:00,N,N4,92.0
2017-05-03T13:00:00,N,N4,85.00000000000001
2017-05-03T14:00:00,N,N4,103.0
2017-05-03T15:00:00,N,N4,70.00000000000003
2017-05-03T16:00:00,N,N4,122.00000000000004
2017-05-03T17:00:00,N,N4,130.99999999999994
2017-05-03T18:00:00,N,N4,133.99999999999997
2017-05-03T19:00:00,N,N4,85.00000000000001
2017-05-03T20:00:00,N,N4,85.00000000000001
2017-05-03T21:00:00,N,N4,77.00000000000001
2017-05-03T22:00:00,N,N4,79.99999999999997
2017-05-03T23:00:00,N,N4,76.0
2017-05-04T00:00:00,N,N4,76.0
2017-05-04T01:00:00,N,N4,76.0
2017-05-04T02:00:00,N,N4,76.0
2017-05-04T03:00:00,N,N4,76.0
2017-05-04T04:00:00,N,N4,76.0
2017-05-04T05:00:00,N,N4,77.00000000000001
2017-05-04T06:00:00,N,N4,95.0
2017-05-04T07:00:00,N,N4,94.0
2017-05-04T08:00:00,N,N4,108.00000000000004
2017-05-04T09:00:00,N,N4,119.00000000000004
2017-05-04T10:00:00,N,N4,129.99999999999997
2017-05-04T11:00:00,N,N4,137.00000000000003
2017-05-04T12:00:00,N,N4,119.00000000000004
2017-05-04T13:00:00,N,N4,106.99999999999996
2017-05-04T14:00:00,N,N4,119.99999999999996
2017-05-04T15:00:00,N,N4,124.00000000000004
2017-05-04T16:00:00,N,N4,130.99999999999994
2017-05-04T17:00:00,N,N4,149.99999999999997
2017-05-04T18:00:00,N,N4,159.99999999999994
2017-05-04T19:00:00,N,N4,128.99999999999997
2017-05-04T20:00:00,N,N4,119.00000000000004
2017-05-04T21:00:00,N,N4,108.00000000000004
2017-05-04T22:00:00,N,N4,103.0
2017-05-04T23:00:00,N,N4,92.0
2017-05-05T00:00:00,N,N4,92.0
2017-05-05T01:00:00,N,N4,85.00000000000001
2017-05-05T02:00:00,N,N4,79.0
2017-05-05T03:00:00,N,N4,79.0
2017-05-05T04:00:00,N,N4,74.99999999999997
2017-05-05T05:00:00,N,N4,82.00000000000001
2017-05-05T06:00:00,N,N4,93.00000000000004
2017-05-05T07:00:00,N,N4,96.0
2017-05-05T08:00:00,N,N4,108.00000000000004
2017-05-05T09:00:00,N,N4,118.00000000000004
2017-05-05T10:00:00,N,N4,122.99999999999994
2017-05-05T11:00:00,N,N4,135.00000000000003
2017-05-05T12:00:00,N,N4,121.00000000000004
2017-05-05T13:00:00,N,N4,114.00000000000004
2017-05-05T14:00:00,N,N4,124.00000000000004
2017-05-05T15:00:00,N,N4,122.00000000000004
2017-05-05T16:00:00,N,N4,116.0
2017-05-05T17:00:00,N,N4,149.0
2017-05-05T18:00:00,N,N4,155.00000000000003
2017-05-05T19:00:00,N,N4,125.00000000000004
2017-05-05T20:00:00,N,N4,119.99999999999996
2017-05-05T21:00:00,N,N4,104.99999999999996
2017-05-05T22:00:00,N,N4,97.0
2017-05-05T23:00:00,N,N4,90.99999999999996
2017-05-06T00:00:00,N,N4,85.99999999999997
2017-05-06T01:00:00,N,N4,87.0
2017-05-06T02:00:00,N,N4,83.99999999999999
2017-05-06T03:00:00,N,N4,83.99999999999999
2017-05-06T04:00:00,N,N4,85.00000000000001
2017-05-06T05:00:00,N,N4,90.99999999999996
2017-05-06T06:00:00,N,N4,98.00000000000004
2017-05-06T07:00:00,N,N4,104.99999999999996
2017-05-06T08:00:00,N,N4,113.00000000000004
2017-05-06T09:00:00,N,N4,118.00000000000004
2017-05-06T10:00:00,N,N4,121.00000000000004
2017-05-06T11:00:00,N,N4,126.0
2017-05-06T12:00:00,N,N4,113.00000000000004
2017-05-06T13:00:00,N,N4,103.0
2017-05-06T14:00:00,N,N4,108.99999999999996
2017-05-06T15:00:00,N,N4,105.99999999999996
2017-05-06T16:00:00,N,N4,108.99999999999996
2017-05-06T17:00:00,N,N4,142.99999999999994
2017-05-06T18:00:00,N,N4,142.00000000000003
2017-05-06T19:00:00,N,N4,129.99999999999997
2017-05-06T20:00:00,N,N4,115.0
2017-05-06T21:00:00,N,N4,101.00000000000004
2017-05-06T22:00:00,N,N4,94.0
2017-05-06T23:00:00,N,N4,88.99999999999999
2017-05-07T00:00:00,N,N4,85.99999999999997
2017-05-07T01:00:00,N,N4,83.00000000000003
2017-05-07T02:00:00,N,N4,83.00000000000003
2017-05-07T03:00:00,N,N4,83.00000000000003
2017-05-07T04:00:00,N,N4,81.00000000000003
2017-05-07T05:00:00,N,N4,82.00000000000001
2017-05-07T06:00:00,N,N4,82.00000000000001
2017-05-07T07:00:00,N,N4,94.0
2017-05-07T08:00:00,N,N4,94.0
2017-05-07T09:00:00,N,N4,88.00000000000003
2017-05-07T10:00:00,N,N4,101.99999999999996
2017-05-07T11:00:00,N,N4,98.00000000000004
2017-05-07T12:00:00,N,N4,93.00000000000004
2017-05-07T13:00:00,N,N4,93.00000000000004
2017-05-07T14:00:00,N,N4,88.00000000000003
2017-05-07T15:00:00,N,N4,88.00000000000003
2017-05-07T16:00:00,N,N4,94.0
2017-05-07T17:00:00,N,N4,131.99999999999997
2017-05-07T18:00:00,N,N4,142.99999999999994
2017-05-07T19:00:00,N,N4,127.0
2017-05-07T20:00:00,N,N4,116.0
2017-05-07T21:00:00,N,N4,105.99999999999996
2017-05-07T22:00:00,N,N4,95.0
2017-05-07T23:00:00,N,N4,95.0
2017-05-08T00:00:00,N,N4,90.0
2017-05-08T01:00:00,N,N4,79.0
2017-05-08T02:00:00,N,N4,74.99999999999997
2017-05-08T03:00:00,N,N4,74.00000000000003
2017-05-08T04:00:00,N,N4,74.00000000000003
2017-05-08T05:00:00,N,N4,74.00000000000003
2017-05-08T06:00:00,N,N4,95.0
2017-05-08T07:00:00,N,N4,94.0
2017-05-08T08:00:00,N,N4,108.99999999999996
2017-05-08T09:00:00,N,N4,124.00000000000004
2017-05-08T10:00:00,N,N4,127.0
2017-05-08T11:00:00,N,N4,131.99999999999997
2017-05-08T12:00:00,N,N4,117.97091413984148
2017-05-08T13:00:00,N,N4,110.99999999999996
2017-05-08T14:00:00,N,N4,122.99999999999994
2017-05-08T15:00:00,N,N4,122.00000000000004
2017-05-08T16:00:00,N,N4,119.99999999999996
2017-05-08T17:00:00,N,N4,119.00000000000004
2017-05-08T18:00:00,N,N4,115.0
2017-05-08T19:00:00,N,N4,106.99999999999996
2017-05-08T20:00:00,N,N4,92.0
2017-05-08T21:00:00,N,N4,87.0
2017-05-08T22:00:00,N,N4,82.00000000000001
2017-05-08T23:00:00,N,N4,77.00000000000001
2017-05-09T00:00:00,N,N4,69.00000000000001
2017-05-09T01:00:00,N,N4,66.99999999999997
2017-05-09T02:00:00,N,N4,66.99999999999997
2017-05-09T03:00:00,N,N4,66.99999999999997
2017-05-09T04:00:00,N,N4,66.99999999999997
2017-05-09T05:00:00,N,N4,66.99999999999997
2017-05-09T06:00:00,N,N4,88.00000000000003
2017-05-09T07:00:00,N,N4,90.99999999999996
2017-05-09T08:00:00,N,N4,106.99999999999996
2017-05-09T09:00:00,N,N4,118.00000000000004
2017-05-09T10:00:00,N,N4,105.99999999999996
2017-05-09T11:00:00,N,N4,125.00000000000004
2017-05-09T12:00:00,N,N4,106.99999999999996
2017-05-09T13:00:00,N,N4,98.00000000000004
2017-05-09T14:00:00,N,N4,111.99999999999996
2017-05-09T15:00:00,N,N4,111.99999999999996
2017-05-09T16:00:00,N,N4,121.00000000000004
2017-05-09T17:00:00,N,N4,143.19016614467012
2017-05-09T18:00:00,N,N4,146.99999999999997
2017-05-09T19:00:00,N,N4,126.0
2017-05-09T20:00:00,N,N4,116.0
2017-05-09T21:00:00,N,N4,101.00000000000004
2017-05-09T22:00:00,N,N4,96.0
2017-05-09T23:00:00,N,N4,90.99999999999996
2017-05-10T00:00:00,N,N4,85.99999999999997
2017-05-10T01:00:00,N,N4,85.99999999999997
2017-05-10T02:00:00,N,N4,79.99999999999997
2017-05-10T03:00:00,N,N4,79.99999999999997
2017-05-10T04:00:00,N,N4,79.99999999999997
2017-05-10T05:00:00,N,N4,79.99999999999997
2017-05-10T06:00:00,N,N4,110.00000000000004
2017-05-10T07:00:00,N,N4,110.00000000000004
2017-05-10T08:00:00,N,N4,121.00000000000004
2017-05-10T09:00:00,N,N4,128.99999999999997
2017-05-10T10:00:00,N,N4,137.00000000000003
2017-05-10T11:00:00,N,N4,144.99999999999997
2017-05-10T12:00:00,N,N4,121.00000000000004
2017-05-10T13:00:00,N,N4,104.0
2017-05-10T14:00:00,N,N4,128.99999999999997
2017-05-10T15:00:00,N,N4,125.00000000000004
2017-05-10T16:00:00,N,N4,127.0
2017-05-10T17:00:00,N,N4,153.03238704462734
2017-05-10T18:00:00,N,N4,159.99999999999994
2017-05-10T19:00:00,N,N4,141.00000000000003
2017-05-10T20:00:00,N,N4,127.0
2017-05-10T21:00:00,N,N4,110.99999999999996
2017-05-10T22:00:00,N,N4,104.99999999999996
2017-05-10T23:00:00,N,N4,96.0
2017-05-11T00:00:00,N,N4,90.0
2017-05-11T01:00:00,N,N4,85.99999999999997
2017-05-11T02:00:00,N,N4,88.99999999999999
2017-05-11T03:00:00,N,N4,88.9999999999999
2017-05-11T04:00:00,N,N4,88.99999999999999
2017-05-11T05:00:00,N,N4,88.99999999999999
2017-05-11T06:00:00,N,N4,104.99999999999996
2017-05-11T07:00:00,N,N4,114.00000000000004
2017-05-11T08:00:00,N,N4,128.99999999999997
2017-05-11T09:00:00,N,N4,129.99999999999997
2017-05-11T10:00:00,N,N4,133.0
2017-05-11T11:00:00,N,N4,139.99999999999994
2017-05-11T12:00:00,N,N4,127.0
2017-05-11T13:00:00,N,N4,119.00000000000004
2017-05-11T14:00:00,N,N4,126.99206624240642
2017-05-11T15:00:00,N,N4,122.99999999999994
2017-05-11T16:00:00,N,N4,128.99999999999997
2017-05-11T17:00:00,N,N4,156.3029891736866
2017-05-11T18:00:00,N,N4,164.00000000000006
2017-05-11T19:00:00,N,N4,135.00000000000003
2017-05-11T20:00:00,N,N4,122.99999999999994
2017-05-11T21:00:00,N,N4,106.99999999999996
2017-05-11T22:00:00,N,N4,101.00000000000004
2017-05-11T23:00:00,N,N4,90.0
2017-05-12T00:00:00,N,N4,90.0
2017-05-12T01:00:00,N,N4,85.00000000000001
2017-05-12T02:00:00,N,N4,85.00000000000001
2017-05-12T03:00:00,N,N4,85.00000000000001
2017-05-12T04:00:00,N,N4,85.00000000000001
2017-05-12T05:00:00,N,N4,90.0
2017-05-12T06:00:00,N,N4,105.99999999999996
2017-05-12T07:00:00,N,N4,115.0
2017-05-12T08:00:00,N,N4,127.87916916762266
2017-05-12T09:00:00,N,N4,133.0
2017-05-12T10:00:00,N,N4,129.99999999999997
2017-05-12T11:00:00,N,N4,133.99999999999997
2017-05-12T12:00:00,N,N4,119.99999999999996
2017-05-12T13:00:00,N,N4,106.99999999999996
2017-05-12T14:00:00,N,N4,128.99999999999997
2017-05-12T15:00:00,N,N4,131.99999999999997
2017-05-12T16:00:00,N,N4,131.99999999999997
2017-05-12T17:00:00,N,N4,152.13563043889377
2017-05-12T18:00:00,N,N4,151.92639937689043
2017-05-12T19:00:00,N,N4,130.99999999999994
2017-05-12T20:00:00,N,N4,119.99999999999996
2017-05-12T21:00:00,N,N4,110.00000000000004
2017-05-12T22:00:00,N,N4,104.99999999999989
2017-05-12T23:00:00,N,N4,99.0
2017-05-13T00:00:00,N,N4,88.00000000000003
2017-05-13T01:00:00,N,N4,83.00000000000003
2017-05-13T02:00:00,N,N4,83.00000000000003
2017-05-13T03:00:00,N,N4,83.00000000000003
2017-05-13T04:00:00,N,N4,83.00000000000003
2017-05-13T05:00:00,N,N4,88.99999999999999
2017-05-13T06:00:00,N,N4,108.00000000000004
2017-05-13T07:00:00,N,N4,121.00000000000004
2017-05-13T08:00:00,N,N4,119.00000000000004
2017-05-13T09:00:00,N,N4,133.0
2017-05-13T10:00:00,N,N4,130.99999999999994
2017-05-13T11:00:00,N,N4,130.99999999999994
2017-05-13T12:00:00,N,N4,99.0
2017-05-13T13:00:00,N,N4,101.00000000000004
2017-05-13T14:00:00,N,N4,115.0
2017-05-13T15:00:00,N,N4,88.91684190687083
2017-05-13T16:00:00,N,N4,92.22971511676418
2017-05-13T17:00:00,N,N4,122.13573928168216
2017-05-13T18:00:00,N,N4,127.33333333333331
2017-05-13T19:00:00,N,N4,110.33333333333331
2017-05-13T20:00:00,N,N4,58.27767590183913
2017-05-13T21:00:00,N,N4,49.81276915418969
2017-05-13T22:00:00,N,N4,43.69561833909661
2017-05-13T23:00:00,N,N4,39.0432134265827
2017-05-14T00:00:00,N,N4,35.95306506957241
2017-05-14T01:00:00,N,N4,34.072739156345285
2017-05-14T02:00:00,N,N4,33.3494901676965
2017-05-14T03:00:00,N,N4,33.09797269353411
2017-05-14T04:00:00,N,N4,33.28513811626131
2017-05-14T05:00:00,N,N4,34.96922591699067
2017-05-14T06:00:00,N,N4,44.430381695041575
2017-05-14T07:00:00,N,N4,48.4666923841524
2017-05-14T08:00:00,N,N4,58.42342297848253
2017-05-14T09:00:00,N,N4,62.61635505096581
2017-05-14T10:00:00,N,N4,64.62372443531252
2017-05-14T11:00:00,N,N4,68.86397592826115
2017-05-14T12:00:00,N,N4,55.32504792987962
2017-05-14T13:00:00,N,N4,47.83657309492242
2017-05-14T14:00:00,N,N4,56.18283349533533
2017-05-14T15:00:00,N,N4,55.71060647223665
2017-05-14T16:00:00,N,N4,59.63999255034484
2017-05-14T17:00:00,N,N4,106.33333333333331
2017-05-14T18:00:00,N,N4,118.5
2017-05-14T19:00:00,N,N4,106.86786483538982
2017-05-14T20:00:00,N,N4,96.91666666666669
2017-05-14T21:00:00,N,N4,48.75815453043639
2017-05-14T22:00:00,N,N4,42.704489000413325
2017-05-14T23:00:00,N,N4,75.41666666666667
2017-05-15T00:00:00,N,N4,72.41666666666667
2017-05-15T01:00:00,N,N4,70.58333333333333
2017-05-15T02:00:00,N,N4,70.0
2017-05-15T03:00:00,N,N4,70.0
2017-05-15T04:00:00,N,N4,72.81818181818181
2017-05-15T05:00:00,N,N4,74.81818181818181
2017-05-15T06:00:00,N,N4,88.68185185889088
2017-05-15T07:00:00,N,N4,95.25095291638478
2017-05-15T08:00:00,N,N4,103.78596669383585
2017-05-15T09:00:00,N,N4,106.55487248744328
2017-05-15T10:00:00,N,N4,72.0
2017-05-15T11:00:00,N,N4,78.0
2017-05-15T12:00:00,N,N4,65.99999999999997
2017-05-15T13:00:00,N,N4,61.00000000000001
2017-05-15T14:00:00,N,N4,59.000000000000014
2017-05-15T15:00:00,N,N4,61.00000000000001
2017-05-15T16:00:00,N,N4,61.00000000000001
2017-05-15T17:00:00,N,N4,104.0
2017-05-15T18:00:00,N,N4,101.99999999999996
2017-05-15T19:00:00,N,N4,88.00000000000003
2017-05-15T20:00:00,N,N4,72.0
2017-05-15T21:00:00,N,N4,62.00000000000001
2017-05-15T22:00:00,N,N4,55.000000000000014
2017-05-15T23:00:00,N,N4,52.00000000000001
2017-05-16T00:00:00,N,N4,52.00000000000001
2017-05-16T01:00:00,N,N4,52.00000000000001
2017-05-16T02:00:00,N,N4,52.00000000000001
2017-05-16T03:00:00,N,N4,52.00000000000001
2017-05-16T04:00:00,N,N4,52.00000000000001
2017-05-16T05:00:00,N,N4,52.00000000000001
2017-05-16T06:00:00,N,N4,66.99999999999997
2017-05-16T07:00:00,N,N4,71.0
2017-05-16T08:00:00,N,N4,88.00000000000003
2017-05-16T09:00:00,N,N4,90.0
2017-05-16T10:00:00,N,N4,95.0
2017-05-16T11:00:00,N,N4,88.99999999999999
2017-05-16T12:00:00,N,N4,82.00000000000001
2017-05-16T13:00:00,N,N4,66.99999999999997
2017-05-16T14:00:00,N,N4,83.99999999999999
2017-05-16T15:00:00,N,N4,77.00000000000001
2017-05-16T16:00:00,N,N4,71.0
2017-05-16T17:00:00,N,N4,122.00000000000004
2017-05-16T18:00:00,N,N4,116.0
2017-05-16T19:00:00,N,N4,99.0
2017-05-16T20:00:00,N,N4,83.00000000000003
2017-05-16T21:00:00,N,N4,74.00000000000003
2017-05-16T22:00:00,N,N4,66.99999999999997
2017-05-16T23:00:00,N,N4,62.00000000000001
2017-05-17T00:00:00,N,N4,59.000000000000014
2017-05-17T01:00:00,N,N4,57.99999999999999
2017-05-17T02:00:00,N,N4,57.99999999999999
2017-05-17T03:00:00,N,N4,57.99999999999999
2017-05-17T04:00:00,N,N4,57.99999999999999
2017-05-17T05:00:00,N,N4,64.99999999999999
2017-05-17T06:00:00,N,N4,79.99999999999997
2017-05-17T07:00:00,N,N4,81.00000000000003
2017-05-17T08:00:00,N,N4,83.00000000000003
2017-05-17T09:00:00,N,N4,88.99999999999999
2017-05-17T10:00:00,N,N4,88.00000000000003
2017-05-17T11:00:00,N,N4,97.0
2017-05-17T12:00:00,N,N4,78.0
2017-05-17T13:00:00,N,N4,70.00000000000003
2017-05-17T14:00:00,N,N4,85.00000000000001
2017-05-17T15:00:00,N,N4,79.99999999999997
2017-05-17T16:00:00,N,N4,81.00000000000003
2017-05-17T17:00:00,N,N4,105.99999999999996
2017-05-17T18:00:00,N,N4,101.00000000000004
2017-05-17T19:00:00,N,N4,86.00000000000004
2017-05-17T20:00:00,N,N4,81.00000000000003
2017-05-17T21:00:00,N,N4,72.0
2017-05-17T22:00:00,N,N4,62.00000000000001
2017-05-17T23:00:00,N,N4,57.00000000000001
2017-05-18T00:00:00,N,N4,55.000000000000014
2017-05-18T01:00:00,N,N4,53.00000000000001
2017-05-18T02:00:00,N,N4,53.00000000000001
2017-05-18T03:00:00,N,N4,52.00000000000001
2017-05-18T04:00:00,N,N4,52.00000000000001
2017-05-18T05:00:00,N,N4,54.00000000000001
2017-05-18T06:00:00,N,N4,63.99999999999998
2017-05-18T07:00:00,N,N4,74.99999999999997
2017-05-18T08:00:00,N,N4,88.00000000000003
2017-05-18T09:00:00,N,N4,79.0
2017-05-18T10:00:00,N,N4,80.32665219041374
2017-05-18T11:00:00,N,N4,83.99999999999999
2017-05-18T12:00:00,N,N4,59.000000000000014
2017-05-18T13:00:00,N,N4,61.00000000000001
2017-05-18T14:00:00,N,N4,68.00000000000001
2017-05-18T15:00:00,N,N4,72.99999999999999
2017-05-18T16:00:00,N,N4,79.99999999999997
2017-05-18T17:00:00,N,N4,101.99999999999996
2017-05-18T18:00:00,N,N4,94.3676996762658
2017-05-18T19:00:00,N,N4,70.00000000000003
2017-05-18T20:00:00,N,N4,64.99999999999999
2017-05-18T21:00:00,N,N4,56.00000000000002
2017-05-18T22:00:00,N,N4,52.00000000000001
2017-05-18T23:00:00,N,N4,46.99999999999999
2017-05-19T00:00:00,N,N4,44.99999999999999
2017-05-19T01:00:00,N,N4,44.99999999999999
2017-05-19T02:00:00,N,N4,44.99999999999999
2017-05-19T03:00:00,N,N4,44.99999999999999
2017-05-19T04:00:00,N,N4,46.00000000000002
2017-05-19T05:00:00,N,N4,48.99999999999999
2017-05-19T06:00:00,N,N4,59.000000000000014
2017-05-19T07:00:00,N,N4,63.99999999999998
2017-05-19T08:00:00,N,N4,74.99999999999997
2017-05-19T09:00:00,N,N4,78.0
2017-05-19T10:00:00,N,N4,114.25267672111872
2017-05-19T11:00:00,N,N4,147.661160426032
2017-05-19T12:00:00,N,N4,128.85080150624864
2017-05-19T13:00:00,N,N4,117.98761854077374
2017-05-19T14:00:00,N,N4,128.3082000375563
2017-05-19T15:00:00,N,N4,103.98875152821874
2017-05-19T16:00:00,N,N4,78.0
2017-05-19T17:00:00,N,N4,100.00000000000004
2017-05-19T18:00:00,N,N4,104.99999999999996
2017-05-19T19:00:00,N,N4,83.99999999999999
2017-05-19T20:00:00,N,N4,74.99999999999997
2017-05-19T21:00:00,N,N4,70.00000000000003
2017-05-19T22:00:00,N,N4,62.99999999999999
2017-05-19T23:00:00,N,N4,57.99999999999999
2017-05-20T00:00:00,N,N4,57.99999999999999
2017-05-20T01:00:00,N,N4,52.00000000000001
2017-05-20T02:00:00,N,N4,49.99999999999999
2017-05-20T03:00:00,N,N4,49.99999999999999
2017-05-20T04:00:00,N,N4,49.99999999999999
2017-05-20T05:00:00,N,N4,53.00000000000001
2017-05-20T06:00:00,N,N4,59.99999999999999
2017-05-20T07:00:00,N,N4,71.0
2017-05-20T08:00:00,N,N4,79.99999999999997
2017-05-20T09:00:00,N,N4,81.00000000000003
2017-05-20T10:00:00,N,N4,87.0
2017-05-20T11:00:00,N,N4,79.99999999999997
2017-05-20T12:00:00,N,N4,65.99999999999997
2017-05-20T13:00:00,N,N4,61.00000000000001
2017-05-20T14:00:00,N,N4,57.99999999999999
2017-05-20T15:00:00,N,N4,59.99999999999999
2017-05-20T16:00:00,N,N4,72.0
2017-05-20T17:00:00,N,N4,92.0
2017-05-20T18:00:00,N,N4,92.0
2017-05-20T19:00:00,N,N4,72.0
2017-05-20T20:00:00,N,N4,69.00000000000001
2017-05-20T21:00:00,N,N4,59.99999999999999
2017-05-20T22:00:00,N,N4,54.00000000000001
2017-05-20T23:00:00,N,N4,54.00000000000001
2017-05-21T00:00:00,N,N4,49.99999999999999
2017-05-21T01:00:00,N,N4,48.99999999999999
2017-05-21T02:00:00,N,N4,46.99999999999999
2017-05-21T03:00:00,N,N4,42.99999999999998
2017-05-21T04:00:00,N,N4,42.99999999999998
2017-05-21T05:00:00,N,N4,42.99999999999998
2017-05-21T06:00:00,N,N4,54.00000000000001
2017-05-21T07:00:00,N,N4,72.13844811281837
2017-05-21T08:00:00,N,N4,77.5505030938233
2017-05-21T09:00:00,N,N4,80.3515487772738
2017-05-21T10:00:00,N,N4,69.00000000000001
2017-05-21T11:00:00,N,N4,71.0
2017-05-21T12:00:00,N,N4,64.99999999999999
2017-05-21T13:00:00,N,N4,55.000000000000014
2017-05-21T14:00:00,N,N4,46.99999999999999
2017-05-21T15:00:00,N,N4,46.99999999999999
2017-05-21T16:00:00,N,N4,48.99999999999999
2017-05-21T17:00:00,N,N4,90.0
2017-05-21T18:00:00,N,N4,79.0
2017-05-21T19:00:00,N,N4,72.0
2017-05-21T20:00:00,N,N4,63.99999999999998
2017-05-21T21:00:00,N,N4,59.000000000000014
2017-05-21T22:00:00,N,N4,54.00000000000001
2017-05-21T23:00:00,N,N4,48.00000000000001
2017-05-22T00:00:00,N,N4,48.00000000000001
2017-05-22T01:00:00,N,N4,42.99999999999998
2017-05-22T02:00:00,N,N4,42.99999999999998
2017-05-22T03:00:00,N,N4,42.99999999999998
2017-05-22T04:00:00,N,N4,68.36363636363636
2017-05-22T05:00:00,N,N4,71.27272727272728
2017-05-22T06:00:00,N,N4,85.45454545454544
2017-05-22T07:00:00,N,N4,92.1
2017-05-22T08:00:00,N,N4,48.988018652827165
2017-05-22T09:00:00,N,N4,57.23516476860866
2017-05-22T10:00:00,N,N4,63.79827715045314
2017-05-22T11:00:00,N,N4,72.79007133708093
2017-05-22T12:00:00,N,N4,63.31629501820945
2017-05-22T13:00:00,N,N4,59.96914858336542
2017-05-22T14:00:00,N,N4,73.6829633993452
2017-05-22T15:00:00,N,N4,78.24578253678902
2017-05-22T16:00:00,N,N4,88.00000000000003
2017-05-22T17:00:00,N,N4,122.00000000000004
2017-05-22T18:00:00,N,N4,108.00000000000004
2017-05-22T19:00:00,N,N4,90.99999999999996
2017-05-22T20:00:00,N,N4,79.99999999999997
2017-05-22T21:00:00,N,N4,74.00000000000003
2017-05-22T22:00:00,N,N4,62.00000000000001
2017-05-22T23:00:00,N,N4,57.99999999999999
2017-05-23T00:00:00,N,N4,53.00000000000001
2017-05-23T01:00:00,N,N4,69.83333333333333
2017-05-23T02:00:00,N,N4,69.5
2017-05-23T03:00:00,N,N4,69.25
2017-05-23T04:00:00,N,N4,70.33333333333333
2017-05-23T05:00:00,N,N4,74.41666666666667
2017-05-23T06:00:00,N,N4,91.66666666666669
2017-05-23T07:00:00,N,N4,92.08333333333331
2017-05-23T08:00:00,N,N4,57.00000000000001
2017-05-23T09:00:00,N,N4,99.0
2017-05-23T10:00:00,N,N4,96.0
2017-05-23T11:00:00,N,N4,97.0
2017-05-23T12:00:00,N,N4,81.00000000000003
2017-05-23T13:00:00,N,N4,71.0
2017-05-23T14:00:00,N,N4,83.99999999999999
2017-05-23T15:00:00,N,N4,82.00000000000001
2017-05-23T16:00:00,N,N4,92.0
2017-05-23T17:00:00,N,N4,116.0
2017-05-23T18:00:00,N,N4,106.99999999999996
2017-05-23T19:00:00,N,N4,83.00000000000003
2017-05-23T20:00:00,N,N4,68.00000000000001
2017-05-23T21:00:00,N,N4,62.99999999999999
2017-05-23T22:00:00,N,N4,57.99999999999999
2017-05-23T23:00:00,N,N4,53.00000000000001
2017-05-24T00:00:00,N,N4,48.00000000000001
2017-05-24T01:00:00,N,N4,48.00000000000001
2017-05-24T02:00:00,N,N4,48.00000000000001
2017-05-24T03:00:00,N,N4,48.00000000000001
2017-05-24T04:00:00,N,N4,48.00000000000001
2017-05-24T05:00:00,N,N4,53.00000000000001
2017-05-24T06:00:00,N,N4,59.99999999999999
2017-05-24T07:00:00,N,N4,66.99999999999997
2017-05-24T08:00:00,N,N4,77.00000000000001
2017-05-24T09:00:00,N,N4,85.00000000000001
2017-05-24T10:00:00,N,N4,95.0
2017-05-24T11:00:00,N,N4,93.00000000000004
2017-05-24T12:00:00,N,N4,74.99999999999997
2017-05-24T13:00:00,N,N4,71.0
2017-05-24T14:00:00,N,N4,79.0
2017-05-24T15:00:00,N,N4,77.00000000000001
2017-05-24T16:00:00,N,N4,83.99999999999999
2017-05-24T17:00:00,N,N4,113.00000000000004
2017-05-24T18:00:00,N,N4,106.99999999999996
2017-05-24T19:00:00,N,N4,93.00000000000004
2017-05-24T20:00:00,N,N4,77.00000000000001
2017-05-24T21:00:00,N,N4,72.0
2017-05-24T22:00:00,N,N4,62.00000000000001
2017-05-24T23:00:00,N,N4,57.00000000000001
2017-05-25T00:00:00,N,N4,52.00000000000001
2017-05-25T01:00:00,N,N4,52.00000000000001
2017-05-25T02:00:00,N,N4,52.00000000000001
2017-05-25T03:00:00,N,N4,52.00000000000001
2017-05-25T04:00:00,N,N4,52.00000000000001
2017-05-25T05:00:00,N,N4,57.00000000000001
2017-05-25T06:00:00,N,N4,72.99999999999999
2017-05-25T07:00:00,N,N4,70.00000000000003
2017-05-25T08:00:00,N,N4,83.99999999999999
2017-05-25T09:00:00,N,N4,88.00000000000003
2017-05-25T10:00:00,N,N4,88.99999999999999
2017-05-25T11:00:00,N,N4,92.0
2017-05-25T12:00:00,N,N4,79.99999999999997
2017-05-25T13:00:00,N,N4,72.0
2017-05-25T14:00:00,N,N4,81.00000000000003
2017-05-25T15:00:00,N,N4,85.99999999999997
2017-05-25T16:00:00,N,N4,90.99999999999996
2017-05-25T17:00:00,N,N4,115.0
2017-05-25T18:00:00,N,N4,111.99999999999996
2017-05-25T19:00:00,N,N4,96.0
2017-05-25T20:00:00,N,N4,85.00000000000001
2017-05-25T21:00:00,N,N4,74.99999999999997
2017-05-25T22:00:00,N,N4,74.00000000000003
2017-05-25T23:00:00,N,N4,69.00000000000001
2017-05-26T00:00:00,N,N4,69.00000000000001
2017-05-26T01:00:00,N,N4,63.99999999999998
2017-05-26T02:00:00,N,N4,63.99999999999998
2017-05-26T03:00:00,N,N4,63.99999999999998
2017-05-26T04:00:00,N,N4,63.99999999999998
2017-05-26T05:00:00,N,N4,63.99999999999998
2017-05-26T06:00:00,N,N4,81.00000000000003
2017-05-26T07:00:00,N,N4,72.99999999999999
2017-05-26T08:00:00,N,N4,90.0
2017-05-26T09:00:00,N,N4,97.0
2017-05-26T10:00:00,N,N4,103.0
2017-05-26T11:00:00,N,N4,100.00000000000004
2017-05-26T12:00:00,N,N4,92.0
2017-05-26T13:00:00,N,N4,77.00000000000001
2017-05-26T14:00:00,N,N4,88.00000000000003
2017-05-26T15:00:00,N,N4,83.99999999999999
2017-05-26T16:00:00,N,N4,90.0
2017-05-26T17:00:00,N,N4,118.00000000000004
2017-05-26T18:00:00,N,N4,113.00000000000004
2017-05-26T19:00:00,N,N4,101.99999999999996
2017-05-26T20:00:00,N,N4,88.00000000000003
2017-05-26T21:00:00,N,N4,83.00000000000003
2017-05-26T22:00:00,N,N4,72.0
2017-05-26T23:00:00,N,N4,66.99999999999997
2017-05-27T00:00:00,N,N4,66.99999999999997
2017-05-27T01:00:00,N,N4,62.00000000000001
2017-05-27T02:00:00,N,N4,62.00000000000001
2017-05-27T03:00:00,N,N4,59.99999999999999
2017-05-27T04:00:00,N,N4,57.00000000000001
2017-05-27T05:00:00,N,N4,57.00000000000001
2017-05-27T06:00:00,N,N4,62.99999999999999
2017-05-27T07:00:00,N,N4,78.0
2017-05-27T08:00:00,N,N4,87.0
2017-05-27T09:00:00,N,N4,87.0
2017-05-27T10:00:00,N,N4,88.00000000000003
2017-05-27T11:00:00,N,N4,93.00000000000004
2017-05-27T12:00:00,N,N4,83.99999999999999
2017-05-27T13:00:00,N,N4,78.0
2017-05-27T14:00:00,N,N4,72.0
2017-05-27T15:00:00,N,N4,72.0
2017-05-27T16:00:00,N,N4,70.00000000000003
2017-05-27T17:00:00,N,N4,103.0
2017-05-27T18:00:00,N,N4,98.00000000000004
2017-05-27T19:00:00,N,N4,81.00000000000003
2017-05-27T20:00:00,N,N4,69.00000000000001
2017-05-27T21:00:00,N,N4,65.99999999999997
2017-05-27T22:00:00,N,N4,59.000000000000014
2017-05-27T23:00:00,N,N4,57.00000000000001
2017-05-28T00:00:00,N,N4,56.00000000000002
2017-05-28T01:00:00,N,N4,56.00000000000002
2017-05-28T02:00:00,N,N4,53.00000000000001
2017-05-28T03:00:00,N,N4,51.00000000000002
2017-05-28T04:00:00,N,N4,49.99999999999999
2017-05-28T05:00:00,N,N4,49.99999999999999
2017-05-28T06:00:00,N,N4,55.000000000000014
2017-05-28T07:00:00,N,N4,55.000000000000014
2017-05-28T08:00:00,N,N4,55.000000000000014
2017-05-28T09:00:00,N,N4,66.99999999999997
2017-05-28T10:00:00,N,N4,71.0
2017-05-28T11:00:00,N,N4,77.00000000000001
2017-05-28T12:00:00,N,N4,64.99999999999999
2017-05-28T13:00:00,N,N4,59.000000000000014
2017-05-28T14:00:00,N,N4,53.00000000000001
2017-05-28T15:00:00,N,N4,53.00000000000001
2017-05-28T16:00:00,N,N4,53.00000000000001
2017-05-28T17:00:00,N,N4,85.00000000000001
2017-05-28T18:00:00,N,N4,85.00000000000001
2017-05-28T19:00:00,N,N4,74.00000000000003
2017-05-28T20:00:00,N,N4,62.00000000000001
2017-05-28T21:00:00,N,N4,54.00000000000001
2017-05-28T22:00:00,N,N4,51.00000000000002
2017-05-28T23:00:00,N,N4,44.99999999999999
2017-05-29T00:00:00,N,N4,43.99999999999999
2017-05-29T01:00:00,N,N4,43.99999999999999
2017-05-29T02:00:00,N,N4,42.99999999999998
2017-05-29T03:00:00,N,N4,42.00000000000001
2017-05-29T04:00:00,N,N4,42.00000000000001
2017-05-29T05:00:00,N,N4,48.00000000000001
2017-05-29T06:00:00,N,N4,62.00000000000001
2017-05-29T07:00:00,N,N4,71.0
2017-05-29T08:00:00,N,N4,83.99999999999999
2017-05-29T09:00:00,N,N4,90.99999999999996
2017-05-29T10:00:00,N,N4,87.0
2017-05-29T11:00:00,N,N4,88.00000000000003
2017-05-29T12:00:00,N,N4,77.00000000000001
2017-05-29T13:00:00,N,N4,72.0
2017-05-29T14:00:00,N,N4,71.0
2017-05-29T15:00:00,N,N4,76.0
2017-05-29T16:00:00,N,N4,85.99999999999997
2017-05-29T17:00:00,N,N4,101.00000000000004
2017-05-29T18:00:00,N,N4,98.00000000000004
2017-05-29T19:00:00,N,N4,82.00000000000001
2017-05-29T20:00:00,N,N4,71.0
2017-05-29T21:00:00,N,N4,64.99999999999999
2017-05-29T22:00:00,N,N4,59.000000000000014
2017-05-29T23:00:00,N,N4,48.00000000000001
2017-05-30T00:00:00,N,N4,46.99999999999999
2017-05-30T01:00:00,N,N4,46.99999999999999
2017-05-30T02:00:00,N,N4,46.00000000000002
2017-05-30T03:00:00,N,N4,46.99999999999999
2017-05-30T04:00:00,N,N4,48.00000000000001
2017-05-30T05:00:00,N,N4,53.00000000000001
2017-05-30T06:00:00,N,N4,62.99999999999999
2017-05-30T07:00:00,N,N4,71.0
2017-05-30T08:00:00,N,N4,106.33333333333331
2017-05-30T09:00:00,N,N4,113.83333333333331
2017-05-30T10:00:00,N,N4,115.25
2017-05-30T11:00:00,N,N4,120.91666666666669
2017-05-30T12:00:00,N,N4,103.91666666666664
2017-05-30T13:00:00,N,N4,92.0
2017-05-30T14:00:00,N,N4,105.33333333333336
2017-05-30T15:00:00,N,N4,106.08333333333331
2017-05-30T16:00:00,N,N4,111.08333333333331
2017-05-30T17:00:00,N,N4,104.99999999999996
2017-05-30T18:00:00,N,N4,100.00000000000004
2017-05-30T19:00:00,N,N4,82.00000000000001
2017-05-30T20:00:00,N,N4,72.0
2017-05-30T21:00:00,N,N4,63.99999999999998
2017-05-30T22:00:00,N,N4,57.99999999999999
2017-05-30T23:00:00,N,N4,51.00000000000002
2017-05-31T00:00:00,N,N4,46.99999999999999
2017-05-31T01:00:00,N,N4,46.99999999999999
2017-05-31T02:00:00,N,N4,46.99999999999999
2017-05-31T03:00:00,N,N4,44.99999999999999
2017-05-31T04:00:00,N,N4,46.00000000000002
2017-05-31T05:00:00,N,N4,48.00000000000001
2017-05-31T06:00:00,N,N4,59.000000000000014
2017-05-31T07:00:00,N,N4,61.00000000000001
2017-05-31T08:00:00,N,N4,74.99999999999997
2017-05-31T09:00:00,N,N4,83.00000000000003
2017-05-31T10:00:00,N,N4,87.0
2017-05-31T11:00:00,N,N4,88.00000000000003
2017-05-31T12:00:00,N,N4,69.00000000000001
2017-05-31T13:00:00,N,N4,66.99999999999997
2017-05-31T14:00:00,N,N4,69.00000000000001
2017-05-31T15:00:00,N,N4,70.00000000000003
2017-05-31T16:00:00,N,N4,79.99999999999997
2017-05-31T17:00:00,N,N4,103.0
2017-05-31T18:00:00,N,N4,90.0
2017-05-31T19:00:00,N,N4,83.00000000000003
2017-05-31T20:00:00,N,N4,68.00000000000001
2017-05-31T21:00:00,N,N4,62.99999999999999
2017-05-31T22:00:00,N,N4,53.00000000000001
2017-05-31T23:00:00,N,N4,53.00000000000001
2017-06-01T00:00:00,N,N4,48.00000000000001
2017-06-01T01:00:00,N,N4,48.00000000000001
2017-06-01T02:00:00,N,N4,42.99999999999998
2017-06-01T03:00:00,N,N4,42.99999999999998
2017-06-01T04:00:00,N,N4,42.99999999999998
2017-06-01T05:00:00,N,N4,42.99999999999998
2017-06-01T06:00:00,N,N4,64.99999999999999
2017-06-01T07:00:00,N,N4,64.99999999999999
2017-06-01T08:00:00,N,N4,78.0
2017-06-01T09:00:00,N,N4,81.00000000000003
2017-06-01T10:00:00,N,N4,78.0
2017-06-01T11:00:00,N,N4,85.99999999999997
2017-06-01T12:00:00,N,N4,69.00000000000001
2017-06-01T13:00:00,N,N4,63.99999999999998
2017-06-01T14:00:00,N,N4,68.00000000000001
2017-06-01T15:00:00,N,N4,70.00000000000003
2017-06-01T16:00:00,N,N4,72.0
2017-06-01T17:00:00,N,N4,87.0
2017-06-01T18:00:00,N,N4,97.0
2017-06-01T19:00:00,N,N4,81.00000000000003
2017-06-01T20:00:00,N,N4,76.0
2017-06-01T21:00:00,N,N4,59.99999999999999
2017-06-01T22:00:00,N,N4,55.000000000000014
2017-06-01T23:00:00,N,N4,48.99999999999999
2017-06-02T00:00:00,N,N4,43.99999999999999
2017-06-02T01:00:00,N,N4,43.99999999999999
2017-06-02T02:00:00,N,N4,44.00000000000004
2017-06-02T03:00:00,N,N4,43.99999999999999
2017-06-02T04:00:00,N,N4,44.00000000000004
2017-06-02T05:00:00,N,N4,49.99999999999999
2017-06-02T06:00:00,N,N4,59.99999999999999
2017-06-02T07:00:00,N,N4,63.99999999999998
2017-06-02T08:00:00,N,N4,114.52993351437298
2017-06-02T09:00:00,N,N4,118.59189880537076
2017-06-02T10:00:00,N,N4,77.00000000000001
2017-06-02T11:00:00,N,N4,79.0
2017-06-02T12:00:00,N,N4,74.00000000000003
2017-06-02T13:00:00,N,N4,63.99999999999998
2017-06-02T14:00:00,N,N4,69.00000000000001
2017-06-02T15:00:00,N,N4,70.00000000000003
2017-06-02T16:00:00,N,N4,72.0
2017-06-02T17:00:00,N,N4,104.99999999999996
2017-06-02T18:00:00,N,N4,100.00000000000004
2017-06-02T19:00:00,N,N4,88.99999999999999
2017-06-02T20:00:00,N,N4,78.0
2017-06-02T21:00:00,N,N4,65.99999999999997
2017-06-02T22:00:00,N,N4,59.99999999999999
2017-06-02T23:00:00,N,N4,54.00000000000001
2017-06-03T00:00:00,N,N4,48.99999999999999
2017-06-03T01:00:00,N,N4,48.99999999999999
2017-06-03T02:00:00,N,N4,48.99999999999999
2017-06-03T03:00:00,N,N4,48.99999999999999
2017-06-03T04:00:00,N,N4,48.99999999999999
2017-06-03T05:00:00,N,N4,48.99999999999999
2017-06-03T06:00:00,N,N4,55.000000000000014
2017-06-03T07:00:00,N,N4,62.00000000000001
2017-06-03T08:00:00,N,N4,77.00000000000001
2017-06-03T09:00:00,N,N4,82.00000000000001
2017-06-03T10:00:00,N,N4,83.00000000000003
2017-06-03T11:00:00,N,N4,83.00000000000003
2017-06-03T12:00:00,N,N4,72.0
2017-06-03T13:00:00,N,N4,66.99999999999997
2017-06-03T14:00:00,N,N4,70.00000000000003
2017-06-03T15:00:00,N,N4,70.00000000000003
2017-06-03T16:00:00,N,N4,79.0
2017-06-03T17:00:00,N,N4,110.00000000000004
2017-06-03T18:00:00,N,N4,110.00000000000004
2017-06-03T19:00:00,N,N4,87.0
2017-06-03T20:00:00,N,N4,76.0
2017-06-03T21:00:00,N,N4,71.0
2017-06-03T22:00:00,N,N4,65.99999999999997
2017-06-03T23:00:00,N,N4,61.00000000000001
2017-06-04T00:00:00,N,N4,61.00000000000001
2017-06-04T01:00:00,N,N4,61.00000000000001
2017-06-04T02:00:00,N,N4,54.00000000000001
2017-06-04T03:00:00,N,N4,54.00000000000001
2017-06-04T04:00:00,N,N4,54.00000000000001
2017-06-04T05:00:00,N,N4,54.00000000000001
2017-06-04T06:00:00,N,N4,54.00000000000001
2017-06-04T07:00:00,N,N4,59.99999999999999
2017-06-04T08:00:00,N,N4,65.99999999999997
2017-06-04T09:00:00,N,N4,74.99999999999997
2017-06-04T10:00:00,N,N4,68.00000000000001
2017-06-04T11:00:00,N,N4,85.00000000000001
2017-06-04T12:00:00,N,N4,79.0
2017-06-04T13:00:00,N,N4,68.00000000000001
2017-06-04T14:00:00,N,N4,57.99999999999999
2017-06-04T15:00:00,N,N4,57.99999999999999
2017-06-04T16:00:00,N,N4,62.99999999999999
2017-06-04T17:00:00,N,N4,87.0
2017-06-04T18:00:00,N,N4,81.00000000000003
2017-06-04T19:00:00,N,N4,76.0
2017-06-04T20:00:00,N,N4,71.0
2017-06-04T21:00:00,N,N4,61.00000000000001
2017-06-04T22:00:00,N,N4,61.00000000000001
2017-06-04T23:00:00,N,N4,55.000000000000014
2017-06-05T00:00:00,N,N4,49.99999999999999
2017-06-05T01:00:00,N,N4,51.00000000000002
2017-06-05T02:00:00,N,N4,51.00000000000002
2017-06-05T03:00:00,N,N4,51.00000000000002
2017-06-05T04:00:00,N,N4,51.00000000000002
2017-06-05T05:00:00,N,N4,56.00000000000002
2017-06-05T06:00:00,N,N4,69.00000000000001
2017-06-05T07:00:00,N,N4,64.99999999999999
2017-06-05T08:00:00,N,N4,83.00000000000003
2017-06-05T09:00:00,N,N4,83.00000000000003
2017-06-05T10:00:00,N,N4,90.99999999999996
2017-06-05T11:00:00,N,N4,100.00000000000004
2017-06-05T12:00:00,N,N4,74.99999999999997
2017-06-05T13:00:00,N,N4,72.99999999999999
2017-06-05T14:00:00,N,N4,78.0
2017-06-05T15:00:00,N,N4,78.0
2017-06-05T16:00:00,N,N4,83.00000000000003
2017-06-05T17:00:00,N,N4,104.99999999999996
2017-06-05T18:00:00,N,N4,95.0
2017-06-05T19:00:00,N,N4,85.99999999999997
2017-06-05T20:00:00,N,N4,79.0
2017-06-05T21:00:00,N,N4,69.00000000000001
2017-06-05T22:00:00,N,N4,63.99999999999998
2017-06-05T23:00:00,N,N4,52.00000000000001
2017-06-06T00:00:00,N,N4,53.00000000000001
2017-06-06T01:00:00,N,N4,46.99999999999999
2017-06-06T02:00:00,N,N4,48.00000000000001
2017-06-06T03:00:00,N,N4,48.00000000000001
2017-06-06T04:00:00,N,N4,48.00000000000001
2017-06-06T05:00:00,N,N4,46.99999999999999
2017-06-06T06:00:00,N,N4,68.00000000000001
2017-06-06T07:00:00,N,N4,69.00000000000001
2017-06-06T08:00:00,N,N4,82.00000000000001
2017-06-06T09:00:00,N,N4,85.99999999999997
2017-06-06T10:00:00,N,N4,88.00000000000003
2017-06-06T11:00:00,N,N4,98.00000000000004
2017-06-06T12:00:00,N,N4,77.00000000000001
2017-06-06T13:00:00,N,N4,64.99999999999999
2017-06-06T14:00:00,N,N4,74.00000000000003
2017-06-06T15:00:00,N,N4,74.00000000000003
2017-06-06T16:00:00,N,N4,82.00000000000001
2017-06-06T17:00:00,N,N4,101.00000000000004
2017-06-06T18:00:00,N,N4,90.99999999999996
2017-06-06T19:00:00,N,N4,81.00000000000003
2017-06-06T20:00:00,N,N4,71.0
2017-06-06T21:00:00,N,N4,62.00000000000001
2017-06-06T22:00:00,N,N4,56.00000000000002
2017-06-06T23:00:00,N,N4,52.00000000000001
2017-06-07T00:00:00,N,N4,52.00000000000001
2017-06-07T01:00:00,N,N4,45.99999999999999
2017-06-07T02:00:00,N,N4,46.00000000000002
2017-06-07T03:00:00,N,N4,46.00000000000002
2017-06-07T04:00:00,N,N4,46.00000000000002
2017-06-07T05:00:00,N,N4,49.99999999999999
2017-06-07T06:00:00,N,N4,63.99999999999998
2017-06-07T07:00:00,N,N4,65.99999999999997
2017-06-07T08:00:00,N,N4,78.0
2017-06-07T09:00:00,N,N4,87.0
2017-06-07T10:00:00,N,N4,87.0
2017-06-07T11:00:00,N,N4,88.99999999999999
2017-06-07T12:00:00,N,N4,78.0
2017-06-07T13:00:00,N,N4,65.99999999999997
2017-06-07T14:00:00,N,N4,65.99999999999997
2017-06-07T15:00:00,N,N4,69.00000000000001
2017-06-07T16:00:00,N,N4,74.99999999999997
2017-06-07T17:00:00,N,N4,96.99999999999991
2017-06-07T18:00:00,N,N4,92.0
2017-06-07T19:00:00,N,N4,77.00000000000001
2017-06-07T20:00:00,N,N4,72.0
2017-06-07T21:00:00,N,N4,62.00000000000001
2017-06-07T22:00:00,N,N4,56.00000000000002
2017-06-07T23:00:00,N,N4,56.00000000000002
2017-06-08T00:00:00,N,N4,52.00000000000001
2017-06-08T01:00:00,N,N4,52.00000000000001
2017-06-08T02:00:00,N,N4,49.99999999999999
2017-06-08T03:00:00,N,N4,44.99999999999999
2017-06-08T04:00:00,N,N4,42.00000000000001
2017-06-08T05:00:00,N,N4,42.00000000000001
2017-06-08T06:00:00,N,N4,42.99999999999998
2017-06-08T07:00:00,N,N4,59.000000000000014
2017-06-08T08:00:00,N,N4,66.99999999999997
2017-06-08T09:00:00,N,N4,74.99999999999997
2017-06-08T10:00:00,N,N4,78.0
2017-06-08T11:00:00,N,N4,79.99999999999997
2017-06-08T12:00:00,N,N4,71.0
2017-06-08T13:00:00,N,N4,62.99999999999999
2017-06-08T14:00:00,N,N4,72.99999999999999
2017-06-08T15:00:00,N,N4,70.00000000000003
2017-06-08T16:00:00,N,N4,77.00000000000001
2017-06-08T17:00:00,N,N4,110.99999999999996
2017-06-08T18:00:00,N,N4,106.99999999999996
2017-06-08T19:00:00,N,N4,87.0
2017-06-08T20:00:00,N,N4,76.0
2017-06-08T21:00:00,N,N4,72.0
2017-06-08T22:00:00,N,N4,62.00000000000001
2017-06-08T23:00:00,N,N4,57.00000000000001
2017-06-09T00:00:00,N,N4,52.00000000000001
2017-06-09T01:00:00,N,N4,45.99999999999999
2017-06-09T02:00:00,N,N4,46.00000000000002
2017-06-09T03:00:00,N,N4,46.00000000000002
2017-06-09T04:00:00,N,N4,46.00000000000002
2017-06-09T05:00:00,N,N4,51.00000000000002
2017-06-09T06:00:00,N,N4,59.000000000000014
2017-06-09T07:00:00,N,N4,66.99999999999997
2017-06-09T08:00:00,N,N4,86.00000000000004
2017-06-09T09:00:00,N,N4,88.00000000000003
2017-06-09T10:00:00,N,N4,90.0
2017-06-09T11:00:00,N,N4,94.0
2017-06-09T12:00:00,N,N4,85.99999999999997
2017-06-09T13:00:00,N,N4,72.0
2017-06-09T14:00:00,N,N4,79.99999999999997
2017-06-09T15:00:00,N,N4,79.0
2017-06-09T16:00:00,N,N4,83.99999999999999
2017-06-09T17:00:00,N,N4,111.99999999999996
2017-06-09T18:00:00,N,N4,100.00000000000004
2017-06-09T19:00:00,N,N4,88.99999999999999
2017-06-09T20:00:00,N,N4,79.99999999999997
2017-06-09T21:00:00,N,N4,68.00000000000001
2017-06-09T22:00:00,N,N4,63.99999999999998
2017-06-09T23:00:00,N,N4,57.00000000000001
2017-06-10T00:00:00,N,N4,53.00000000000001
2017-06-10T01:00:00,N,N4,53.00000000000001
2017-06-10T02:00:00,N,N4,49.99999999999999
2017-06-10T03:00:00,N,N4,73.41666666666666
2017-06-10T04:00:00,N,N4,73.25
2017-06-10T05:00:00,N,N4,63.99999999999998
2017-06-10T06:00:00,N,N4,59.000000000000014
2017-06-10T07:00:00,N,N4,70.00000000000003
2017-06-10T08:00:00,N,N4,82.00000000000001
2017-06-10T09:00:00,N,N4,82.00000000000001
2017-06-10T10:00:00,N,N4,82.00000000000001
2017-06-10T11:00:00,N,N4,85.00000000000001
2017-06-10T12:00:00,N,N4,74.99999999999997
2017-06-10T13:00:00,N,N4,69.00000000000001
2017-06-10T14:00:00,N,N4,63.99999999999998
2017-06-10T15:00:00,N,N4,64.99999999999999
2017-06-10T16:00:00,N,N4,76.0
2017-06-10T17:00:00,N,N4,115.0
2017-06-10T18:00:00,N,N4,105.99999999999996
2017-06-10T19:00:00,N,N4,95.0
2017-06-10T20:00:00,N,N4,85.00000000000001
2017-06-10T21:00:00,N,N4,72.99999999999999
2017-06-10T22:00:00,N,N4,66.99999999999997
2017-06-10T23:00:00,N,N4,62.00000000000001
2017-06-11T00:00:00,N,N4,59.99999999999999
2017-06-11T01:00:00,N,N4,59.000000000000014
2017-06-11T02:00:00,N,N4,59.000000000000014
2017-06-11T03:00:00,N,N4,57.00000000000001
2017-06-11T04:00:00,N,N4,57.99999999999999
2017-06-11T05:00:00,N,N4,57.99999999999999
2017-06-11T06:00:00,N,N4,62.99999999999999
2017-06-11T07:00:00,N,N4,72.99999999999999
2017-06-11T08:00:00,N,N4,72.99999999999999
2017-06-11T09:00:00,N,N4,74.00000000000003
2017-06-11T10:00:00,N,N4,74.00000000000003
2017-06-11T11:00:00,N,N4,83.99999999999999
2017-06-11T12:00:00,N,N4,72.99999999999999
2017-06-11T13:00:00,N,N4,66.99999999999997
2017-06-11T14:00:00,N,N4,62.00000000000001
2017-06-11T15:00:00,N,N4,62.00000000000001
2017-06-11T16:00:00,N,N4,69.00000000000001
2017-06-11T17:00:00,N,N4,104.0
2017-06-11T18:00:00,N,N4,105.99999999999996
2017-06-11T19:00:00,N,N4,100.00000000000004
2017-06-11T20:00:00,N,N4,88.99999999999999
2017-06-11T21:00:00,N,N4,82.00000000000001
2017-06-11T22:00:00,N,N4,72.0
2017-06-11T23:00:00,N,N4,66.99999999999997
2017-06-12T00:00:00,N,N4,62.000000000000064
2017-06-12T01:00:00,N,N4,62.00000000000001
2017-06-12T02:00:00,N,N4,59.99999999999999
2017-06-12T03:00:00,N,N4,59.99999999999999
2017-06-12T04:00:00,N,N4,64.99999999999999
2017-06-12T05:00:00,N,N4,64.99999999999999
2017-06-12T06:00:00,N,N4,74.99999999999997
2017-06-12T07:00:00,N,N4,93.6
2017-06-12T08:00:00,N,N4,103.90800169571156
2017-06-12T09:00:00,N,N4,59.000000000000014
2017-06-12T10:00:00,N,N4,90.99999999999996
2017-06-12T11:00:00,N,N4,97.0
2017-06-12T12:00:00,N,N4,83.00000000000003
2017-06-12T13:00:00,N,N4,72.99999999999999
2017-06-12T14:00:00,N,N4,74.99999999999997
2017-06-12T15:00:00,N,N4,77.00000000000001
2017-06-12T16:00:00,N,N4,85.99999999999997
2017-06-12T17:00:00,N,N4,126.0
2017-06-12T18:00:00,N,N4,127.0
2017-06-12T19:00:00,N,N4,106.99999999999996
2017-06-12T20:00:00,N,N4,97.0
2017-06-12T21:00:00,N,N4,92.0
2017-06-12T22:00:00,N,N4,77.00000000000001
2017-06-12T23:00:00,N,N4,72.0
2017-06-13T00:00:00,N,N4,72.0
2017-06-13T01:00:00,N,N4,66.99999999999997
2017-06-13T02:00:00,N,N4,66.99999999999997
2017-06-13T03:00:00,N,N4,66.99999999999997
2017-06-13T04:00:00,N,N4,66.99999999999997
2017-06-13T05:00:00,N,N4,66.99999999999997
2017-06-13T06:00:00,N,N4,88.99999999999999
2017-06-13T07:00:00,N,N4,93.00000000000004
2017-06-13T08:00:00,N,N4,99.0
2017-06-13T09:00:00,N,N4,106.99999999999996
2017-06-13T10:00:00,N,N4,101.00000000000004
2017-06-13T11:00:00,N,N4,106.99999999999996
2017-06-13T12:00:00,N,N4,88.99999999999999
2017-06-13T13:00:00,N,N4,82.00000000000001
2017-06-13T14:00:00,N,N4,88.99999999999999
2017-06-13T15:00:00,N,N4,92.0
2017-06-13T16:00:00,N,N4,98.00000000000004
2017-06-13T17:00:00,N,N4,131.99999999999997
2017-06-13T18:00:00,N,N4,125.00000000000004
2017-06-13T19:00:00,N,N4,113.00000000000004
2017-06-13T20:00:00,N,N4,96.99999999999991
2017-06-13T21:00:00,N,N4,82.00000000000001
2017-06-13T22:00:00,N,N4,82.00000000000001
2017-06-13T23:00:00,N,N4,71.0
2017-06-14T00:00:00,N,N4,71.0
2017-06-14T01:00:00,N,N4,65.99999999999997
2017-06-14T02:00:00,N,N4,65.99999999999997
2017-06-14T03:00:00,N,N4,65.99999999999997
2017-06-14T04:00:00,N,N4,65.99999999999997
2017-06-14T05:00:00,N,N4,65.99999999999997
2017-06-14T06:00:00,N,N4,85.00000000000001
2017-06-14T07:00:00,N,N4,88.00000000000003
2017-06-14T08:00:00,N,N4,92.0
2017-06-14T09:00:00,N,N4,96.0
2017-06-14T10:00:00,N,N4,105.99999999999996
2017-06-14T11:00:00,N,N4,104.99999999999996
2017-06-14T12:00:00,N,N4,93.00000000000004
2017-06-14T13:00:00,N,N4,81.00000000000003
2017-06-14T14:00:00,N,N4,88.99999999999999
2017-06-14T15:00:00,N,N4,88.00000000000003
2017-06-14T16:00:00,N,N4,95.0
2017-06-14T17:00:00,N,N4,133.0
2017-06-14T18:00:00,N,N4,124.00000000000004
2017-06-14T19:00:00,N,N4,104.0
2017-06-14T20:00:00,N,N4,95.0
2017-06-14T21:00:00,N,N4,85.00000000000001
2017-06-14T22:00:00,N,N4,79.0
2017-06-14T23:00:00,N,N4,79.0
2017-06-15T00:00:00,N,N4,68.00000000000001
2017-06-15T01:00:00,N,N4,68.00000000000001
2017-06-15T02:00:00,N,N4,68.00000000000001
2017-06-15T03:00:00,N,N4,68.00000000000001
2017-06-15T04:00:00,N,N4,68.00000000000001
2017-06-15T05:00:00,N,N4,68.00000000000001
2017-06-15T06:00:00,N,N4,83.99999999999999
2017-06-15T07:00:00,N,N4,85.00000000000001
2017-06-15T08:00:00,N,N4,92.0
2017-06-15T09:00:00,N,N4,99.0
2017-06-15T10:00:00,N,N4,98.00000000000004
2017-06-15T11:00:00,N,N4,100.00000000000004
2017-06-15T12:00:00,N,N4,92.0
2017-06-15T13:00:00,N,N4,76.0
2017-06-15T14:00:00,N,N4,93.00000000000004
2017-06-15T15:00:00,N,N4,88.00000000000003
2017-06-15T16:00:00,N,N4,104.99999999999996
2017-06-15T17:00:00,N,N4,126.0
2017-06-15T18:00:00,N,N4,121.00000000000004
2017-06-15T19:00:00,N,N4,104.99999999999996
2017-06-15T20:00:00,N,N4,94.0
2017-06-15T21:00:00,N,N4,83.99999999999999
2017-06-15T22:00:00,N,N4,79.99999999999997
2017-06-15T23:00:00,N,N4,70.00000000000003
2017-06-16T00:00:00,N,N4,70.00000000000003
2017-06-16T01:00:00,N,N4,70.00000000000003
2017-06-16T02:00:00,N,N4,70.00000000000003
2017-06-16T03:00:00,N,N4,70.00000000000003
2017-06-16T04:00:00,N,N4,70.00000000000003
2017-06-16T05:00:00,N,N4,70.00000000000003
2017-06-16T06:00:00,N,N4,83.00000000000003
2017-06-16T07:00:00,N,N4,116.0
2017-06-16T08:00:00,N,N4,129.4800330048529
2017-06-16T09:00:00,N,N4,133.10278566444893
2017-06-16T10:00:00,N,N4,136.03212065342495
2017-06-16T11:00:00,N,N4,140.6851852928366
2017-06-16T12:00:00,N,N4,122.28536033380182
2017-06-16T13:00:00,N,N4,112.54391431064936
2017-06-16T14:00:00,N,N4,123.16234422524812
2017-06-16T15:00:00,N,N4,122.86501833862468
2017-06-16T16:00:00,N,N4,127.99999999999996
2017-06-16T17:00:00,N,N4,156.44222388835
2017-06-16T18:00:00,N,N4,156.66157464375536
2017-06-16T19:00:00,N,N4,136.50060270963905
2017-06-16T20:00:00,N,N4,122.2436651995094
2017-06-16T21:00:00,N,N4,110.93868992905898
2017-06-16T22:00:00,N,N4,103.28732763725526
2017-06-16T23:00:00,N,N4,97.0
2017-06-17T00:00:00,N,N4,90.99999999999996
2017-06-17T01:00:00,N,N4,90.99999999999996
2017-06-17T02:00:00,N,N4,85.00000000000001
2017-06-17T03:00:00,N,N4,85.00000000000001
2017-06-17T04:00:00,N,N4,85.00000000000001
2017-06-17T05:00:00,N,N4,85.99999999999997
2017-06-17T06:00:00,N,N4,103.0
2017-06-17T07:00:00,N,N4,110.26422514406306
2017-06-17T08:00:00,N,N4,125.00000000000004
2017-06-17T09:00:00,N,N4,127.0
2017-06-17T10:00:00,N,N4,127.99999999999996
2017-06-17T11:00:00,N,N4,142.00000000000003
2017-06-17T12:00:00,N,N4,123.15011136868996
2017-06-17T13:00:00,N,N4,113.00000000000004
2017-06-17T14:00:00,N,N4,114.00000000000004
2017-06-17T15:00:00,N,N4,114.00000000000004
2017-06-17T16:00:00,N,N4,111.99999999999996
2017-06-17T17:00:00,N,N4,152.99999999999997
2017-06-17T18:00:00,N,N4,142.00000000000003
2017-06-17T19:00:00,N,N4,130.00000000000009
2017-06-17T20:00:00,N,N4,108.99999999999996
2017-06-17T21:00:00,N,N4,99.0
2017-06-17T22:00:00,N,N4,95.0
2017-06-17T23:00:00,N,N4,90.0
2017-06-18T00:00:00,N,N4,79.0
2017-06-18T01:00:00,N,N4,79.0
2017-06-18T02:00:00,N,N4,74.99999999999997
2017-06-18T03:00:00,N,N4,74.99999999999997
2017-06-18T04:00:00,N,N4,74.99999999999997
2017-06-18T05:00:00,N,N4,79.99999999999997
2017-06-18T06:00:00,N,N4,83.00000000000003
2017-06-18T07:00:00,N,N4,92.0
2017-06-18T08:00:00,N,N4,92.0
2017-06-18T09:00:00,N,N4,90.99999999999996
2017-06-18T10:00:00,N,N4,98.00000000000004
2017-06-18T11:00:00,N,N4,110.99999999999996
2017-06-18T12:00:00,N,N4,110.99999999999996
2017-06-18T13:00:00,N,N4,82.00000000000001
2017-06-18T14:00:00,N,N4,81.00000000000003
2017-06-18T15:00:00,N,N4,81.00000000000003
2017-06-18T16:00:00,N,N4,83.99999999999999
2017-06-18T17:00:00,N,N4,118.00000000000004
2017-06-18T18:00:00,N,N4,111.99999999999996
2017-06-18T19:00:00,N,N4,105.99999999999996
2017-06-18T20:00:00,N,N4,95.0
2017-06-18T21:00:00,N,N4,79.99999999999997
2017-06-18T22:00:00,N,N4,77.00000000000001
2017-06-18T23:00:00,N,N4,72.0
2017-06-19T00:00:00,N,N4,72.0
2017-06-19T01:00:00,N,N4,72.0
2017-06-19T02:00:00,N,N4,72.0
2017-06-19T03:00:00,N,N4,72.0
2017-06-19T04:00:00,N,N4,72.0
2017-06-19T05:00:00,N,N4,77.00000000000001
2017-06-19T06:00:00,N,N4,90.99999999999996
2017-06-19T07:00:00,N,N4,103.0
2017-06-19T08:00:00,N,N4,122.99999999999994
2017-06-19T09:00:00,N,N4,133.0
2017-06-19T10:00:00,N,N4,131.99999999999997
2017-06-19T11:00:00,N,N4,133.99999999999997
2017-06-19T12:00:00,N,N4,115.0
2017-06-19T13:00:00,N,N4,104.0
2017-06-19T14:00:00,N,N4,119.99999999999996
2017-06-19T15:00:00,N,N4,124.00000000000004
2017-06-19T16:00:00,N,N4,127.0
2017-06-19T17:00:00,N,N4,159.99999999999994
2017-06-19T18:00:00,N,N4,149.99999999999997
2017-06-19T19:00:00,N,N4,135.00000000000003
2017-06-19T20:00:00,N,N4,125.00000000000004
2017-06-19T21:00:00,N,N4,108.99999999999989
2017-06-19T22:00:00,N,N4,97.0
2017-06-19T23:00:00,N,N4,87.0
2017-06-20T00:00:00,N,N4,85.00000000000001
2017-06-20T01:00:00,N,N4,83.99999999999999
2017-06-20T02:00:00,N,N4,83.99999999999999
2017-06-20T03:00:00,N,N4,84.00000000000006
2017-06-20T04:00:00,N,N4,83.99999999999999
2017-06-20T05:00:00,N,N4,93.00000000000004
2017-06-20T06:00:00,N,N4,121.00000000000004
2017-06-20T07:00:00,N,N4,110.00000000000004
2017-06-20T08:00:00,N,N4,126.0
2017-06-20T09:00:00,N,N4,137.00000000000003
2017-06-20T10:00:00,N,N4,137.00000000000003
2017-06-20T11:00:00,N,N4,144.99999999999997
2017-06-20T12:00:00,N,N4,122.99999999999994
2017-06-20T13:00:00,N,N4,108.00000000000004
2017-06-20T14:00:00,N,N4,116.0
2017-06-20T15:00:00,N,N4,127.99999999999996
2017-06-20T16:00:00,N,N4,131.99999999999997
2017-06-20T17:00:00,N,N4,167.99999999999997
2017-06-20T18:00:00,N,N4,149.99999999999997
2017-06-20T19:00:00,N,N4,129.99999999999997
2017-06-20T20:00:00,N,N4,114.00000000000004
2017-06-20T21:00:00,N,N4,100.00000000000004
2017-06-20T22:00:00,N,N4,93.00000000000004
2017-06-20T23:00:00,N,N4,88.00000000000003
2017-06-21T00:00:00,N,N4,83.99999999999999
2017-06-21T01:00:00,N,N4,85.00000000000001
2017-06-21T02:00:00,N,N4,83.99999999999999
2017-06-21T03:00:00,N,N4,82.00000000000001
2017-06-21T04:00:00,N,N4,87.0
2017-06-21T05:00:00,N,N4,96.0
2017-06-21T06:00:00,N,N4,114.00000000000004
2017-06-21T07:00:00,N,N4,115.0
2017-06-21T08:00:00,N,N4,133.99999999999997
2017-06-21T09:00:00,N,N4,144.0
2017-06-21T10:00:00,N,N4,126.0
2017-06-21T11:00:00,N,N4,142.00000000000003
2017-06-21T12:00:00,N,N4,118.00000000000004
2017-06-21T13:00:00,N,N4,100.00000000000004
2017-06-21T14:00:00,N,N4,121.00000000000004
2017-06-21T15:00:00,N,N4,116.0
2017-06-21T16:00:00,N,N4,117.00000000000004
2017-06-21T17:00:00,N,N4,164.99999999999994
2017-06-21T18:00:00,N,N4,144.99999999999997
2017-06-21T19:00:00,N,N4,127.99999999999996
2017-06-21T20:00:00,N,N4,116.0
2017-06-21T21:00:00,N,N4,104.99999999999996
2017-06-21T22:00:00,N,N4,98.00000000000004
2017-06-21T23:00:00,N,N4,83.00000000000003
2017-06-22T00:00:00,N,N4,81.00000000000003
2017-06-22T01:00:00,N,N4,79.0
2017-06-22T02:00:00,N,N4,78.0
2017-06-22T03:00:00,N,N4,78.0
2017-06-22T04:00:00,N,N4,78.0
2017-06-22T05:00:00,N,N4,92.0
2017-06-22T06:00:00,N,N4,108.00000000000004
2017-06-22T07:00:00,N,N4,113.00000000000004
2017-06-22T08:00:00,N,N4,111.99999999999996
2017-06-22T09:00:00,N,N4,126.0
2017-06-22T10:00:00,N,N4,126.0
2017-06-22T11:00:00,N,N4,135.00000000000003
2017-06-22T12:00:00,N,N4,105.99999999999996
2017-06-22T13:00:00,N,N4,92.58333333333331
2017-06-22T14:00:00,N,N4,85.00000000000001
2017-06-22T15:00:00,N,N4,119.00000000000004
2017-06-22T16:00:00,N,N4,127.0
2017-06-22T17:00:00,N,N4,122.99999999999994
2017-06-22T18:00:00,N,N4,147.99999999999994
2017-06-22T19:00:00,N,N4,128.99999999999997
2017-06-22T20:00:00,N,N4,111.99999999999996
2017-06-22T21:00:00,N,N4,97.0
2017-06-22T22:00:00,N,N4,92.0
2017-06-22T23:00:00,N,N4,85.00000000000001
2017-06-23T00:00:00,N,N4,81.00000000000003
2017-06-23T01:00:00,N,N4,79.0
2017-06-23T02:00:00,N,N4,76.0
2017-06-23T03:00:00,N,N4,76.0
2017-06-23T04:00:00,N,N4,78.0
2017-06-23T05:00:00,N,N4,86.00000000000004
2017-06-23T06:00:00,N,N4,106.99999999999996
2017-06-23T07:00:00,N,N4,100.00000000000004
2017-06-23T08:00:00,N,N4,126.0
2017-06-23T09:00:00,N,N4,127.0000000000001
2017-06-23T10:00:00,N,N4,133.99999999999986
2017-06-23T11:00:00,N,N4,141.00000000000003
2017-06-23T12:00:00,N,N4,104.99999999999996
2017-06-23T13:00:00,N,N4,97.0
2017-06-23T14:00:00,N,N4,110.99999999999996
2017-06-23T15:00:00,N,N4,115.0
2017-06-23T16:00:00,N,N4,122.00000000000004
2017-06-23T17:00:00,N,N4,159.0
2017-06-23T18:00:00,N,N4,149.99999999999997
2017-06-23T19:00:00,N,N4,126.0
2017-06-23T20:00:00,N,N4,108.99999999999996
2017-06-23T21:00:00,N,N4,94.0
2017-06-23T22:00:00,N,N4,83.99999999999999
2017-06-23T23:00:00,N,N4,81.00000000000003
2017-06-24T00:00:00,N,N4,79.99999999999997
2017-06-24T01:00:00,N,N4,79.99999999999997
2017-06-24T02:00:00,N,N4,72.99999999999999
2017-06-24T03:00:00,N,N4,72.99999999999999
2017-06-24T04:00:00,N,N4,72.99999999999999
2017-06-24T05:00:00,N,N4,79.99999999999997
2017-06-24T06:00:00,N,N4,89.52286165316974
2017-06-24T07:00:00,N,N4,90.0
2017-06-24T08:00:00,N,N4,111.99999999999996
2017-06-24T09:00:00,N,N4,119.00000000000004
2017-06-24T10:00:00,N,N4,118.00000000000004
2017-06-24T11:00:00,N,N4,126.0
2017-06-24T12:00:00,N,N4,103.0
2017-06-24T13:00:00,N,N4,97.0
2017-06-24T14:00:00,N,N4,97.0
2017-06-24T15:00:00,N,N4,92.0
2017-06-24T16:00:00,N,N4,98.00000000000004
2017-06-24T17:00:00,N,N4,147.99999999999994
2017-06-24T18:00:00,N,N4,142.99999999999994
2017-06-24T19:00:00,N,N4,117.00000000000004
2017-06-24T20:00:00,N,N4,97.0
2017-06-24T21:00:00,N,N4,92.0
2017-06-24T22:00:00,N,N4,87.0
2017-06-24T23:00:00,N,N4,77.00000000000001
2017-06-25T00:00:00,N,N4,77.00000000000001
2017-06-25T01:00:00,N,N4,72.0
2017-06-25T02:00:00,N,N4,72.0
2017-06-25T03:00:00,N,N4,72.0
2017-06-25T04:00:00,N,N4,72.0
2017-06-25T05:00:00,N,N4,72.0
2017-06-25T06:00:00,N,N4,77.37070511703605
2017-06-25T07:00:00,N,N4,74.02874116171913
2017-06-25T08:00:00,N,N4,77.00000000000001
2017-06-25T09:00:00,N,N4,90.0
2017-06-25T10:00:00,N,N4,100.00000000000004
2017-06-25T11:00:00,N,N4,95.0
2017-06-25T12:00:00,N,N4,90.0
2017-06-25T13:00:00,N,N4,79.99999999999997
2017-06-25T14:00:00,N,N4,79.99999999999997
2017-06-25T15:00:00,N,N4,74.99999999999997
2017-06-25T16:00:00,N,N4,79.99999999999997
2017-06-25T17:00:00,N,N4,126.0
2017-06-25T18:00:00,N,N4,131.99999999999997
2017-06-25T19:00:00,N,N4,111.99999999999996
2017-06-25T20:00:00,N,N4,98.00000000000004
2017-06-25T21:00:00,N,N4,90.99999999999996
2017-06-25T22:00:00,N,N4,81.00000000000003
2017-06-25T23:00:00,N,N4,76.0
2017-06-26T00:00:00,N,N4,71.0
2017-06-26T01:00:00,N,N4,71.0
2017-06-26T02:00:00,N,N4,71.0
2017-06-26T03:00:00,N,N4,71.0
2017-06-26T04:00:00,N,N4,71.0
2017-06-26T05:00:00,N,N4,71.0
2017-06-26T06:00:00,N,N4,94.0
2017-06-26T07:00:00,N,N4,105.99999999999996
2017-06-26T08:00:00,N,N4,117.00000000000004
2017-06-26T09:00:00,N,N4,121.00000000000004
2017-06-26T10:00:00,N,N4,121.00000000000004
2017-06-26T11:00:00,N,N4,127.0
2017-06-26T12:00:00,N,N4,96.0
2017-06-26T13:00:00,N,N4,104.99999999999996
2017-06-26T14:00:00,N,N4,105.99999999999996
2017-06-26T15:00:00,N,N4,108.00000000000004
2017-06-26T16:00:00,N,N4,118.00000000000004
2017-06-26T17:00:00,N,N4,122.99999999999994
2017-06-26T18:00:00,N,N4,144.0
2017-06-26T19:00:00,N,N4,117.00000000000004
2017-06-26T20:00:00,N,N4,99.0
2017-06-26T21:00:00,N,N4,88.00000000000003
2017-06-26T22:00:00,N,N4,85.00000000000001
2017-06-26T23:00:00,N,N4,77.00000000000001
2017-06-27T00:00:00,N,N4,72.99999999999999
2017-06-27T01:00:00,N,N4,72.0
2017-06-27T02:00:00,N,N4,72.0
2017-06-27T03:00:00,N,N4,72.0
2017-06-27T04:00:00,N,N4,72.0
2017-06-27T05:00:00,N,N4,72.0
2017-06-27T06:00:00,N,N4,88.00000000000003
2017-06-27T07:00:00,N,N4,90.99999999999996
2017-06-27T08:00:00,N,N4,116.0
2017-06-27T09:00:00,N,N4,110.00000000000004
2017-06-27T10:00:00,N,N4,119.99999999999996
2017-06-27T11:00:00,N,N4,124.00000000000004
2017-06-27T12:00:00,N,N4,100.00000000000004
2017-06-27T13:00:00,N,N4,90.99999999999996
2017-06-27T14:00:00,N,N4,113.00000000000004
2017-06-27T15:00:00,N,N4,116.0
2017-06-27T16:00:00,N,N4,117.00000000000004
2017-06-27T17:00:00,N,N4,152.99999999999997
2017-06-27T18:00:00,N,N4,139.99999999999994
2017-06-27T19:00:00,N,N4,104.99999999999996
2017-06-27T20:00:00,N,N4,93.00000000000004
2017-06-27T21:00:00,N,N4,82.00000000000001
2017-06-27T22:00:00,N,N4,72.0
2017-06-27T23:00:00,N,N4,68.00000000000001
2017-06-28T00:00:00,N,N4,62.99999999999999
2017-06-28T01:00:00,N,N4,62.00000000000001
2017-06-28T02:00:00,N,N4,62.00000000000001
2017-06-28T03:00:00,N,N4,62.000000000000064
2017-06-28T04:00:00,N,N4,62.00000000000001
2017-06-28T05:00:00,N,N4,68.00000000000001
2017-06-28T06:00:00,N,N4,90.0
2017-06-28T07:00:00,N,N4,99.0
2017-06-28T08:00:00,N,N4,114.00000000000004
2017-06-28T09:00:00,N,N4,116.0
2017-06-28T10:00:00,N,N4,119.00000000000004
2017-06-28T11:00:00,N,N4,129.99999999999997
2017-06-28T12:00:00,N,N4,105.99999999999996
2017-06-28T13:00:00,N,N4,99.0
2017-06-28T14:00:00,N,N4,115.0
2017-06-28T15:00:00,N,N4,110.99999999999996
2017-06-28T16:00:00,N,N4,115.0
2017-06-28T17:00:00,N,N4,154.00000000000006
2017-06-28T18:00:00,N,N4,144.0
2017-06-28T19:00:00,N,N4,114.00000000000004
2017-06-28T20:00:00,N,N4,99.0
2017-06-28T21:00:00,N,N4,88.00000000000003
2017-06-28T22:00:00,N,N4,83.00000000000003
2017-06-28T23:00:00,N,N4,72.99999999999999
2017-06-29T00:00:00,N,N4,72.99999999999999
2017-06-29T01:00:00,N,N4,68.00000000000001
2017-06-29T02:00:00,N,N4,68.00000000000001
2017-06-29T03:00:00,N,N4,68.00000000000001
2017-06-29T04:00:00,N,N4,68.00000000000001
2017-06-29T05:00:00,N,N4,77.00000000000001
2017-06-29T06:00:00,N,N4,97.0
2017-06-29T07:00:00,N,N4,105.99999999999996
2017-06-29T08:00:00,N,N4,110.99999999999996
2017-06-29T09:00:00,N,N4,113.00000000000004
2017-06-29T10:00:00,N,N4,122.00000000000004
2017-06-29T11:00:00,N,N4,135.00000000000003
2017-06-29T12:00:00,N,N4,116.0
2017-06-29T13:00:00,N,N4,110.00000000000004
2017-06-29T14:00:00,N,N4,119.99999999999996
2017-06-29T15:00:00,N,N4,119.00000000000004
2017-06-29T16:00:00,N,N4,117.00000000000004
2017-06-29T17:00:00,N,N4,154.00000000000006
2017-06-29T18:00:00,N,N4,138.00000000000006
2017-06-29T19:00:00,N,N4,116.0
2017-06-29T20:00:00,N,N4,100.00000000000004
2017-06-29T21:00:00,N,N4,88.99999999999999
2017-06-29T22:00:00,N,N4,83.99999999999999
2017-06-29T23:00:00,N,N4,78.0
2017-06-30T00:00:00,N,N4,78.0
2017-06-30T01:00:00,N,N4,74.00000000000003
2017-06-30T02:00:00,N,N4,68.00000000000001
2017-06-30T03:00:00,N,N4,68.00000000000001
2017-06-30T04:00:00,N,N4,68.00000000000001
2017-06-30T05:00:00,N,N4,72.99999999999999
2017-06-30T06:00:00,N,N4,96.0
2017-06-30T07:00:00,N,N4,101.99999999999996
2017-06-30T08:00:00,N,N4,118.00000000000004
2017-06-30T09:00:00,N,N4,122.00000000000004
2017-06-30T10:00:00,N,N4,127.0
2017-06-30T11:00:00,N,N4,139.99999999999994
2017-06-30T12:00:00,N,N4,122.99999999999994
2017-06-30T13:00:00,N,N4,103.0
2017-06-30T14:00:00,N,N4,104.0
2017-06-30T15:00:00,N,N4,104.99999999999996
2017-06-30T16:00:00,N,N4,110.99999999999996
2017-06-30T17:00:00,N,N4,129.99999999999997
2017-06-30T18:00:00,N,N4,129.99999999999997
2017-06-30T19:00:00,N,N4,108.99999999999996
2017-06-30T20:00:00,N,N4,95.0
2017-06-30T21:00:00,N,N4,85.00000000000001
2017-06-30T22:00:00,N,N4,79.99999999999997
2017-06-30T23:00:00,N,N4,70.00000000000003
2017-07-01T00:00:00,N,N4,64.99999999999999
2017-07-01T01:00:00,N,N4,64.99999999999999
2017-07-01T02:00:00,N,N4,64.99999999999999
2017-07-01T03:00:00,N,N4,64.99999999999999
2017-07-01T04:00:00,N,N4,64.99999999999999
2017-07-01T05:00:00,N,N4,68.00000000000001
2017-07-01T06:00:00,N,N4,85.00000000000001
2017-07-01T07:00:00,N,N4,101.99999999999996
2017-07-01T08:00:00,N,N4,119.00000000000004
2017-07-01T09:00:00,N,N4,113.00000000000004
2017-07-01T10:00:00,N,N4,119.99999999999996
2017-07-01T11:00:00,N,N4,125.00000000000004
2017-07-01T12:00:00,N,N4,103.0
2017-07-01T13:00:00,N,N4,95.0
2017-07-01T14:00:00,N,N4,85.00000000000001
2017-07-01T15:00:00,N,N4,85.00000000000001
2017-07-01T16:00:00,N,N4,85.99999999999997
2017-07-01T17:00:00,N,N4,118.00000000000004
2017-07-01T18:00:00,N,N4,108.99999999999996
2017-07-01T19:00:00,N,N4,94.0
2017-07-01T20:00:00,N,N4,83.99999999999999
2017-07-01T21:00:00,N,N4,74.00000000000003
2017-07-01T22:00:00,N,N4,69.00000000000001
2017-07-01T23:00:00,N,N4,64.99999999999999
2017-07-02T00:00:00,N,N4,59.99999999999999
2017-07-02T01:00:00,N,N4,59.99999999999999
2017-07-02T02:00:00,N,N4,59.99999999999999
2017-07-02T03:00:00,N,N4,55.000000000000014
2017-07-02T04:00:00,N,N4,55.000000000000014
2017-07-02T05:00:00,N,N4,55.000000000000014
2017-07-02T06:00:00,N,N4,59.000000000000014
2017-07-02T07:00:00,N,N4,63.99999999999998
2017-07-02T08:00:00,N,N4,75.4683948194396
2017-07-02T09:00:00,N,N4,77.6022302763198
2017-07-02T10:00:00,N,N4,80.44091409129412
2017-07-02T11:00:00,N,N4,84.08651735168368
2017-07-02T12:00:00,N,N4,68.95391789211354
2017-07-02T13:00:00,N,N4,61.00000000000001
2017-07-02T14:00:00,N,N4,72.33543931134541
2017-07-02T15:00:00,N,N4,74.44429690808414
2017-07-02T16:00:00,N,N4,80.81875681334112
2017-07-02T17:00:00,N,N4,105.99999999999996
2017-07-02T18:00:00,N,N4,101.00000000000004
2017-07-02T19:00:00,N,N4,90.99999999999996
2017-07-02T20:00:00,N,N4,81.00000000000003
2017-07-02T21:00:00,N,N4,76.0
2017-07-02T22:00:00,N,N4,65.99999999999997
2017-07-02T23:00:00,N,N4,62.00000000000001
2017-07-03T00:00:00,N,N4,62.00000000000001
2017-07-03T01:00:00,N,N4,56.00000000000002
2017-07-03T02:00:00,N,N4,56.00000000000002
2017-07-03T03:00:00,N,N4,56.00000000000002
2017-07-03T04:00:00,N,N4,59.99999999999999
2017-07-03T05:00:00,N,N4,70.00000000000003
2017-07-03T06:00:00,N,N4,85.99999999999997
2017-07-03T07:00:00,N,N4,97.0
2017-07-03T08:00:00,N,N4,117.00000000000004
2017-07-03T09:00:00,N,N4,125.00000000000004
2017-07-03T10:00:00,N,N4,122.00000000000004
2017-07-03T11:00:00,N,N4,131.99999999999997
2017-07-03T12:00:00,N,N4,103.0
2017-07-03T13:00:00,N,N4,95.0
2017-07-03T14:00:00,N,N4,119.99999999999996
2017-07-03T15:00:00,N,N4,117.00000000000004
2017-07-03T16:00:00,N,N4,129.99999999999997
2017-07-03T17:00:00,N,N4,149.99999999999997
2017-07-03T18:00:00,N,N4,139.99999999999994
2017-07-03T19:00:00,N,N4,111.99999999999996
2017-07-03T20:00:00,N,N4,101.99999999999996
2017-07-03T21:00:00,N,N4,90.99999999999996
2017-07-03T22:00:00,N,N4,83.99999999999999
2017-07-03T23:00:00,N,N4,77.00000000000001
2017-07-04T00:00:00,N,N4,72.0
2017-07-04T01:00:00,N,N4,74.00000000000003
2017-07-04T02:00:00,N,N4,71.0
2017-07-04T03:00:00,N,N4,71.0
2017-07-04T04:00:00,N,N4,71.0
2017-07-04T05:00:00,N,N4,82.00000000000001
2017-07-04T06:00:00,N,N4,103.0
2017-07-04T07:00:00,N,N4,98.00000000000004
2017-07-04T08:00:00,N,N4,113.00000000000004
2017-07-04T09:00:00,N,N4,110.99999999999996
2017-07-04T10:00:00,N,N4,119.00000000000004
2017-07-04T11:00:00,N,N4,118.00000000000004
2017-07-04T12:00:00,N,N4,99.0
2017-07-04T13:00:00,N,N4,85.99999999999997
2017-07-04T14:00:00,N,N4,100.00000000000004
2017-07-04T15:00:00,N,N4,100.00000000000004
2017-07-04T16:00:00,N,N4,103.0
2017-07-04T17:00:00,N,N4,142.00000000000003
2017-07-04T18:00:00,N,N4,135.00000000000003
2017-07-04T19:00:00,N,N4,108.99999999999996
2017-07-04T20:00:00,N,N4,92.0
2017-07-04T21:00:00,N,N4,85.99999999999997
2017-07-04T22:00:00,N,N4,77.00000000000001
2017-07-04T23:00:00,N,N4,66.99999999999997
2017-07-05T00:00:00,N,N4,62.00000000000001
2017-07-05T01:00:00,N,N4,62.000000000000064
2017-07-05T02:00:00,N,N4,62.99999999999999
2017-07-05T03:00:00,N,N4,62.99999999999999
2017-07-05T04:00:00,N,N4,64.99999999999999
2017-07-05T05:00:00,N,N4,70.00000000000003
2017-07-05T06:00:00,N,N4,90.99999999999996
2017-07-05T07:00:00,N,N4,96.0
2017-07-05T08:00:00,N,N4,118.00000000000004
2017-07-05T09:00:00,N,N4,121.00000000000004
2017-07-05T10:00:00,N,N4,131.99999999999997
2017-07-05T11:00:00,N,N4,136.00000000000006
2017-07-05T12:00:00,N,N4,116.0
2017-07-05T13:00:00,N,N4,101.99999999999996
2017-07-05T14:00:00,N,N4,115.0
2017-07-05T15:00:00,N,N4,110.00000000000004
2017-07-05T16:00:00,N,N4,117.00000000000004
2017-07-05T17:00:00,N,N4,144.99999999999997
2017-07-05T18:00:00,N,N4,144.99999999999997
2017-07-05T19:00:00,N,N4,122.00000000000004
2017-07-05T20:00:00,N,N4,104.99999999999996
2017-07-05T21:00:00,N,N4,93.00000000000004
2017-07-05T22:00:00,N,N4,79.99999999999997
2017-07-05T23:00:00,N,N4,74.00000000000003
2017-07-06T00:00:00,N,N4,70.00000000000003
2017-07-06T01:00:00,N,N4,70.00000000000003
2017-07-06T02:00:00,N,N4,74.00000000000003
2017-07-06T03:00:00,N,N4,74.00000000000003
2017-07-06T04:00:00,N,N4,74.00000000000003
2017-07-06T05:00:00,N,N4,81.00000000000003
2017-07-06T06:00:00,N,N4,92.0
2017-07-06T07:00:00,N,N4,100.00000000000004
2017-07-06T08:00:00,N,N4,111.99999999999996
2017-07-06T09:00:00,N,N4,111.99999999999996
2017-07-06T10:00:00,N,N4,119.99999999999996
2017-07-06T11:00:00,N,N4,130.99999999999994
2017-07-06T12:00:00,N,N4,110.00000000000004
2017-07-06T13:00:00,N,N4,104.99999999999996
2017-07-06T14:00:00,N,N4,119.99999999999996
2017-07-06T15:00:00,N,N4,118.00000000000004
2017-07-06T16:00:00,N,N4,125.00000000000004
2017-07-06T17:00:00,N,N4,152.0
2017-07-06T18:00:00,N,N4,152.0
2017-07-06T19:00:00,N,N4,104.99999999999996
2017-07-06T20:00:00,N,N4,96.0
2017-07-06T21:00:00,N,N4,85.00000000000001
2017-07-06T22:00:00,N,N4,81.00000000000003
2017-07-06T23:00:00,N,N4,79.0
2017-07-07T00:00:00,N,N4,72.99999999999999
2017-07-07T01:00:00,N,N4,74.00000000000003
2017-07-07T02:00:00,N,N4,74.00000000000003
2017-07-07T03:00:00,N,N4,74.00000000000003
2017-07-07T04:00:00,N,N4,74.00000000000003
2017-07-07T05:00:00,N,N4,81.00000000000003
2017-07-07T06:00:00,N,N4,93.00000000000004
2017-07-07T07:00:00,N,N4,103.0
2017-07-07T08:00:00,N,N4,128.99999999999997
2017-07-07T09:00:00,N,N4,129.99999999999997
2017-07-07T10:00:00,N,N4,133.0
2017-07-07T11:00:00,N,N4,133.99999999999997
2017-07-07T12:00:00,N,N4,113.00000000000004
2017-07-07T13:00:00,N,N4,98.00000000000004
2017-07-07T14:00:00,N,N4,122.00000000000004
2017-07-07T15:00:00,N,N4,126.0
2017-07-07T16:00:00,N,N4,122.99999999999994
2017-07-07T17:00:00,N,N4,152.0
2017-07-07T18:00:00,N,N4,141.00000000000003
2017-07-07T19:00:00,N,N4,110.00000000000004
2017-07-07T20:00:00,N,N4,100.00000000000004
2017-07-07T21:00:00,N,N4,88.99999999999999
2017-07-07T22:00:00,N,N4,81.00000000000003
2017-07-07T23:00:00,N,N4,76.0
2017-07-08T00:00:00,N,N4,71.0
2017-07-08T01:00:00,N,N4,64.99999999999999
2017-07-08T02:00:00,N,N4,64.99999999999999
2017-07-08T03:00:00,N,N4,64.99999999999999
2017-07-08T04:00:00,N,N4,64.99999999999999
2017-07-08T05:00:00,N,N4,70.00000000000003
2017-07-08T06:00:00,N,N4,77.00000000000001
2017-07-08T07:00:00,N,N4,100.00000000000004
2017-07-08T08:00:00,N,N4,104.99999999999996
2017-07-08T09:00:00,N,N4,105.99999999999996
2017-07-08T10:00:00,N,N4,110.00000000000004
2017-07-08T11:00:00,N,N4,114.00000000000004
2017-07-08T12:00:00,N,N4,97.0
2017-07-08T13:00:00,N,N4,92.0
2017-07-08T14:00:00,N,N4,99.0
2017-07-08T15:00:00,N,N4,99.0
2017-07-08T16:00:00,N,N4,90.99999999999996
2017-07-08T17:00:00,N,N4,127.99999999999996
2017-07-08T18:00:00,N,N4,122.00000000000004
2017-07-08T19:00:00,N,N4,110.00000000000004
2017-07-08T20:00:00,N,N4,88.99999999999999
2017-07-08T21:00:00,N,N4,79.0
2017-07-08T22:00:00,N,N4,74.00000000000003
2017-07-08T23:00:00,N,N4,69.00000000000001
2017-07-09T00:00:00,N,N4,68.00000000000001
2017-07-09T01:00:00,N,N4,62.99999999999999
2017-07-09T02:00:00,N,N4,62.99999999999999
2017-07-09T03:00:00,N,N4,62.99999999999999
2017-07-09T04:00:00,N,N4,62.99999999999999
2017-07-09T05:00:00,N,N4,68.00000000000001
2017-07-09T06:00:00,N,N4,76.0
2017-07-09T07:00:00,N,N4,87.0
2017-07-09T08:00:00,N,N4,87.0
2017-07-09T09:00:00,N,N4,85.99999999999997
2017-07-09T10:00:00,N,N4,90.0
2017-07-09T11:00:00,N,N4,92.0
2017-07-09T12:00:00,N,N4,82.00000000000001
2017-07-09T13:00:00,N,N4,72.0
2017-07-09T14:00:00,N,N4,83.58914834907375
2017-07-09T15:00:00,N,N4,85.06258791049812
2017-07-09T16:00:00,N,N4,90.76868273375652
2017-07-09T17:00:00,N,N4,115.0
2017-07-09T18:00:00,N,N4,115.0
2017-07-09T19:00:00,N,N4,103.0
2017-07-09T20:00:00,N,N4,87.0
2017-07-09T21:00:00,N,N4,82.00000000000001
2017-07-09T22:00:00,N,N4,72.0
2017-07-09T23:00:00,N,N4,66.99999999999997
2017-07-10T00:00:00,N,N4,66.99999999999997
2017-07-10T01:00:00,N,N4,62.00000000000001
2017-07-10T02:00:00,N,N4,62.00000000000001
2017-07-10T03:00:00,N,N4,62.00000000000001
2017-07-10T04:00:00,N,N4,62.00000000000001
2017-07-10T05:00:00,N,N4,65.99999999999997
2017-07-10T06:00:00,N,N4,94.0
2017-07-10T07:00:00,N,N4,100.00000000000004
2017-07-10T08:00:00,N,N4,110.99999999999996
2017-07-10T09:00:00,N,N4,110.99999999999996
2017-07-10T10:00:00,N,N4,110.99999999999996
2017-07-10T11:00:00,N,N4,113.00000000000004
2017-07-10T12:00:00,N,N4,94.0
2017-07-10T13:00:00,N,N4,101.00000000000004
2017-07-10T14:00:00,N,N4,111.99999999999996
2017-07-10T15:00:00,N,N4,110.99999999999996
2017-07-10T16:00:00,N,N4,115.0
2017-07-10T17:00:00,N,N4,118.00000000000004
2017-07-10T18:00:00,N,N4,152.0
2017-07-10T19:00:00,N,N4,122.00000000000004
2017-07-10T20:00:00,N,N4,103.0
2017-07-10T21:00:00,N,N4,90.0
2017-07-10T22:00:00,N,N4,82.00000000000001
2017-07-10T23:00:00,N,N4,79.0
2017-07-11T00:00:00,N,N4,70.00000000000003
2017-07-11T01:00:00,N,N4,70.00000000000003
2017-07-11T02:00:00,N,N4,70.00000000000003
2017-07-11T03:00:00,N,N4,70.00000000000003
2017-07-11T04:00:00,N,N4,70.00000000000003
2017-07-11T05:00:00,N,N4,74.99999999999997
2017-07-11T06:00:00,N,N4,92.0
2017-07-11T07:00:00,N,N4,93.00000000000004
2017-07-11T08:00:00,N,N4,125.00000000000004
2017-07-11T09:00:00,N,N4,119.99999999999996
2017-07-11T10:00:00,N,N4,128.99999999999997
2017-07-11T11:00:00,N,N4,137.00000000000003
2017-07-11T12:00:00,N,N4,116.0
2017-07-11T13:00:00,N,N4,108.00000000000004
2017-07-11T14:00:00,N,N4,125.00000000000004
2017-07-11T15:00:00,N,N4,127.99999999999996
2017-07-11T16:00:00,N,N4,133.0
2017-07-11T17:00:00,N,N4,151.0
2017-07-11T18:00:00,N,N4,166.00000000000006
2017-07-11T19:00:00,N,N4,131.99999999999997
2017-07-11T20:00:00,N,N4,121.00000000000004
2017-07-11T21:00:00,N,N4,104.0
2017-07-11T22:00:00,N,N4,99.0
2017-07-11T23:00:00,N,N4,93.00000000000004
2017-07-12T00:00:00,N,N4,83.99999999999999
2017-07-12T01:00:00,N,N4,82.00000000000001
2017-07-12T02:00:00,N,N4,82.00000000000001
2017-07-12T03:00:00,N,N4,82.00000000000001
2017-07-12T04:00:00,N,N4,83.99999999999999
2017-07-12T05:00:00,N,N4,88.00000000000003
2017-07-12T06:00:00,N,N4,115.0
2017-07-12T07:00:00,N,N4,117.00000000000004
2017-07-12T08:00:00,N,N4,124.00000000000004
2017-07-12T09:00:00,N,N4,127.0
2017-07-12T10:00:00,N,N4,126.0
2017-07-12T11:00:00,N,N4,127.99999999999996
2017-07-12T12:00:00,N,N4,99.0
2017-07-12T13:00:00,N,N4,104.0
2017-07-12T14:00:00,N,N4,116.0
2017-07-12T15:00:00,N,N4,121.00000000000004
2017-07-12T16:00:00,N,N4,122.99999999999994
2017-07-12T17:00:00,N,N4,158.00000000000003
2017-07-12T18:00:00,N,N4,152.99999999999997
2017-07-12T19:00:00,N,N4,139.99999999999994
2017-07-12T20:00:00,N,N4,118.00000000000004
2017-07-12T21:00:00,N,N4,100.00000000000004
2017-07-12T22:00:00,N,N4,99.0
2017-07-12T23:00:00,N,N4,93.00000000000004
2017-07-13T00:00:00,N,N4,87.0
2017-07-13T01:00:00,N,N4,82.00000000000001
2017-07-13T02:00:00,N,N4,81.99999999999994
2017-07-13T03:00:00,N,N4,82.00000000000001
2017-07-13T04:00:00,N,N4,82.00000000000001
2017-07-13T05:00:00,N,N4,92.0
2017-07-13T06:00:00,N,N4,108.00000000000004
2017-07-13T07:00:00,N,N4,110.00000000000004
2017-07-13T08:00:00,N,N4,121.00000000000004
2017-07-13T09:00:00,N,N4,121.00000000000004
2017-07-13T10:00:00,N,N4,128.99999999999997
2017-07-13T11:00:00,N,N4,131.99999999999997
2017-07-13T12:00:00,N,N4,108.99999999999996
2017-07-13T13:00:00,N,N4,100.00000000000004
2017-07-13T14:00:00,N,N4,110.99999999999996
2017-07-13T15:00:00,N,N4,116.0
2017-07-13T16:00:00,N,N4,119.00000000000004
2017-07-13T17:00:00,N,N4,154.00000000000006
2017-07-13T18:00:00,N,N4,166.00000000000006
2017-07-13T19:00:00,N,N4,133.0
2017-07-13T20:00:00,N,N4,119.00000000000004
2017-07-13T21:00:00,N,N4,108.00000000000004
2017-07-13T22:00:00,N,N4,98.00000000000004
2017-07-13T23:00:00,N,N4,90.99999999999996
2017-07-14T00:00:00,N,N4,85.99999999999997
2017-07-14T01:00:00,N,N4,79.99999999999997
2017-07-14T02:00:00,N,N4,79.99999999999997
2017-07-14T03:00:00,N,N4,79.99999999999997
2017-07-14T04:00:00,N,N4,79.99999999999997
2017-07-14T05:00:00,N,N4,79.99999999999997
2017-07-14T06:00:00,N,N4,98.00000000000004
2017-07-14T07:00:00,N,N4,110.99999999999996
2017-07-14T08:00:00,N,N4,121.00000000000004
2017-07-14T09:00:00,N,N4,116.0
2017-07-14T10:00:00,N,N4,124.00000000000004
2017-07-14T11:00:00,N,N4,127.99999999999996
2017-07-14T12:00:00,N,N4,108.00000000000004
2017-07-14T13:00:00,N,N4,103.0
2017-07-14T14:00:00,N,N4,119.99999999999996
2017-07-14T15:00:00,N,N4,133.99999999999997
2017-07-14T16:00:00,N,N4,142.00000000000003
2017-07-14T17:00:00,N,N4,166.00000000000006
2017-07-14T18:00:00,N,N4,159.0
2017-07-14T19:00:00,N,N4,142.00000000000003
2017-07-14T20:00:00,N,N4,119.99999999999996
2017-07-14T21:00:00,N,N4,105.99999999999996
2017-07-14T22:00:00,N,N4,96.0
2017-07-14T23:00:00,N,N4,90.0
2017-07-15T00:00:00,N,N4,85.00000000000001
2017-07-15T01:00:00,N,N4,85.99999999999997
2017-07-15T02:00:00,N,N4,85.99999999999997
2017-07-15T03:00:00,N,N4,85.99999999999997
2017-07-15T04:00:00,N,N4,85.99999999999997
2017-07-15T05:00:00,N,N4,85.99999999999997
2017-07-15T06:00:00,N,N4,111.99999999999996
2017-07-15T07:00:00,N,N4,114.00000000000004
2017-07-15T08:00:00,N,N4,127.0
2017-07-15T09:00:00,N,N4,124.00000000000004
2017-07-15T10:00:00,N,N4,131.99999999999997
2017-07-15T11:00:00,N,N4,127.99999999999996
2017-07-15T12:00:00,N,N4,103.0
2017-07-15T13:00:00,N,N4,99.0
2017-07-15T14:00:00,N,N4,99.0
2017-07-15T15:00:00,N,N4,99.0
2017-07-15T16:00:00,N,N4,99.0
2017-07-15T17:00:00,N,N4,142.99999999999994
2017-07-15T18:00:00,N,N4,142.99999999999994
2017-07-15T19:00:00,N,N4,119.99999999999996
2017-07-15T20:00:00,N,N4,101.99999999999996
2017-07-15T21:00:00,N,N4,85.00000000000001
2017-07-15T22:00:00,N,N4,74.99999999999997
2017-07-15T23:00:00,N,N4,74.99999999999997
2017-07-16T00:00:00,N,N4,68.00000000000001
2017-07-16T01:00:00,N,N4,68.00000000000001
2017-07-16T02:00:00,N,N4,68.00000000000001
2017-07-16T03:00:00,N,N4,68.00000000000001
2017-07-16T04:00:00,N,N4,68.00000000000001
2017-07-16T05:00:00,N,N4,68.00000000000001
2017-07-16T06:00:00,N,N4,72.99999999999999
2017-07-16T07:00:00,N,N4,78.0
2017-07-16T08:00:00,N,N4,88.0188733337949
2017-07-16T09:00:00,N,N4,87.19364700050009
2017-07-16T10:00:00,N,N4,88.00000000000003
2017-07-16T11:00:00,N,N4,93.00000000000004
2017-07-16T12:00:00,N,N4,88.00000000000003
2017-07-16T13:00:00,N,N4,76.0
2017-07-16T14:00:00,N,N4,85.74867283788913
2017-07-16T15:00:00,N,N4,84.78683593806234
2017-07-16T16:00:00,N,N4,87.78994233479327
2017-07-16T17:00:00,N,N4,108.00000000000004
2017-07-16T18:00:00,N,N4,108.00000000000004
2017-07-16T19:00:00,N,N4,101.00000000000004
2017-07-16T20:00:00,N,N4,85.99999999999997
2017-07-16T21:00:00,N,N4,81.00000000000003
2017-07-16T22:00:00,N,N4,71.0
2017-07-16T23:00:00,N,N4,69.00000000000001
2017-07-17T00:00:00,N,N4,69.00000000000001
2017-07-17T01:00:00,N,N4,62.99999999999999
2017-07-17T02:00:00,N,N4,62.99999999999999
2017-07-17T03:00:00,N,N4,62.99999999999999
2017-07-17T04:00:00,N,N4,62.99999999999999
2017-07-17T05:00:00,N,N4,72.0
2017-07-17T06:00:00,N,N4,83.00000000000003
2017-07-17T07:00:00,N,N4,104.0
2017-07-17T08:00:00,N,N4,119.99999999999996
2017-07-17T09:00:00,N,N4,127.0
2017-07-17T10:00:00,N,N4,133.0
2017-07-17T11:00:00,N,N4,133.0
2017-07-17T12:00:00,N,N4,110.99999999999996
2017-07-17T13:00:00,N,N4,115.0
2017-07-17T14:00:00,N,N4,131.99999999999997
2017-07-17T15:00:00,N,N4,127.99999999999996
2017-07-17T16:00:00,N,N4,137.00000000000003
2017-07-17T17:00:00,N,N4,164.00000000000006
2017-07-17T18:00:00,N,N4,164.00000000000006
2017-07-17T19:00:00,N,N4,138.99999999999997
2017-07-17T20:00:00,N,N4,127.99999999999996
2017-07-17T21:00:00,N,N4,108.00000000000004
2017-07-17T22:00:00,N,N4,98.00000000000004
2017-07-17T23:00:00,N,N4,93.00000000000004
2017-07-18T00:00:00,N,N4,88.00000000000003
2017-07-18T01:00:00,N,N4,83.00000000000003
2017-07-18T02:00:00,N,N4,83.00000000000003
2017-07-18T03:00:00,N,N4,83.00000000000003
2017-07-18T04:00:00,N,N4,83.00000000000003
2017-07-18T05:00:00,N,N4,78.0
2017-07-18T06:00:00,N,N4,103.0
2017-07-18T07:00:00,N,N4,110.00000000000004
2017-07-18T08:00:00,N,N4,127.0
2017-07-18T09:00:00,N,N4,129.99999999999997
2017-07-18T10:00:00,N,N4,131.99999999999997
2017-07-18T11:00:00,N,N4,142.00000000000003
2017-07-18T12:00:00,N,N4,116.0
2017-07-18T13:00:00,N,N4,111.99999999999996
2017-07-18T14:00:00,N,N4,122.99999999999994
2017-07-18T15:00:00,N,N4,119.00000000000004
2017-07-18T16:00:00,N,N4,136.00000000000006
2017-07-18T17:00:00,N,N4,136.00000000000006
2017-07-18T18:00:00,N,N4,166.00000000000006
2017-07-18T19:00:00,N,N4,152.0
2017-07-18T20:00:00,N,N4,131.99999999999997
2017-07-18T21:00:00,N,N4,122.00000000000004
2017-07-18T22:00:00,N,N4,105.99999999999996
2017-07-18T23:00:00,N,N4,101.99999999999996
2017-07-19T00:00:00,N,N4,96.99999999999991
2017-07-19T01:00:00,N,N4,96.99999999999991
2017-07-19T02:00:00,N,N4,97.0
2017-07-19T03:00:00,N,N4,97.0
2017-07-19T04:00:00,N,N4,97.0
2017-07-19T05:00:00,N,N4,105.99999999999996
2017-07-19T06:00:00,N,N4,122.00000000000004
2017-07-19T07:00:00,N,N4,118.00000000000004
2017-07-19T08:00:00,N,N4,127.0
2017-07-19T09:00:00,N,N4,133.99999999999997
2017-07-19T10:00:00,N,N4,130.99999999999994
2017-07-19T11:00:00,N,N4,129.99999999999997
2017-07-19T12:00:00,N,N4,104.99999999999996
2017-07-19T13:00:00,N,N4,103.0
2017-07-19T14:00:00,N,N4,122.00000000000004
2017-07-19T15:00:00,N,N4,117.00000000000004
2017-07-19T16:00:00,N,N4,127.99999999999996
2017-07-19T17:00:00,N,N4,141.00000000000003
2017-07-19T18:00:00,N,N4,171.00000000000009
2017-07-19T19:00:00,N,N4,144.0
2017-07-19T20:00:00,N,N4,128.99999999999997
2017-07-19T21:00:00,N,N4,114.00000000000004
2017-07-19T22:00:00,N,N4,104.0
2017-07-19T23:00:00,N,N4,99.0
2017-07-20T00:00:00,N,N4,94.0
2017-07-20T01:00:00,N,N4,90.0
2017-07-20T02:00:00,N,N4,90.0
2017-07-20T03:00:00,N,N4,90.0
2017-07-20T04:00:00,N,N4,90.0
2017-07-20T05:00:00,N,N4,90.0
2017-07-20T06:00:00,N,N4,116.0
2017-07-20T07:00:00,N,N4,117.00000000000004
2017-07-20T08:00:00,N,N4,122.99999999999994
2017-07-20T09:00:00,N,N4,118.00000000000004
2017-07-20T10:00:00,N,N4,122.00000000000004
2017-07-20T11:00:00,N,N4,127.0
2017-07-20T12:00:00,N,N4,101.99999999999996
2017-07-20T13:00:00,N,N4,100.00000000000004
2017-07-20T14:00:00,N,N4,110.00000000000004
2017-07-20T15:00:00,N,N4,115.0
2017-07-20T16:00:00,N,N4,113.00000000000004
2017-07-20T17:00:00,N,N4,156.0
2017-07-20T18:00:00,N,N4,156.0
2017-07-20T19:00:00,N,N4,135.00000000000003
2017-07-20T20:00:00,N,N4,119.99999999999996
2017-07-20T21:00:00,N,N4,105.99999999999996
2017-07-20T22:00:00,N,N4,96.0
2017-07-20T23:00:00,N,N4,90.0
2017-07-21T00:00:00,N,N4,86.00000000000004
2017-07-21T01:00:00,N,N4,79.99999999999997
2017-07-21T02:00:00,N,N4,79.99999999999997
2017-07-21T03:00:00,N,N4,79.99999999999997
2017-07-21T04:00:00,N,N4,85.00000000000001
2017-07-21T05:00:00,N,N4,95.0
2017-07-21T06:00:00,N,N4,110.00000000000004
2017-07-21T07:00:00,N,N4,117.00000000000004
2017-07-21T08:00:00,N,N4,133.0
2017-07-21T09:00:00,N,N4,136.00000000000006
2017-07-21T10:00:00,N,N4,136.00000000000006
2017-07-21T11:00:00,N,N4,144.99999999999997
2017-07-21T12:00:00,N,N4,119.99999999999996
2017-07-21T13:00:00,N,N4,101.99999999999996
2017-07-21T14:00:00,N,N4,113.00000000000004
2017-07-21T15:00:00,N,N4,119.99999999999996
2017-07-21T16:00:00,N,N4,122.00000000000004
2017-07-21T17:00:00,N,N4,159.99999999999994
2017-07-21T18:00:00,N,N4,155.00000000000003
2017-07-21T19:00:00,N,N4,125.00000000000004
2017-07-21T20:00:00,N,N4,115.0
2017-07-21T21:00:00,N,N4,104.0
2017-07-21T22:00:00,N,N4,90.0
2017-07-21T23:00:00,N,N4,88.99999999999999
2017-07-22T00:00:00,N,N4,83.00000000000003
2017-07-22T01:00:00,N,N4,72.99999999999999
2017-07-22T02:00:00,N,N4,72.99999999999999
2017-07-22T03:00:00,N,N4,72.99999999999999
2017-07-22T04:00:00,N,N4,72.99999999999999
2017-07-22T05:00:00,N,N4,83.99999999999999
2017-07-22T06:00:00,N,N4,85.00000000000001
2017-07-22T07:00:00,N,N4,95.0
2017-07-22T08:00:00,N,N4,114.00000000000004
2017-07-22T09:00:00,N,N4,119.99999999999996
2017-07-22T10:00:00,N,N4,116.0
2017-07-22T11:00:00,N,N4,118.00000000000004
2017-07-22T12:00:00,N,N4,100.00000000000004
2017-07-22T13:00:00,N,N4,95.0
2017-07-22T14:00:00,N,N4,95.0
2017-07-22T15:00:00,N,N4,88.99999999999999
2017-07-22T16:00:00,N,N4,95.0
2017-07-22T17:00:00,N,N4,105.99999999999996
2017-07-22T18:00:00,N,N4,142.00000000000003
2017-07-22T19:00:00,N,N4,113.00000000000004
2017-07-22T20:00:00,N,N4,103.0
2017-07-22T21:00:00,N,N4,92.0
2017-07-22T22:00:00,N,N4,87.0
2017-07-22T23:00:00,N,N4,82.00000000000001
2017-07-23T00:00:00,N,N4,71.0
2017-07-23T01:00:00,N,N4,71.0
2017-07-23T02:00:00,N,N4,71.0
2017-07-23T03:00:00,N,N4,71.0
2017-07-23T04:00:00,N,N4,71.0
2017-07-23T05:00:00,N,N4,71.0
2017-07-23T06:00:00,N,N4,77.00000000000001
2017-07-23T07:00:00,N,N4,82.30276405144218
2017-07-23T08:00:00,N,N4,94.38078593053464
2017-07-23T09:00:00,N,N4,95.01375651977447
2017-07-23T10:00:00,N,N4,97.7919980646023
2017-07-23T11:00:00,N,N4,100.95023846160218
2017-07-23T12:00:00,N,N4,83.99999999999999
2017-07-23T13:00:00,N,N4,70.00000000000003
2017-07-23T14:00:00,N,N4,83.42379111235823
2017-07-23T15:00:00,N,N4,86.08086800656925
2017-07-23T16:00:00,N,N4,92.5840612903002
2017-07-23T17:00:00,N,N4,116.0
2017-07-23T18:00:00,N,N4,122.00000000000004
2017-07-23T19:00:00,N,N4,110.00000000000004
2017-07-23T20:00:00,N,N4,92.0
2017-07-23T21:00:00,N,N4,82.00000000000001
2017-07-23T22:00:00,N,N4,77.00000000000001
2017-07-23T23:00:00,N,N4,71.0
2017-07-24T00:00:00,N,N4,71.0
2017-07-24T01:00:00,N,N4,71.0
2017-07-24T02:00:00,N,N4,74.99999999999997
2017-07-24T03:00:00,N,N4,74.99999999999997
2017-07-24T04:00:00,N,N4,74.99999999999997
2017-07-24T05:00:00,N,N4,74.99999999999997
2017-07-24T06:00:00,N,N4,100.00000000000004
2017-07-24T07:00:00,N,N4,104.0
2017-07-24T08:00:00,N,N4,133.0
2017-07-24T09:00:00,N,N4,136.00000000000006
2017-07-24T10:00:00,N,N4,141.00000000000003
2017-07-24T11:00:00,N,N4,144.0
2017-07-24T12:00:00,N,N4,94.0
2017-07-24T13:00:00,N,N4,108.99999999999996
2017-07-24T14:00:00,N,N4,131.99999999999997
2017-07-24T15:00:00,N,N4,127.0
2017-07-24T16:00:00,N,N4,142.99999999999994
2017-07-24T17:00:00,N,N4,170.00000000000006
2017-07-24T18:00:00,N,N4,170.0000000000002
2017-07-24T19:00:00,N,N4,146.99999999999997
2017-07-24T20:00:00,N,N4,122.00000000000004
2017-07-24T21:00:00,N,N4,105.99999999999996
2017-07-24T22:00:00,N,N4,105.99999999999996
2017-07-24T23:00:00,N,N4,90.0
2017-07-25T00:00:00,N,N4,85.00000000000001
2017-07-25T01:00:00,N,N4,85.00000000000001
2017-07-25T02:00:00,N,N4,81.99999999999994
2017-07-25T03:00:00,N,N4,81.99999999999994
2017-07-25T04:00:00,N,N4,81.99999999999994
2017-07-25T05:00:00,N,N4,82.00000000000001
2017-07-25T06:00:00,N,N4,110.00000000000004
2017-07-25T07:00:00,N,N4,118.00000000000004
2017-07-25T08:00:00,N,N4,135.00000000000003
2017-07-25T09:00:00,N,N4,126.0
2017-07-25T10:00:00,N,N4,137.00000000000003
2017-07-25T11:00:00,N,N4,151.0
2017-07-25T12:00:00,N,N4,133.0
2017-07-25T13:00:00,N,N4,125.00000000000004
2017-07-25T14:00:00,N,N4,141.00000000000003
2017-07-25T15:00:00,N,N4,137.00000000000003
2017-07-25T16:00:00,N,N4,144.99999999999997
2017-07-25T17:00:00,N,N4,183.00000000000009
2017-07-25T18:00:00,N,N4,186.00000000000009
2017-07-25T19:00:00,N,N4,152.0
2017-07-25T20:00:00,N,N4,125.00000000000004
2017-07-25T21:00:00,N,N4,104.0
2017-07-25T22:00:00,N,N4,99.0
2017-07-25T23:00:00,N,N4,92.0
2017-07-26T00:00:00,N,N4,87.0
2017-07-26T01:00:00,N,N4,87.0
2017-07-26T02:00:00,N,N4,87.0
2017-07-26T03:00:00,N,N4,87.0
2017-07-26T04:00:00,N,N4,88.99999999999999
2017-07-26T05:00:00,N,N4,94.0
2017-07-26T06:00:00,N,N4,108.99999999999996
2017-07-26T07:00:00,N,N4,118.00000000000004
2017-07-26T08:00:00,N,N4,135.00000000000003
2017-07-26T09:00:00,N,N4,137.00000000000003
2017-07-26T10:00:00,N,N4,146.99999999999997
2017-07-26T11:00:00,N,N4,158.00000000000003
2017-07-26T12:00:00,N,N4,135.00000000000003
2017-07-26T13:00:00,N,N4,122.00000000000004
2017-07-26T14:00:00,N,N4,152.0
2017-07-26T15:00:00,N,N4,155.00000000000003
2017-07-26T16:00:00,N,N4,156.0
2017-07-26T17:00:00,N,N4,186.00000000000009
2017-07-26T18:00:00,N,N4,191.0
2017-07-26T19:00:00,N,N4,155.00000000000003
2017-07-26T20:00:00,N,N4,127.0
2017-07-26T21:00:00,N,N4,108.99999999999996
2017-07-26T22:00:00,N,N4,103.0
2017-07-26T23:00:00,N,N4,97.0
2017-07-27T00:00:00,N,N4,87.0
2017-07-27T01:00:00,N,N4,87.0
2017-07-27T02:00:00,N,N4,87.0
2017-07-27T03:00:00,N,N4,87.0
2017-07-27T04:00:00,N,N4,87.0
2017-07-27T05:00:00,N,N4,100.00000000000004
2017-07-27T06:00:00,N,N4,122.99999999999994
2017-07-27T07:00:00,N,N4,128.99999999999997
2017-07-27T08:00:00,N,N4,147.99999999999994
2017-07-27T09:00:00,N,N4,147.99999999999994
2017-07-27T10:00:00,N,N4,118.00000000000004
2017-07-27T11:00:00,N,N4,142.99999999999994
2017-07-27T12:00:00,N,N4,151.0
2017-07-27T13:00:00,N,N4,129.99999999999997
2017-07-27T14:00:00,N,N4,152.0
2017-07-27T15:00:00,N,N4,155.00000000000003
2017-07-27T16:00:00,N,N4,156.0
2017-07-27T17:00:00,N,N4,176.99999999999994
2017-07-27T18:00:00,N,N4,176.99999999999994
2017-07-27T19:00:00,N,N4,167.00000000000006
2017-07-27T20:00:00,N,N4,133.99999999999997
2017-07-27T21:00:00,N,N4,122.99999999999994
2017-07-27T22:00:00,N,N4,118.00000000000004
2017-07-27T23:00:00,N,N4,106.99999999999996
2017-07-28T00:00:00,N,N4,101.99999999999996
2017-07-28T01:00:00,N,N4,102.00000000000004
2017-07-28T02:00:00,N,N4,101.99999999999996
2017-07-28T03:00:00,N,N4,101.99999999999996
2017-07-28T04:00:00,N,N4,104.99999999999996
2017-07-28T05:00:00,N,N4,110.00000000000004
2017-07-28T06:00:00,N,N4,122.00000000000004
2017-07-28T07:00:00,N,N4,130.99999999999994
2017-07-28T08:00:00,N,N4,149.0
2017-07-28T09:00:00,N,N4,149.0
2017-07-28T10:00:00,N,N4,154.00000000000006
2017-07-28T11:00:00,N,N4,164.00000000000006
2017-07-28T12:00:00,N,N4,152.0
2017-07-28T13:00:00,N,N4,141.00000000000003
2017-07-28T14:00:00,N,N4,155.00000000000003
2017-07-28T15:00:00,N,N4,152.99999999999997
2017-07-28T16:00:00,N,N4,141.00000000000003
2017-07-28T17:00:00,N,N4,156.0
2017-07-28T18:00:00,N,N4,191.0
2017-07-28T19:00:00,N,N4,164.99999999999994
2017-07-28T20:00:00,N,N4,144.99999999999997
2017-07-28T21:00:00,N,N4,125.00000000000004
2017-07-28T22:00:00,N,N4,115.0
2017-07-28T23:00:00,N,N4,104.99999999999996
2017-07-29T00:00:00,N,N4,100.00000000000004
2017-07-29T01:00:00,N,N4,99.0
2017-07-29T02:00:00,N,N4,99.0
2017-07-29T03:00:00,N,N4,99.0
2017-07-29T04:00:00,N,N4,99.0
2017-07-29T05:00:00,N,N4,104.99999999999996
2017-07-29T06:00:00,N,N4,115.0
2017-07-29T07:00:00,N,N4,126.0
2017-07-29T08:00:00,N,N4,142.00000000000003
2017-07-29T09:00:00,N,N4,142.99999999999994
2017-07-29T10:00:00,N,N4,142.99999999999994
2017-07-29T11:00:00,N,N4,144.99999999999997
2017-07-29T12:00:00,N,N4,129.99999999999997
2017-07-29T13:00:00,N,N4,125.00000000000004
2017-07-29T14:00:00,N,N4,127.0
2017-07-29T15:00:00,N,N4,127.0
2017-07-29T16:00:00,N,N4,127.0
2017-07-29T17:00:00,N,N4,135.00000000000003
2017-07-29T18:00:00,N,N4,159.0
2017-07-29T19:00:00,N,N4,133.99999999999997
2017-07-29T20:00:00,N,N4,114.00000000000004
2017-07-29T21:00:00,N,N4,104.0
2017-07-29T22:00:00,N,N4,88.99999999999999
2017-07-29T23:00:00,N,N4,83.99999999999999
2017-07-30T00:00:00,N,N4,79.99999999999997
2017-07-30T01:00:00,N,N4,78.0
2017-07-30T02:00:00,N,N4,76.0
2017-07-30T03:00:00,N,N4,76.0
2017-07-30T04:00:00,N,N4,76.0
2017-07-30T05:00:00,N,N4,79.0
2017-07-30T06:00:00,N,N4,88.99999999999999
2017-07-30T07:00:00,N,N4,100.00000000000004
2017-07-30T08:00:00,N,N4,104.99999999999996
2017-07-30T09:00:00,N,N4,110.00000000000004
2017-07-30T10:00:00,N,N4,121.00000000000004
2017-07-30T11:00:00,N,N4,121.00000000000004
2017-07-30T12:00:00,N,N4,110.99999999999996
2017-07-30T13:00:00,N,N4,101.00000000000004
2017-07-30T14:00:00,N,N4,101.00000000000004
2017-07-30T15:00:00,N,N4,101.00000000000004
2017-07-30T16:00:00,N,N4,90.99999999999996
2017-07-30T17:00:00,N,N4,126.0
2017-07-30T18:00:00,N,N4,136.00000000000006
2017-07-30T19:00:00,N,N4,119.99999999999996
2017-07-30T20:00:00,N,N4,105.99999999999996
2017-07-30T21:00:00,N,N4,96.0
2017-07-30T22:00:00,N,N4,81.00000000000003
2017-07-30T23:00:00,N,N4,76.0
2017-07-31T00:00:00,N,N4,76.0
2017-07-31T01:00:00,N,N4,76.0
2017-07-31T02:00:00,N,N4,76.0
2017-07-31T03:00:00,N,N4,76.0
2017-07-31T04:00:00,N,N4,76.0
2017-07-31T05:00:00,N,N4,76.0
2017-07-31T06:00:00,N,N4,106.99999999999996
2017-07-31T07:00:00,N,N4,108.00000000000004
2017-07-31T08:00:00,N,N4,121.00000000000004
2017-07-31T09:00:00,N,N4,129.99999999999997
2017-07-31T10:00:00,N,N4,131.99999999999997
2017-07-31T11:00:00,N,N4,138.00000000000006
2017-07-31T12:00:00,N,N4,127.0
2017-07-31T13:00:00,N,N4,122.00000000000004
2017-07-31T14:00:00,N,N4,137.00000000000003
2017-07-31T15:00:00,N,N4,151.0
2017-07-31T16:00:00,N,N4,152.99999999999997
2017-07-31T17:00:00,N,N4,174.12274873910872
2017-07-31T18:00:00,N,N4,182.43417350080787
2017-07-31T19:00:00,N,N4,161.99999999999994
2017-07-31T20:00:00,N,N4,142.00000000000003
2017-07-31T21:00:00,N,N4,122.00000000000004
2017-07-31T22:00:00,N,N4,111.99999999999996
2017-07-31T23:00:00,N,N4,97.0
2017-08-01T00:00:00,N,N4,87.0
2017-08-01T01:00:00,N,N4,93.00000000000004
2017-08-01T02:00:00,N,N4,93.00000000000004
2017-08-01T03:00:00,N,N4,93.00000000000004
2017-08-01T04:00:00,N,N4,93.00000000000004
2017-08-01T05:00:00,N,N4,93.00000000000004
2017-08-01T06:00:00,N,N4,114.00000000000004
2017-08-01T07:00:00,N,N4,124.00000000000004
2017-08-01T08:00:00,N,N4,130.99999999999994
2017-08-01T09:00:00,N,N4,138.00000000000006
2017-08-01T10:00:00,N,N4,144.99999999999997
2017-08-01T11:00:00,N,N4,149.99999999999997
2017-08-01T12:00:00,N,N4,146.99999999999997
2017-08-01T13:00:00,N,N4,136.00000000000006
2017-08-01T14:00:00,N,N4,148.389485116468
2017-08-01T15:00:00,N,N4,146.99999999999997
2017-08-01T16:00:00,N,N4,154.00000000000006
2017-08-01T17:00:00,N,N4,175.17885039160365
2017-08-01T18:00:00,N,N4,184.00000000000009
2017-08-01T19:00:00,N,N4,154.00000000000006
2017-08-01T20:00:00,N,N4,141.00000000000003
2017-08-01T21:00:00,N,N4,126.0
2017-08-01T22:00:00,N,N4,110.99999999999996
2017-08-01T23:00:00,N,N4,105.99999999999996
2017-08-02T00:00:00,N,N4,93.00000000000004
2017-08-02T01:00:00,N,N4,88.00000000000003
2017-08-02T02:00:00,N,N4,85.00000000000001
2017-08-02T03:00:00,N,N4,85.00000000000001
2017-08-02T04:00:00,N,N4,85.00000000000001
2017-08-02T05:00:00,N,N4,85.00000000000001
2017-08-02T06:00:00,N,N4,124.00000000000004
2017-08-02T07:00:00,N,N4,121.00000000000004
2017-08-02T08:00:00,N,N4,137.00000000000003
2017-08-02T09:00:00,N,N4,139.99999999999994
2017-08-02T10:00:00,N,N4,149.99999999999997
2017-08-02T11:00:00,N,N4,146.0
2017-08-02T12:00:00,N,N4,127.0
2017-08-02T13:00:00,N,N4,118.00000000000004
2017-08-02T14:00:00,N,N4,135.00000000000003
2017-08-02T15:00:00,N,N4,129.99999999999997
2017-08-02T16:00:00,N,N4,130.99999999999994
2017-08-02T17:00:00,N,N4,139.99999999999994
2017-08-02T18:00:00,N,N4,139.99999999999994
2017-08-02T19:00:00,N,N4,115.0
2017-08-02T20:00:00,N,N4,105.99999999999996
2017-08-02T21:00:00,N,N4,96.0
2017-08-02T22:00:00,N,N4,83.00000000000003
2017-08-02T23:00:00,N,N4,83.99999999999999
2017-08-03T00:00:00,N,N4,78.0
2017-08-03T01:00:00,N,N4,78.0
2017-08-03T02:00:00,N,N4,77.00000000000001
2017-08-03T03:00:00,N,N4,77.00000000000001
2017-08-03T04:00:00,N,N4,77.00000000000001
2017-08-03T05:00:00,N,N4,83.99999999999999
2017-08-03T06:00:00,N,N4,96.0
2017-08-03T07:00:00,N,N4,110.00000000000004
2017-08-03T08:00:00,N,N4,133.99999999999997
2017-08-03T09:00:00,N,N4,125.00000000000004
2017-08-03T10:00:00,N,N4,138.00000000000006
2017-08-03T11:00:00,N,N4,131.99999999999997
2017-08-03T12:00:00,N,N4,116.0
2017-08-03T13:00:00,N,N4,99.0
2017-08-03T14:00:00,N,N4,116.0
2017-08-03T15:00:00,N,N4,113.00000000000004
2017-08-03T16:00:00,N,N4,124.00000000000004
2017-08-03T17:00:00,N,N4,156.0
2017-08-03T18:00:00,N,N4,161.00000000000003
2017-08-03T19:00:00,N,N4,130.99999999999994
2017-08-03T20:00:00,N,N4,121.00000000000004
2017-08-03T21:00:00,N,N4,104.99999999999989
2017-08-03T22:00:00,N,N4,90.0
2017-08-03T23:00:00,N,N4,85.00000000000001
2017-08-04T00:00:00,N,N4,79.99999999999997
2017-08-04T01:00:00,N,N4,74.99999999999997
2017-08-04T02:00:00,N,N4,74.99999999999997
2017-08-04T03:00:00,N,N4,74.99999999999997
2017-08-04T04:00:00,N,N4,74.99999999999997
2017-08-04T05:00:00,N,N4,81.00000000000003
2017-08-04T06:00:00,N,N4,87.0
2017-08-04T07:00:00,N,N4,93.00000000000004
2017-08-04T08:00:00,N,N4,113.00000000000004
2017-08-04T09:00:00,N,N4,110.00000000000004
2017-08-04T10:00:00,N,N4,119.00000000000004
2017-08-04T11:00:00,N,N4,127.99999999999996
2017-08-04T12:00:00,N,N4,100.00000000000004
2017-08-04T13:00:00,N,N4,99.0
2017-08-04T14:00:00,N,N4,114.00000000000004
2017-08-04T15:00:00,N,N4,113.00000000000004
2017-08-04T16:00:00,N,N4,72.99999999999999
2017-08-04T17:00:00,N,N4,119.00000000000004
2017-08-04T18:00:00,N,N4,119.00000000000004
2017-08-04T19:00:00,N,N4,95.0
2017-08-04T20:00:00,N,N4,85.00000000000001
2017-08-04T21:00:00,N,N4,68.00000000000001
2017-08-04T22:00:00,N,N4,62.99999999999999
2017-08-04T23:00:00,N,N4,57.00000000000001
2017-08-05T00:00:00,N,N4,57.00000000000001
2017-08-05T01:00:00,N,N4,57.00000000000001
2017-08-05T02:00:00,N,N4,57.00000000000001
2017-08-05T03:00:00,N,N4,57.00000000000001
2017-08-05T04:00:00,N,N4,57.00000000000001
2017-08-05T05:00:00,N,N4,82.75
2017-08-05T06:00:00,N,N4,64.36306447502285
2017-08-05T07:00:00,N,N4,71.0
2017-08-05T08:00:00,N,N4,81.00000000000003
2017-08-05T09:00:00,N,N4,88.99999999999999
2017-08-05T10:00:00,N,N4,88.99999999999999
2017-08-05T11:00:00,N,N4,94.0
2017-08-05T12:00:00,N,N4,83.00000000000003
2017-08-05T13:00:00,N,N4,81.00000000000003
2017-08-05T14:00:00,N,N4,81.00000000000003
2017-08-05T15:00:00,N,N4,81.00000000000003
2017-08-05T16:00:00,N,N4,81.00000000000003
2017-08-05T17:00:00,N,N4,108.99999999999996
2017-08-05T18:00:00,N,N4,121.00000000000004
2017-08-05T19:00:00,N,N4,121.00000000000004
2017-08-05T20:00:00,N,N4,76.0
2017-08-05T21:00:00,N,N4,70.00000000000003
2017-08-05T22:00:00,N,N4,57.99999999999999
2017-08-05T23:00:00,N,N4,57.99999999999999
2017-08-06T00:00:00,N,N4,53.00000000000001
2017-08-06T01:00:00,N,N4,53.00000000000001
2017-08-06T02:00:00,N,N4,53.00000000000001
2017-08-06T03:00:00,N,N4,53.00000000000001
2017-08-06T04:00:00,N,N4,53.00000000000001
2017-08-06T05:00:00,N,N4,55.000000000000014
2017-08-06T06:00:00,N,N4,59.99999999999999
2017-08-06T07:00:00,N,N4,71.0
2017-08-06T08:00:00,N,N4,74.00000000000003
2017-08-06T09:00:00,N,N4,72.99999999999999
2017-08-06T10:00:00,N,N4,74.00000000000003
2017-08-06T11:00:00,N,N4,80.72152418811656
2017-08-06T12:00:00,N,N4,69.00000000000001
2017-08-06T13:00:00,N,N4,64.99999999999999
2017-08-06T14:00:00,N,N4,76.46901356614995
2017-08-06T15:00:00,N,N4,77.07772952416144
2017-08-06T16:00:00,N,N4,81.06942659471548
2017-08-06T17:00:00,N,N4,99.0
2017-08-06T18:00:00,N,N4,98.00000000000004
2017-08-06T19:00:00,N,N4,88.00000000000003
2017-08-06T20:00:00,N,N4,74.99999999999997
2017-08-06T21:00:00,N,N4,63.99999999999998
2017-08-06T22:00:00,N,N4,54.00000000000001
2017-08-06T23:00:00,N,N4,54.00000000000001
2017-08-07T00:00:00,N,N4,48.00000000000001
2017-08-07T01:00:00,N,N4,48.00000000000001
2017-08-07T02:00:00,N,N4,48.00000000000001
2017-08-07T03:00:00,N,N4,48.00000000000001
2017-08-07T04:00:00,N,N4,52.00000000000001
2017-08-07T05:00:00,N,N4,56.00000000000002
2017-08-07T06:00:00,N,N4,74.99999999999997
2017-08-07T07:00:00,N,N4,70.00000000000003
2017-08-07T08:00:00,N,N4,87.0
2017-08-07T09:00:00,N,N4,83.00000000000003
2017-08-07T10:00:00,N,N4,83.99999999999999
2017-08-07T11:00:00,N,N4,88.99999999999999
2017-08-07T12:00:00,N,N4,85.00000000000001
2017-08-07T13:00:00,N,N4,71.0
2017-08-07T14:00:00,N,N4,85.00000000000001
2017-08-07T15:00:00,N,N4,83.99999999999999
2017-08-07T16:00:00,N,N4,92.0
2017-08-07T17:00:00,N,N4,108.00000000000004
2017-08-07T18:00:00,N,N4,108.00000000000004
2017-08-07T19:00:00,N,N4,98.00000000000004
2017-08-07T20:00:00,N,N4,82.00000000000001
2017-08-07T21:00:00,N,N4,70.00000000000003
2017-08-07T22:00:00,N,N4,64.99999999999999
2017-08-07T23:00:00,N,N4,59.000000000000014
2017-08-08T00:00:00,N,N4,55.000000000000014
2017-08-08T01:00:00,N,N4,55.000000000000014
2017-08-08T02:00:00,N,N4,55.000000000000014
2017-08-08T03:00:00,N,N4,55.000000000000014
2017-08-08T04:00:00,N,N4,55.000000000000014
2017-08-08T05:00:00,N,N4,55.000000000000014
2017-08-08T06:00:00,N,N4,82.00000000000001
2017-08-08T07:00:00,N,N4,85.99999999999997
2017-08-08T08:00:00,N,N4,101.00000000000004
2017-08-08T09:00:00,N,N4,103.0
2017-08-08T10:00:00,N,N4,105.99999999999996
2017-08-08T11:00:00,N,N4,114.00000000000004
2017-08-08T12:00:00,N,N4,90.99999999999996
2017-08-08T13:00:00,N,N4,85.99999999999997
2017-08-08T14:00:00,N,N4,98.00000000000004
2017-08-08T15:00:00,N,N4,97.0
2017-08-08T16:00:00,N,N4,101.99999999999996
2017-08-08T17:00:00,N,N4,116.0
2017-08-08T18:00:00,N,N4,127.0
2017-08-08T19:00:00,N,N4,104.0
2017-08-08T20:00:00,N,N4,79.99999999999997
2017-08-08T21:00:00,N,N4,74.99999999999997
2017-08-08T22:00:00,N,N4,63.99999999999998
2017-08-08T23:00:00,N,N4,57.99999999999999
2017-08-09T00:00:00,N,N4,57.99999999999999
2017-08-09T01:00:00,N,N4,57.99999999999999
2017-08-09T02:00:00,N,N4,59.99999999999999
2017-08-09T03:00:00,N,N4,59.99999999999999
2017-08-09T04:00:00,N,N4,62.99999999999999
2017-08-09T05:00:00,N,N4,71.0
2017-08-09T06:00:00,N,N4,85.99999999999997
2017-08-09T07:00:00,N,N4,78.0
2017-08-09T08:00:00,N,N4,97.0
2017-08-09T09:00:00,N,N4,93.00000000000004
2017-08-09T10:00:00,N,N4,106.99999999999996
2017-08-09T11:00:00,N,N4,105.99999999999996
2017-08-09T12:00:00,N,N4,99.0
2017-08-09T13:00:00,N,N4,85.99999999999997
2017-08-09T14:00:00,N,N4,93.00000000000004
2017-08-09T15:00:00,N,N4,88.99999999999999
2017-08-09T16:00:00,N,N4,96.0
2017-08-09T17:00:00,N,N4,110.00000000000004
2017-08-09T18:00:00,N,N4,119.99999999999996
2017-08-09T19:00:00,N,N4,104.99999999999996
2017-08-09T20:00:00,N,N4,87.0
2017-08-09T21:00:00,N,N4,76.0
2017-08-09T22:00:00,N,N4,72.99999999999999
2017-08-09T23:00:00,N,N4,68.00000000000001
2017-08-10T00:00:00,N,N4,59.99999999999999
2017-08-10T01:00:00,N,N4,59.99999999999999
2017-08-10T02:00:00,N,N4,53.00000000000001
2017-08-10T03:00:00,N,N4,53.00000000000001
2017-08-10T04:00:00,N,N4,55.000000000000014
2017-08-10T05:00:00,N,N4,63.99999999999998
2017-08-10T06:00:00,N,N4,72.99999999999999
2017-08-10T07:00:00,N,N4,79.99999999999997
2017-08-10T08:00:00,N,N4,96.0
2017-08-10T09:00:00,N,N4,96.0
2017-08-10T10:00:00,N,N4,105.99999999999996
2017-08-10T11:00:00,N,N4,104.0
2017-08-10T12:00:00,N,N4,100.00000000000004
2017-08-10T13:00:00,N,N4,133.99999999999997
2017-08-10T14:00:00,N,N4,146.0
2017-08-10T15:00:00,N,N4,143.67603563824915
2017-08-10T16:00:00,N,N4,145.4465705532487
2017-08-10T17:00:00,N,N4,163.0
2017-08-10T18:00:00,N,N4,164.99999999999994
2017-08-10T19:00:00,N,N4,155.00000000000003
2017-08-10T20:00:00,N,N4,139.99999999999994
2017-08-10T21:00:00,N,N4,122.00000000000004
2017-08-10T22:00:00,N,N4,115.0
2017-08-10T23:00:00,N,N4,105.99999999999996
2017-08-11T00:00:00,N,N4,102.00000000000004
2017-08-11T01:00:00,N,N4,102.00000000000004
2017-08-11T02:00:00,N,N4,93.00000000000004
2017-08-11T03:00:00,N,N4,93.00000000000004
2017-08-11T04:00:00,N,N4,98.00000000000004
2017-08-11T05:00:00,N,N4,101.99999999999996
2017-08-11T06:00:00,N,N4,117.00000000000004
2017-08-11T07:00:00,N,N4,122.00000000000004
2017-08-11T08:00:00,N,N4,149.99999999999997
2017-08-11T09:00:00,N,N4,155.00000000000003
2017-08-11T10:00:00,N,N4,158.00000000000003
2017-08-11T11:00:00,N,N4,159.99999999999994
2017-08-11T12:00:00,N,N4,146.0
2017-08-11T13:00:00,N,N4,119.00000000000004
2017-08-11T14:00:00,N,N4,141.46777984194318
2017-08-11T15:00:00,N,N4,151.0
2017-08-11T16:00:00,N,N4,146.0
2017-08-11T17:00:00,N,N4,146.0
2017-08-11T18:00:00,N,N4,161.00000000000003
2017-08-11T19:00:00,N,N4,137.00000000000003
2017-08-11T20:00:00,N,N4,122.00000000000004
2017-08-11T21:00:00,N,N4,119.99999999999996
2017-08-11T22:00:00,N,N4,110.00000000000004
2017-08-11T23:00:00,N,N4,100.00000000000004
2017-08-12T00:00:00,N,N4,99.0
2017-08-12T01:00:00,N,N4,95.0
2017-08-12T02:00:00,N,N4,90.0
2017-08-12T03:00:00,N,N4,90.0
2017-08-12T04:00:00,N,N4,90.0
2017-08-12T05:00:00,N,N4,90.0
2017-08-12T06:00:00,N,N4,108.00000000000004
2017-08-12T07:00:00,N,N4,95.0
2017-08-12T08:00:00,N,N4,95.0
2017-08-12T09:00:00,N,N4,122.99999999999994
2017-08-12T10:00:00,N,N4,133.0
2017-08-12T11:00:00,N,N4,133.0
2017-08-12T12:00:00,N,N4,121.00000000000004
2017-08-12T13:00:00,N,N4,108.00000000000004
2017-08-12T14:00:00,N,N4,101.00000000000004
2017-08-12T15:00:00,N,N4,101.00000000000004
2017-08-12T16:00:00,N,N4,106.99999999999996
2017-08-12T17:00:00,N,N4,106.99999999999996
2017-08-12T18:00:00,N,N4,132.74999999999997
2017-08-12T19:00:00,N,N4,99.27580379813284
2017-08-12T20:00:00,N,N4,83.00000000000003
2017-08-12T21:00:00,N,N4,56.00000000000002
2017-08-12T22:00:00,N,N4,66.99999999999997
2017-08-12T23:00:00,N,N4,76.0
2017-08-13T00:00:00,N,N4,77.00000000000001
2017-08-13T01:00:00,N,N4,70.00000000000003
2017-08-13T02:00:00,N,N4,70.00000000000003
2017-08-13T03:00:00,N,N4,70.00000000000003
2017-08-13T04:00:00,N,N4,70.00000000000003
2017-08-13T05:00:00,N,N4,70.00000000000003
2017-08-13T06:00:00,N,N4,79.99999999999997
2017-08-13T07:00:00,N,N4,90.99999999999996
2017-08-13T08:00:00,N,N4,100.00000000000004
2017-08-13T09:00:00,N,N4,104.99999999999996
2017-08-13T10:00:00,N,N4,104.99999999999996
2017-08-13T11:00:00,N,N4,110.00000000000004
2017-08-13T12:00:00,N,N4,100.00000000000004
2017-08-13T13:00:00,N,N4,85.00000000000001
2017-08-13T14:00:00,N,N4,83.00000000000003
2017-08-13T15:00:00,N,N4,87.0
2017-08-13T16:00:00,N,N4,88.00000000000003
2017-08-13T17:00:00,N,N4,125.00000000000004
2017-08-13T18:00:00,N,N4,125.00000000000004
2017-08-13T19:00:00,N,N4,115.0
2017-08-13T20:00:00,N,N4,101.00000000000004
2017-08-13T21:00:00,N,N4,90.99999999999996
2017-08-13T22:00:00,N,N4,86.00000000000004
2017-08-13T23:00:00,N,N4,81.00000000000003
2017-08-14T00:00:00,N,N4,74.99999999999997
2017-08-14T01:00:00,N,N4,74.99999999999997
2017-08-14T02:00:00,N,N4,74.99999999999997
2017-08-14T03:00:00,N,N4,74.99999999999997
2017-08-14T04:00:00,N,N4,74.99999999999997
2017-08-14T05:00:00,N,N4,74.99999999999997
2017-08-14T06:00:00,N,N4,92.0
2017-08-14T07:00:00,N,N4,100.00000000000004
2017-08-14T08:00:00,N,N4,105.99999999999996
2017-08-14T09:00:00,N,N4,119.99999999999996
2017-08-14T10:00:00,N,N4,119.99999999999996
2017-08-14T11:00:00,N,N4,119.99999999999996
2017-08-14T12:00:00,N,N4,116.0
2017-08-14T13:00:00,N,N4,95.0
2017-08-14T14:00:00,N,N4,104.99999999999996
2017-08-14T15:00:00,N,N4,101.99999999999996
2017-08-14T16:00:00,N,N4,101.99999999999996
2017-08-14T17:00:00,N,N4,116.0
2017-08-14T18:00:00,N,N4,159.99999999999994
2017-08-14T19:00:00,N,N4,136.9999999999999
2017-08-14T20:00:00,N,N4,117.00000000000004
2017-08-14T21:00:00,N,N4,92.0
2017-08-14T22:00:00,N,N4,92.0
2017-08-14T23:00:00,N,N4,85.99999999999997
2017-08-15T00:00:00,N,N4,79.99999999999997
2017-08-15T01:00:00,N,N4,79.99999999999997
2017-08-15T02:00:00,N,N4,79.99999999999997
2017-08-15T03:00:00,N,N4,79.99999999999997
2017-08-15T04:00:00,N,N4,79.99999999999997
2017-08-15T05:00:00,N,N4,83.99999999999999
2017-08-15T06:00:00,N,N4,100.00000000000004
2017-08-15T07:00:00,N,N4,104.0
2017-08-15T08:00:00,N,N4,108.00000000000004
2017-08-15T09:00:00,N,N4,104.99999999999996
2017-08-15T10:00:00,N,N4,115.0
2017-08-15T11:00:00,N,N4,113.00000000000004
2017-08-15T12:00:00,N,N4,95.0
2017-08-15T13:00:00,N,N4,92.0
2017-08-15T14:00:00,N,N4,100.00000000000004
2017-08-15T15:00:00,N,N4,97.0
2017-08-15T16:00:00,N,N4,98.00000000000004
2017-08-15T17:00:00,N,N4,129.99999999999997
2017-08-15T18:00:00,N,N4,147.99999999999994
2017-08-15T19:00:00,N,N4,133.0
2017-08-15T20:00:00,N,N4,111.99999999999996
2017-08-15T21:00:00,N,N4,94.0
2017-08-15T22:00:00,N,N4,88.99999999999999
2017-08-15T23:00:00,N,N4,83.00000000000003
2017-08-16T00:00:00,N,N4,79.0
2017-08-16T01:00:00,N,N4,79.0
2017-08-16T02:00:00,N,N4,79.0
2017-08-16T03:00:00,N,N4,79.0
2017-08-16T04:00:00,N,N4,79.0
2017-08-16T05:00:00,N,N4,83.99999999999999
2017-08-16T06:00:00,N,N4,101.99999999999996
2017-08-16T07:00:00,N,N4,105.99999999999996
2017-08-16T08:00:00,N,N4,128.99999999999997
2017-08-16T09:00:00,N,N4,124.00000000000004
2017-08-16T10:00:00,N,N4,127.99999999999996
2017-08-16T11:00:00,N,N4,133.0
2017-08-16T12:00:00,N,N4,111.99999999999996
2017-08-16T13:00:00,N,N4,101.99999999999996
2017-08-16T14:00:00,N,N4,124.00000000000004
2017-08-16T15:00:00,N,N4,122.00000000000004
2017-08-16T16:00:00,N,N4,127.0
2017-08-16T17:00:00,N,N4,156.0
2017-08-16T18:00:00,N,N4,163.0
2017-08-16T19:00:00,N,N4,146.0
2017-08-16T20:00:00,N,N4,127.0
2017-08-16T21:00:00,N,N4,106.99999999999996
2017-08-16T22:00:00,N,N4,100.00000000000004
2017-08-16T23:00:00,N,N4,90.99999999999996
2017-08-17T00:00:00,N,N4,79.99999999999997
2017-08-17T01:00:00,N,N4,79.99999999999997
2017-08-17T02:00:00,N,N4,79.99999999999997
2017-08-17T03:00:00,N,N4,79.99999999999997
2017-08-17T04:00:00,N,N4,79.99999999999997
2017-08-17T05:00:00,N,N4,79.99999999999997
2017-08-17T06:00:00,N,N4,104.0
2017-08-17T07:00:00,N,N4,99.0
2017-08-17T08:00:00,N,N4,119.99999999999996
2017-08-17T09:00:00,N,N4,124.00000000000004
2017-08-17T10:00:00,N,N4,126.0
2017-08-17T11:00:00,N,N4,133.0
2017-08-17T12:00:00,N,N4,110.99999999999996
2017-08-17T13:00:00,N,N4,104.99999999999996
2017-08-17T14:00:00,N,N4,130.99999999999994
2017-08-17T15:00:00,N,N4,127.0
2017-08-17T16:00:00,N,N4,127.0
2017-08-17T17:00:00,N,N4,164.00000000000006
2017-08-17T18:00:00,N,N4,177.99999999999997
2017-08-17T19:00:00,N,N4,155.00000000000003
2017-08-17T20:00:00,N,N4,122.99999999999994
2017-08-17T21:00:00,N,N4,111.99999999999996
2017-08-17T22:00:00,N,N4,100.00000000000004
2017-08-17T23:00:00,N,N4,88.99999999999999
2017-08-18T00:00:00,N,N4,83.99999999999999
2017-08-18T01:00:00,N,N4,78.0
2017-08-18T02:00:00,N,N4,78.0
2017-08-18T03:00:00,N,N4,78.0
2017-08-18T04:00:00,N,N4,78.0
2017-08-18T05:00:00,N,N4,78.0
2017-08-18T06:00:00,N,N4,104.99999999999989
2017-08-18T07:00:00,N,N4,108.99999999999996
2017-08-18T08:00:00,N,N4,99.0
2017-08-18T09:00:00,N,N4,113.00000000000004
2017-08-18T10:00:00,N,N4,138.00000000000006
2017-08-18T11:00:00,N,N4,155.00000000000003
2017-08-18T12:00:00,N,N4,131.99999999999997
2017-08-18T13:00:00,N,N4,127.99999999999996
2017-08-18T14:00:00,N,N4,124.00000000000004
2017-08-18T15:00:00,N,N4,125.00000000000004
2017-08-18T16:00:00,N,N4,121.00000000000004
2017-08-18T17:00:00,N,N4,125.00000000000004
2017-08-18T18:00:00,N,N4,146.0
2017-08-18T19:00:00,N,N4,126.0
2017-08-18T20:00:00,N,N4,110.99999999999996
2017-08-18T21:00:00,N,N4,96.0
2017-08-18T22:00:00,N,N4,96.0
2017-08-18T23:00:00,N,N4,82.00000000000001
2017-08-19T00:00:00,N,N4,70.00000000000003
2017-08-19T01:00:00,N,N4,70.00000000000003
2017-08-19T02:00:00,N,N4,70.00000000000003
2017-08-19T03:00:00,N,N4,70.00000000000003
2017-08-19T04:00:00,N,N4,70.00000000000003
2017-08-19T05:00:00,N,N4,70.00000000000003
2017-08-19T06:00:00,N,N4,95.0
2017-08-19T07:00:00,N,N4,110.99999999999996
2017-08-19T08:00:00,N,N4,133.0
2017-08-19T09:00:00,N,N4,135.00000000000003
2017-08-19T10:00:00,N,N4,139.99999999999994
2017-08-19T11:00:00,N,N4,135.00000000000003
2017-08-19T12:00:00,N,N4,114.00000000000004
2017-08-19T13:00:00,N,N4,115.0
2017-08-19T14:00:00,N,N4,114.00000000000004
2017-08-19T15:00:00,N,N4,106.99999999999996
2017-08-19T16:00:00,N,N4,101.99999999999996
2017-08-19T17:00:00,N,N4,113.00000000000004
2017-08-19T18:00:00,N,N4,122.99999999999994
2017-08-19T19:00:00,N,N4,98.00000000000004
2017-08-19T20:00:00,N,N4,85.99999999999997
2017-08-19T21:00:00,N,N4,74.00000000000003
2017-08-19T22:00:00,N,N4,70.00000000000003
2017-08-19T23:00:00,N,N4,62.99999999999999
2017-08-20T00:00:00,N,N4,57.99999999999999
2017-08-20T01:00:00,N,N4,55.000000000000014
2017-08-20T02:00:00,N,N4,55.000000000000014
2017-08-20T03:00:00,N,N4,55.000000000000014
2017-08-20T04:00:00,N,N4,53.00000000000001
2017-08-20T05:00:00,N,N4,54.00000000000001
2017-08-20T06:00:00,N,N4,59.99999999999999
2017-08-20T07:00:00,N,N4,62.99999999999999
2017-08-20T08:00:00,N,N4,74.17778646382192
2017-08-20T09:00:00,N,N4,74.00000000000003
2017-08-20T10:00:00,N,N4,82.00000000000001
2017-08-20T11:00:00,N,N4,86.00000000000004
2017-08-20T12:00:00,N,N4,85.99999999999997
2017-08-20T13:00:00,N,N4,66.99999999999997
2017-08-20T14:00:00,N,N4,77.41797932827275
2017-08-20T15:00:00,N,N4,77.22142465829306
2017-08-20T16:00:00,N,N4,80.24463053898693
2017-08-20T17:00:00,N,N4,94.68630498564758
2017-08-20T18:00:00,N,N4,105.99999999999996
2017-08-20T19:00:00,N,N4,94.0
2017-08-20T20:00:00,N,N4,83.99999999999999
2017-08-20T21:00:00,N,N4,71.0
2017-08-20T22:00:00,N,N4,65.99999999999997
2017-08-20T23:00:00,N,N4,62.99999999999999
2017-08-21T00:00:00,N,N4,59.99999999999999
2017-08-21T01:00:00,N,N4,59.99999999999999
2017-08-21T02:00:00,N,N4,59.99999999999999
2017-08-21T03:00:00,N,N4,59.99999999999999
2017-08-21T04:00:00,N,N4,62.99999999999999
2017-08-21T05:00:00,N,N4,71.0
2017-08-21T06:00:00,N,N4,85.99999999999997
2017-08-21T07:00:00,N,N4,99.0
2017-08-21T08:00:00,N,N4,119.99999999999996
2017-08-21T09:00:00,N,N4,118.00000000000004
2017-08-21T10:00:00,N,N4,122.99999999999994
2017-08-21T11:00:00,N,N4,125.00000000000004
2017-08-21T12:00:00,N,N4,104.0
2017-08-21T13:00:00,N,N4,95.0
2017-08-21T14:00:00,N,N4,104.99999999999996
2017-08-21T15:00:00,N,N4,104.99999999999996
2017-08-21T16:00:00,N,N4,108.00000000000004
2017-08-21T17:00:00,N,N4,142.99999999999994
2017-08-21T18:00:00,N,N4,155.00000000000003
2017-08-21T19:00:00,N,N4,122.00000000000004
2017-08-21T20:00:00,N,N4,108.99999999999996
2017-08-21T21:00:00,N,N4,93.00000000000004
2017-08-21T22:00:00,N,N4,83.99999999999999
2017-08-21T23:00:00,N,N4,79.99999999999997
2017-08-22T00:00:00,N,N4,72.0
2017-08-22T01:00:00,N,N4,72.0
2017-08-22T02:00:00,N,N4,71.0
2017-08-22T03:00:00,N,N4,71.0
2017-08-22T04:00:00,N,N4,72.0
2017-08-22T05:00:00,N,N4,77.00000000000001
2017-08-22T06:00:00,N,N4,95.0
2017-08-22T07:00:00,N,N4,101.00000000000004
2017-08-22T08:00:00,N,N4,115.0
2017-08-22T09:00:00,N,N4,119.00000000000004
2017-08-22T10:00:00,N,N4,124.00000000000004
2017-08-22T11:00:00,N,N4,124.00000000000004
2017-08-22T12:00:00,N,N4,110.99999999999996
2017-08-22T13:00:00,N,N4,94.0
2017-08-22T14:00:00,N,N4,104.99999999999996
2017-08-22T15:00:00,N,N4,99.0
2017-08-22T16:00:00,N,N4,104.99999999999996
2017-08-22T17:00:00,N,N4,127.0
2017-08-22T18:00:00,N,N4,152.0
2017-08-22T19:00:00,N,N4,119.99999999999996
2017-08-22T20:00:00,N,N4,110.00000000000004
2017-08-22T21:00:00,N,N4,90.99999999999996
2017-08-22T22:00:00,N,N4,87.0
2017-08-22T23:00:00,N,N4,79.0
2017-08-23T00:00:00,N,N4,72.0
2017-08-23T01:00:00,N,N4,72.0
2017-08-23T02:00:00,N,N4,72.0
2017-08-23T03:00:00,N,N4,72.0
2017-08-23T04:00:00,N,N4,71.0
2017-08-23T05:00:00,N,N4,85.00000000000001
2017-08-23T06:00:00,N,N4,96.0
2017-08-23T07:00:00,N,N4,105.99999999999996
2017-08-23T08:00:00,N,N4,117.00000000000004
2017-08-23T09:00:00,N,N4,119.00000000000004
2017-08-23T10:00:00,N,N4,128.99999999999997
2017-08-23T11:00:00,N,N4,135.00000000000003
2017-08-23T12:00:00,N,N4,111.99999999999996
2017-08-23T13:00:00,N,N4,110.00000000000004
2017-08-23T14:00:00,N,N4,119.00000000000004
2017-08-23T15:00:00,N,N4,119.00000000000004
2017-08-23T16:00:00,N,N4,128.99999999999997
2017-08-23T17:00:00,N,N4,138.00000000000006
2017-08-23T18:00:00,N,N4,163.0
2017-08-23T19:00:00,N,N4,142.99999999999994
2017-08-23T20:00:00,N,N4,113.00000000000004
2017-08-23T21:00:00,N,N4,104.99999999999996
2017-08-23T22:00:00,N,N4,94.0
2017-08-23T23:00:00,N,N4,83.00000000000003
2017-08-24T00:00:00,N,N4,78.0
2017-08-24T01:00:00,N,N4,70.00000000000003
2017-08-24T02:00:00,N,N4,70.00000000000003
2017-08-24T03:00:00,N,N4,70.00000000000003
2017-08-24T04:00:00,N,N4,68.00000000000001
2017-08-24T05:00:00,N,N4,68.00000000000001
2017-08-24T06:00:00,N,N4,88.99999999999999
2017-08-24T07:00:00,N,N4,100.00000000000004
2017-08-24T08:00:00,N,N4,127.99999999999996
2017-08-24T09:00:00,N,N4,127.99999999999996
2017-08-24T10:00:00,N,N4,125.00000000000004
2017-08-24T11:00:00,N,N4,144.0
2017-08-24T12:00:00,N,N4,110.99999999999996
2017-08-24T13:00:00,N,N4,130.99999999999994
2017-08-24T14:00:00,N,N4,133.99999999999986
2017-08-24T15:00:00,N,N4,127.0000000000001
2017-08-24T16:00:00,N,N4,133.0
2017-08-24T17:00:00,N,N4,159.0
2017-08-24T18:00:00,N,N4,164.00000000000006
2017-08-24T19:00:00,N,N4,138.00000000000006
2017-08-24T20:00:00,N,N4,119.99999999999996
2017-08-24T21:00:00,N,N4,119.99999999999996
2017-08-24T22:00:00,N,N4,119.99999999999996
2017-08-24T23:00:00,N,N4,83.99999999999999
2017-08-25T00:00:00,N,N4,79.0
2017-08-25T01:00:00,N,N4,74.00000000000003
2017-08-25T02:00:00,N,N4,72.0
2017-08-25T03:00:00,N,N4,71.0
2017-08-25T04:00:00,N,N4,71.0
2017-08-25T05:00:00,N,N4,71.0
2017-08-25T06:00:00,N,N4,87.0
2017-08-25T07:00:00,N,N4,116.0
2017-08-25T08:00:00,N,N4,118.00000000000004
2017-08-25T09:00:00,N,N4,138.99999999999997
2017-08-25T10:00:00,N,N4,146.99999999999997
2017-08-25T11:00:00,N,N4,152.99999999999997
2017-08-25T12:00:00,N,N4,121.00000000000004
2017-08-25T13:00:00,N,N4,133.0
2017-08-25T14:00:00,N,N4,139.99999999999994
2017-08-25T15:00:00,N,N4,128.99999999999997
2017-08-25T16:00:00,N,N4,137.00000000000003
2017-08-25T17:00:00,N,N4,154.00000000000006
2017-08-25T18:00:00,N,N4,164.99999999999994
2017-08-25T19:00:00,N,N4,144.0
2017-08-25T20:00:00,N,N4,127.0
2017-08-25T21:00:00,N,N4,111.99999999999996
2017-08-25T22:00:00,N,N4,97.0
2017-08-25T23:00:00,N,N4,90.99999999999996
2017-08-26T00:00:00,N,N4,90.99999999999996
2017-08-26T01:00:00,N,N4,79.99999999999997
2017-08-26T02:00:00,N,N4,79.99999999999997
2017-08-26T03:00:00,N,N4,79.99999999999997
2017-08-26T04:00:00,N,N4,79.99999999999997
2017-08-26T05:00:00,N,N4,79.99999999999997
2017-08-26T06:00:00,N,N4,88.99999999999999
2017-08-26T07:00:00,N,N4,110.00000000000004
2017-08-26T08:00:00,N,N4,110.99999999999996
2017-08-26T09:00:00,N,N4,105.99999999999996
2017-08-26T10:00:00,N,N4,116.0
2017-08-26T11:00:00,N,N4,117.00000000000004
2017-08-26T12:00:00,N,N4,104.99999999999996
2017-08-26T13:00:00,N,N4,104.99999999999996
2017-08-26T14:00:00,N,N4,95.0
2017-08-26T15:00:00,N,N4,96.0
2017-08-26T16:00:00,N,N4,96.0
2017-08-26T17:00:00,N,N4,121.00000000000004
2017-08-26T18:00:00,N,N4,130.99999999999994
2017-08-26T19:00:00,N,N4,118.00000000000004
2017-08-26T20:00:00,N,N4,106.99999999999996
2017-08-26T21:00:00,N,N4,93.00000000000004
2017-08-26T22:00:00,N,N4,83.99999999999999
2017-08-26T23:00:00,N,N4,87.0
2017-08-27T00:00:00,N,N4,81.99999999999994
2017-08-27T01:00:00,N,N4,77.00000000000001
2017-08-27T02:00:00,N,N4,77.00000000000001
2017-08-27T03:00:00,N,N4,77.00000000000001
2017-08-27T04:00:00,N,N4,77.00000000000001
2017-08-27T05:00:00,N,N4,72.0
2017-08-27T06:00:00,N,N4,79.0
2017-08-27T07:00:00,N,N4,83.99999999999999
2017-08-27T08:00:00,N,N4,85.99999999999997
2017-08-27T09:00:00,N,N4,85.99999999999997
2017-08-27T10:00:00,N,N4,90.0
2017-08-27T11:00:00,N,N4,90.0
2017-08-27T12:00:00,N,N4,76.0
2017-08-27T13:00:00,N,N4,63.99999999999998
2017-08-27T14:00:00,N,N4,75.19272509558706
2017-08-27T15:00:00,N,N4,76.24493767211554
2017-08-27T16:00:00,N,N4,80.45054381405632
2017-08-27T17:00:00,N,N4,95.0
2017-08-27T18:00:00,N,N4,106.99999999999996
2017-08-27T19:00:00,N,N4,96.0
2017-08-27T20:00:00,N,N4,83.99999999999999
2017-08-27T21:00:00,N,N4,74.00000000000003
2017-08-27T22:00:00,N,N4,68.00000000000001
2017-08-27T23:00:00,N,N4,62.00000000000001
2017-08-28T00:00:00,N,N4,62.00000000000001
2017-08-28T01:00:00,N,N4,57.00000000000001
2017-08-28T02:00:00,N,N4,57.00000000000001
2017-08-28T03:00:00,N,N4,57.00000000000001
2017-08-28T04:00:00,N,N4,57.00000000000001
2017-08-28T05:00:00,N,N4,62.00000000000001
2017-08-28T06:00:00,N,N4,83.00000000000003
2017-08-28T07:00:00,N,N4,87.0
2017-08-28T08:00:00,N,N4,99.0
2017-08-28T09:00:00,N,N4,104.0
2017-08-28T10:00:00,N,N4,106.99999999999996
2017-08-28T11:00:00,N,N4,122.00000000000004
2017-08-28T12:00:00,N,N4,106.99999999999996
2017-08-28T13:00:00,N,N4,99.0
2017-08-28T14:00:00,N,N4,108.00000000000004
2017-08-28T15:00:00,N,N4,113.00000000000004
2017-08-28T16:00:00,N,N4,110.99999999999996
2017-08-28T17:00:00,N,N4,122.99999999999994
2017-08-28T18:00:00,N,N4,142.99999999999994
2017-08-28T19:00:00,N,N4,126.0
2017-08-28T20:00:00,N,N4,104.99999999999996
2017-08-28T21:00:00,N,N4,94.0
2017-08-28T22:00:00,N,N4,83.99999999999999
2017-08-28T23:00:00,N,N4,72.99999999999999
2017-08-29T00:00:00,N,N4,66.99999999999997
2017-08-29T01:00:00,N,N4,68.00000000000001
2017-08-29T02:00:00,N,N4,68.00000000000001
2017-08-29T03:00:00,N,N4,68.00000000000001
2017-08-29T04:00:00,N,N4,68.00000000000001
2017-08-29T05:00:00,N,N4,68.00000000000001
2017-08-29T06:00:00,N,N4,81.00000000000003
2017-08-29T07:00:00,N,N4,90.99999999999996
2017-08-29T08:00:00,N,N4,110.00000000000004
2017-08-29T09:00:00,N,N4,113.00000000000004
2017-08-29T10:00:00,N,N4,118.00000000000004
2017-08-29T11:00:00,N,N4,118.00000000000004
2017-08-29T12:00:00,N,N4,99.0
2017-08-29T13:00:00,N,N4,100.00000000000004
2017-08-29T14:00:00,N,N4,121.00000000000004
2017-08-29T15:00:00,N,N4,122.00000000000004
2017-08-29T16:00:00,N,N4,127.0
2017-08-29T17:00:00,N,N4,125.00000000000004
2017-08-29T18:00:00,N,N4,147.99999999999994
2017-08-29T19:00:00,N,N4,127.0
2017-08-29T20:00:00,N,N4,113.00000000000004
2017-08-29T21:00:00,N,N4,93.00000000000004
2017-08-29T22:00:00,N,N4,85.99999999999997
2017-08-29T23:00:00,N,N4,79.0
2017-08-30T00:00:00,N,N4,72.0
2017-08-30T01:00:00,N,N4,72.0
2017-08-30T02:00:00,N,N4,71.0
2017-08-30T03:00:00,N,N4,71.0
2017-08-30T04:00:00,N,N4,71.0
2017-08-30T05:00:00,N,N4,76.0
2017-08-30T06:00:00,N,N4,94.0
2017-08-30T07:00:00,N,N4,99.0
2017-08-30T08:00:00,N,N4,121.00000000000004
2017-08-30T09:00:00,N,N4,121.00000000000004
2017-08-30T10:00:00,N,N4,128.99999999999997
2017-08-30T11:00:00,N,N4,138.99999999999997
2017-08-30T12:00:00,N,N4,113.00000000000004
2017-08-30T13:00:00,N,N4,104.99999999999996
2017-08-30T14:00:00,N,N4,118.00000000000004
2017-08-30T15:00:00,N,N4,119.99999999999996
2017-08-30T16:00:00,N,N4,131.99999999999997
2017-08-30T17:00:00,N,N4,127.0
2017-08-30T18:00:00,N,N4,127.0
2017-08-30T19:00:00,N,N4,115.0
2017-08-30T20:00:00,N,N4,101.00000000000004
2017-08-30T21:00:00,N,N4,90.0
2017-08-30T22:00:00,N,N4,79.99999999999997
2017-08-30T23:00:00,N,N4,74.00000000000003
2017-08-31T00:00:00,N,N4,69.00000000000001
2017-08-31T01:00:00,N,N4,68.00000000000001
2017-08-31T02:00:00,N,N4,68.00000000000001
2017-08-31T03:00:00,N,N4,68.00000000000001
2017-08-31T04:00:00,N,N4,70.00000000000003
2017-08-31T05:00:00,N,N4,70.00000000000003
2017-08-31T06:00:00,N,N4,92.0
2017-08-31T07:00:00,N,N4,100.00000000000004
2017-08-31T08:00:00,N,N4,117.00000000000004
2017-08-31T09:00:00,N,N4,118.00000000000004
2017-08-31T10:00:00,N,N4,111.99999999999996
2017-08-31T11:00:00,N,N4,121.00000000000004
2017-08-31T12:00:00,N,N4,101.99999999999996
2017-08-31T13:00:00,N,N4,90.0
2017-08-31T14:00:00,N,N4,115.0
2017-08-31T15:00:00,N,N4,108.99999999999996
2017-08-31T16:00:00,N,N4,105.99999999999996
2017-08-31T17:00:00,N,N4,108.99999999999996
2017-08-31T18:00:00,N,N4,142.99999999999994
2017-08-31T19:00:00,N,N4,119.00000000000004
2017-08-31T20:00:00,N,N4,106.99999999999996
2017-08-31T21:00:00,N,N4,97.0
2017-08-31T22:00:00,N,N4,87.0
2017-08-31T23:00:00,N,N4,77.00000000000001
2017-09-01T00:00:00,N,N4,77.00000000000001
2017-09-01T01:00:00,N,N4,72.0
2017-09-01T02:00:00,N,N4,70.00000000000003
2017-09-01T03:00:00,N,N4,70.00000000000003
2017-09-01T04:00:00,N,N4,74.99999999999997
2017-09-01T05:00:00,N,N4,82.00000000000001
2017-09-01T06:00:00,N,N4,97.0
2017-09-01T07:00:00,N,N4,104.99999999999996
2017-09-01T08:00:00,N,N4,117.00000000000004
2017-09-01T09:00:00,N,N4,121.00000000000004
2017-09-01T10:00:00,N,N4,121.00000000000004
2017-09-01T11:00:00,N,N4,129.99999999999997
2017-09-01T12:00:00,N,N4,119.99999999999996
2017-09-01T13:00:00,N,N4,106.99999999999996
2017-09-01T14:00:00,N,N4,127.99999999999996
2017-09-01T15:00:00,N,N4,119.00000000000004
2017-09-01T16:00:00,N,N4,119.00000000000004
2017-09-01T17:00:00,N,N4,117.00000000000004
2017-09-01T18:00:00,N,N4,146.99999999999997
2017-09-01T19:00:00,N,N4,131.99999999999997
2017-09-01T20:00:00,N,N4,121.00000000000004
2017-09-01T21:00:00,N,N4,105.99999999999996
2017-09-01T22:00:00,N,N4,96.0
2017-09-01T23:00:00,N,N4,87.0
2017-09-02T00:00:00,N,N4,82.00000000000001
2017-09-02T01:00:00,N,N4,77.00000000000009
2017-09-02T02:00:00,N,N4,76.0
2017-09-02T03:00:00,N,N4,76.0
2017-09-02T04:00:00,N,N4,76.0
2017-09-02T05:00:00,N,N4,85.99999999999997
2017-09-02T06:00:00,N,N4,85.99999999999997
2017-09-02T07:00:00,N,N4,108.99999999999996
2017-09-02T08:00:00,N,N4,115.0
2017-09-02T09:00:00,N,N4,115.0
2017-09-02T10:00:00,N,N4,119.99999999999996
2017-09-02T11:00:00,N,N4,121.00000000000004
2017-09-02T12:00:00,N,N4,104.99999999999996
2017-09-02T13:00:00,N,N4,103.0
2017-09-02T14:00:00,N,N4,101.99999999999996
2017-09-02T15:00:00,N,N4,106.99999999999996
2017-09-02T16:00:00,N,N4,102.00000000000004
2017-09-02T17:00:00,N,N4,119.00000000000004
2017-09-02T18:00:00,N,N4,144.99999999999997
2017-09-02T19:00:00,N,N4,127.99999999999996
2017-09-02T20:00:00,N,N4,116.0
2017-09-02T21:00:00,N,N4,99.0
2017-09-02T22:00:00,N,N4,95.0
2017-09-02T23:00:00,N,N4,86.00000000000004
2017-09-03T00:00:00,N,N4,82.00000000000001
2017-09-03T01:00:00,N,N4,82.00000000000001
2017-09-03T02:00:00,N,N4,71.0
2017-09-03T03:00:00,N,N4,71.0
2017-09-03T04:00:00,N,N4,71.0
2017-09-03T05:00:00,N,N4,77.00000000000001
2017-09-03T06:00:00,N,N4,72.0
2017-09-03T07:00:00,N,N4,87.0
2017-09-03T08:00:00,N,N4,92.0
2017-09-03T09:00:00,N,N4,96.0
2017-09-03T10:00:00,N,N4,101.00000000000004
2017-09-03T11:00:00,N,N4,101.00000000000004
2017-09-03T12:00:00,N,N4,96.0
2017-09-03T13:00:00,N,N4,85.99999999999997
2017-09-03T14:00:00,N,N4,86.00000000000004
2017-09-03T15:00:00,N,N4,85.99999999999997
2017-09-03T16:00:00,N,N4,83.99999999999999
2017-09-03T17:00:00,N,N4,110.00000000000004
2017-09-03T18:00:00,N,N4,127.0
2017-09-03T19:00:00,N,N4,127.0
2017-09-03T20:00:00,N,N4,114.00000000000004
2017-09-03T21:00:00,N,N4,99.0
2017-09-03T22:00:00,N,N4,94.0
2017-09-03T23:00:00,N,N4,85.99999999999997
2017-09-04T00:00:00,N,N4,82.00000000000001
2017-09-04T01:00:00,N,N4,77.00000000000001
2017-09-04T02:00:00,N,N4,77.00000000000001
2017-09-04T03:00:00,N,N4,77.00000000000001
2017-09-04T04:00:00,N,N4,77.00000000000001
2017-09-04T05:00:00,N,N4,83.99999999999999
2017-09-04T06:00:00,N,N4,88.99999999999999
2017-09-04T07:00:00,N,N4,101.00000000000004
2017-09-04T08:00:00,N,N4,124.00000000000004
2017-09-04T09:00:00,N,N4,127.99999999999996
2017-09-04T10:00:00,N,N4,129.99999999999997
2017-09-04T11:00:00,N,N4,138.00000000000006
2017-09-04T12:00:00,N,N4,122.99999999999994
2017-09-04T13:00:00,N,N4,118.00000000000004
2017-09-04T14:00:00,N,N4,138.00000000000006
2017-09-04T15:00:00,N,N4,133.0
2017-09-04T16:00:00,N,N4,127.0
2017-09-04T17:00:00,N,N4,133.99999999999997
2017-09-04T18:00:00,N,N4,159.0
2017-09-04T19:00:00,N,N4,144.99999999999997
2017-09-04T20:00:00,N,N4,133.0
2017-09-04T21:00:00,N,N4,117.00000000000004
2017-09-04T22:00:00,N,N4,105.99999999999996
2017-09-04T23:00:00,N,N4,88.99999999999999
2017-09-05T00:00:00,N,N4,83.99999999999999
2017-09-05T01:00:00,N,N4,85.00000000000001
2017-09-05T02:00:00,N,N4,81.00000000000003
2017-09-05T03:00:00,N,N4,81.00000000000003
2017-09-05T04:00:00,N,N4,81.00000000000003
2017-09-05T05:00:00,N,N4,81.00000000000003
2017-09-05T06:00:00,N,N4,92.0
2017-09-05T07:00:00,N,N4,100.00000000000004
2017-09-05T08:00:00,N,N4,115.0
2017-09-05T09:00:00,N,N4,114.00000000000004
2017-09-05T10:00:00,N,N4,115.0
2017-09-05T11:00:00,N,N4,122.00000000000004
2017-09-05T12:00:00,N,N4,105.99999999999996
2017-09-05T13:00:00,N,N4,105.99999999999996
2017-09-05T14:00:00,N,N4,108.99999999999996
2017-09-05T15:00:00,N,N4,118.00000000000004
2017-09-05T16:00:00,N,N4,121.00000000000004
2017-09-05T17:00:00,N,N4,134.99999999999991
2017-09-05T18:00:00,N,N4,144.0
2017-09-05T19:00:00,N,N4,121.00000000000004
2017-09-05T20:00:00,N,N4,101.00000000000004
2017-09-05T21:00:00,N,N4,90.99999999999996
2017-09-05T22:00:00,N,N4,79.99999999999997
2017-09-05T23:00:00,N,N4,74.99999999999997
2017-09-06T00:00:00,N,N4,70.00000000000003
2017-09-06T01:00:00,N,N4,68.00000000000001
2017-09-06T02:00:00,N,N4,64.99999999999999
2017-09-06T03:00:00,N,N4,64.99999999999999
2017-09-06T04:00:00,N,N4,64.99999999999999
2017-09-06T05:00:00,N,N4,64.99999999999999
2017-09-06T06:00:00,N,N4,87.0
2017-09-06T07:00:00,N,N4,94.0
2017-09-06T08:00:00,N,N4,113.00000000000004
2017-09-06T09:00:00,N,N4,116.0
2017-09-06T10:00:00,N,N4,114.00000000000004
2017-09-06T11:00:00,N,N4,128.99999999999997
2017-09-06T12:00:00,N,N4,110.00000000000004
2017-09-06T13:00:00,N,N4,104.0
2017-09-06T14:00:00,N,N4,122.99999999999994
2017-09-06T15:00:00,N,N4,122.99999999999994
2017-09-06T16:00:00,N,N4,128.99999999999997
2017-09-06T17:00:00,N,N4,144.99999999999997
2017-09-06T18:00:00,N,N4,144.99999999999997
2017-09-06T19:00:00,N,N4,138.00000000000006
2017-09-06T20:00:00,N,N4,111.99999999999996
2017-09-06T21:00:00,N,N4,106.99999999999996
2017-09-06T22:00:00,N,N4,96.0
2017-09-06T23:00:00,N,N4,79.99999999999997
2017-09-07T00:00:00,N,N4,79.99999999999997
2017-09-07T01:00:00,N,N4,74.99999999999997
2017-09-07T02:00:00,N,N4,74.99999999999997
2017-09-07T03:00:00,N,N4,74.99999999999997
2017-09-07T04:00:00,N,N4,74.99999999999997
2017-09-07T05:00:00,N,N4,74.99999999999997
2017-09-07T06:00:00,N,N4,88.00000000000003
2017-09-07T07:00:00,N,N4,101.99999999999996
2017-09-07T08:00:00,N,N4,122.99999999999994
2017-09-07T09:00:00,N,N4,122.99999999999994
2017-09-07T10:00:00,N,N4,131.99999999999997
2017-09-07T11:00:00,N,N4,141.00000000000003
2017-09-07T12:00:00,N,N4,121.00000000000004
2017-09-07T13:00:00,N,N4,116.0
2017-09-07T14:00:00,N,N4,138.99999999999997
2017-09-07T15:00:00,N,N4,92.0
2017-09-07T16:00:00,N,N4,94.0
2017-09-07T17:00:00,N,N4,171.00000000000009
2017-09-07T18:00:00,N,N4,171.00000000000009
2017-09-07T19:00:00,N,N4,146.0
2017-09-07T20:00:00,N,N4,126.0
2017-09-07T21:00:00,N,N4,128.99999999999997
2017-09-07T22:00:00,N,N4,101.00000000000004
2017-09-07T23:00:00,N,N4,95.0
2017-09-08T00:00:00,N,N4,86.08333333333333
2017-09-08T01:00:00,N,N4,83.41666666666667
2017-09-08T02:00:00,N,N4,81.41666666666666
2017-09-08T03:00:00,N,N4,79.66666666666666
2017-09-08T04:00:00,N,N4,80.66666666666666
2017-09-08T05:00:00,N,N4,83.27272727272727
2017-09-08T06:00:00,N,N4,96.72727272727272
2017-09-08T07:00:00,N,N4,107.33333333333331
2017-09-08T08:00:00,N,N4,77.69968012698342
2017-09-08T09:00:00,N,N4,78.92641623345689
2017-09-08T10:00:00,N,N4,83.63875472016814
2017-09-08T11:00:00,N,N4,88.00000000000003
2017-09-08T12:00:00,N,N4,94.0
2017-09-08T13:00:00,N,N4,94.0
2017-09-08T14:00:00,N,N4,108.00000000000004
2017-09-08T15:00:00,N,N4,101.00000000000004
2017-09-08T16:00:00,N,N4,101.00000000000004
2017-09-08T17:00:00,N,N4,134.99999999999991
2017-09-08T18:00:00,N,N4,152.0
2017-09-08T19:00:00,N,N4,147.99999999999994
2017-09-08T20:00:00,N,N4,137.00000000000003
2017-09-08T21:00:00,N,N4,119.99999999999996
2017-09-08T22:00:00,N,N4,108.99999999999996
2017-09-08T23:00:00,N,N4,104.0
2017-09-09T00:00:00,N,N4,99.0
2017-09-09T01:00:00,N,N4,94.0
2017-09-09T02:00:00,N,N4,94.0
2017-09-09T03:00:00,N,N4,88.99999999999999
2017-09-09T04:00:00,N,N4,88.99999999999999
2017-09-09T05:00:00,N,N4,90.0
2017-09-09T06:00:00,N,N4,105.99999999999996
2017-09-09T07:00:00,N,N4,111.99999999999996
2017-09-09T08:00:00,N,N4,119.00000000000004
2017-09-09T09:00:00,N,N4,119.00000000000004
2017-09-09T10:00:00,N,N4,122.00000000000004
2017-09-09T11:00:00,N,N4,127.99999999999996
2017-09-09T12:00:00,N,N4,111.99999999999996
2017-09-09T13:00:00,N,N4,118.00000000000004
2017-09-09T14:00:00,N,N4,114.00000000000004
2017-09-09T15:00:00,N,N4,114.00000000000004
2017-09-09T16:00:00,N,N4,108.00000000000004
2017-09-09T17:00:00,N,N4,142.99999999999994
2017-09-09T18:00:00,N,N4,142.99999999999994
2017-09-09T19:00:00,N,N4,142.00000000000003
2017-09-09T20:00:00,N,N4,127.0
2017-09-09T21:00:00,N,N4,111.99999999999996
2017-09-09T22:00:00,N,N4,106.99999999999996
2017-09-09T23:00:00,N,N4,101.00000000000004
2017-09-10T00:00:00,N,N4,95.0
2017-09-10T01:00:00,N,N4,96.0
2017-09-10T02:00:00,N,N4,88.00000000000003
2017-09-10T03:00:00,N,N4,88.00000000000003
2017-09-10T04:00:00,N,N4,88.00000000000003
2017-09-10T05:00:00,N,N4,88.00000000000003
2017-09-10T06:00:00,N,N4,92.0
2017-09-10T07:00:00,N,N4,98.00000000000004
2017-09-10T08:00:00,N,N4,99.0
2017-09-10T09:00:00,N,N4,104.0
2017-09-10T10:00:00,N,N4,104.0
2017-09-10T11:00:00,N,N4,96.0
2017-09-10T12:00:00,N,N4,95.0
2017-09-10T13:00:00,N,N4,97.0
2017-09-10T14:00:00,N,N4,101.99999999999996
2017-09-10T15:00:00,N,N4,98.00000000000004
2017-09-10T16:00:00,N,N4,96.0
2017-09-10T17:00:00,N,N4,118.00000000000004
2017-09-10T18:00:00,N,N4,133.99999999999997
2017-09-10T19:00:00,N,N4,133.99999999999997
2017-09-10T20:00:00,N,N4,124.00000000000004
2017-09-10T21:00:00,N,N4,119.99999999999996
2017-09-10T22:00:00,N,N4,108.00000000000004
2017-09-10T23:00:00,N,N4,95.0
2017-09-11T00:00:00,N,N4,68.72727272727273
2017-09-11T01:00:00,N,N4,66.0909090909091
2017-09-11T02:00:00,N,N4,66.0
2017-09-11T03:00:00,N,N4,65.9090909090909
2017-09-11T04:00:00,N,N4,66.63636363636364
2017-09-11T05:00:00,N,N4,68.9090909090909
2017-09-11T06:00:00,N,N4,87.0909090909091
2017-09-11T07:00:00,N,N4,87.53339700143381
2017-09-11T08:00:00,N,N4,108.33965767067536
2017-09-11T09:00:00,N,N4,118.00000000000004
2017-09-11T10:00:00,N,N4,122.99999999999994
2017-09-11T11:00:00,N,N4,127.0
2017-09-11T12:00:00,N,N4,110.00000000000004
2017-09-11T13:00:00,N,N4,100.00000000000004
2017-09-11T14:00:00,N,N4,116.0
2017-09-11T15:00:00,N,N4,108.00000000000004
2017-09-11T16:00:00,N,N4,110.99999999999996
2017-09-11T17:00:00,N,N4,111.99999999999996
2017-09-11T18:00:00,N,N4,138.00000000000006
2017-09-11T19:00:00,N,N4,124.00000000000004
2017-09-11T20:00:00,N,N4,111.99999999999996
2017-09-11T21:00:00,N,N4,95.0
2017-09-11T22:00:00,N,N4,90.0
2017-09-11T23:00:00,N,N4,79.0
2017-09-12T00:00:00,N,N4,79.0
2017-09-12T01:00:00,N,N4,74.00000000000003
2017-09-12T02:00:00,N,N4,74.00000000000003
2017-09-12T03:00:00,N,N4,74.00000000000003
2017-09-12T04:00:00,N,N4,76.0
2017-09-12T05:00:00,N,N4,79.99999999999997
2017-09-12T06:00:00,N,N4,85.99999999999997
2017-09-12T07:00:00,N,N4,100.00000000000004
2017-09-12T08:00:00,N,N4,122.99999999999994
2017-09-12T09:00:00,N,N4,127.0
2017-09-12T10:00:00,N,N4,129.99999999999997
2017-09-12T11:00:00,N,N4,142.99999999999994
2017-09-12T12:00:00,N,N4,117.00000000000004
2017-09-12T13:00:00,N,N4,106.99999999999996
2017-09-12T14:00:00,N,N4,136.00000000000006
2017-09-12T15:00:00,N,N4,127.99999999999996
2017-09-12T16:00:00,N,N4,115.0
2017-09-12T17:00:00,N,N4,117.00000000000004
2017-09-12T18:00:00,N,N4,142.99999999999994
2017-09-12T19:00:00,N,N4,133.0
2017-09-12T20:00:00,N,N4,113.00000000000004
2017-09-12T21:00:00,N,N4,108.00000000000004
2017-09-12T22:00:00,N,N4,98.00000000000004
2017-09-12T23:00:00,N,N4,88.00000000000003
2017-09-13T00:00:00,N,N4,83.00000000000003
2017-09-13T01:00:00,N,N4,83.00000000000003
2017-09-13T02:00:00,N,N4,83.00000000000003
2017-09-13T03:00:00,N,N4,83.00000000000003
2017-09-13T04:00:00,N,N4,83.00000000000003
2017-09-13T05:00:00,N,N4,85.00000000000001
2017-09-13T06:00:00,N,N4,100.00000000000004
2017-09-13T07:00:00,N,N4,98.00000000000004
2017-09-13T08:00:00,N,N4,122.00000000000004
2017-09-13T09:00:00,N,N4,122.99999999999994
2017-09-13T10:00:00,N,N4,129.99999999999997
2017-09-13T11:00:00,N,N4,131.99999999999997
2017-09-13T12:00:00,N,N4,138.99999999999997
2017-09-13T13:00:00,N,N4,128.99999999999997
2017-09-13T14:00:00,N,N4,126.0
2017-09-13T15:00:00,N,N4,126.0
2017-09-13T16:00:00,N,N4,126.0
2017-09-13T17:00:00,N,N4,138.99999999999997
2017-09-13T18:00:00,N,N4,161.99999999999994
2017-09-13T19:00:00,N,N4,146.0
2017-09-13T20:00:00,N,N4,131.99999999999997
2017-09-13T21:00:00,N,N4,117.00000000000004
2017-09-13T22:00:00,N,N4,105.99999999999996
2017-09-13T23:00:00,N,N4,98.00000000000004
2017-09-14T00:00:00,N,N4,88.99999999999999
2017-09-14T01:00:00,N,N4,83.99999999999999
2017-09-14T02:00:00,N,N4,81.00000000000003
2017-09-14T03:00:00,N,N4,81.00000000000003
2017-09-14T04:00:00,N,N4,83.00000000000003
2017-09-14T05:00:00,N,N4,93.00000000000004
2017-09-14T06:00:00,N,N4,105.99999999999996
2017-09-14T07:00:00,N,N4,106.99999999999996
2017-09-14T08:00:00,N,N4,129.99999999999997
2017-09-14T09:00:00,N,N4,127.99999999999996
2017-09-14T10:00:00,N,N4,138.00000000000006
2017-09-14T11:00:00,N,N4,154.00000000000006
2017-09-14T12:00:00,N,N4,128.99999999999997
2017-09-14T13:00:00,N,N4,114.00000000000004
2017-09-14T14:00:00,N,N4,108.00000000000004
2017-09-14T15:00:00,N,N4,100.00000000000004
2017-09-14T16:00:00,N,N4,108.99999999999996
2017-09-14T17:00:00,N,N4,127.99999999999996
2017-09-14T18:00:00,N,N4,144.0
2017-09-14T19:00:00,N,N4,125.00000000000004
2017-09-14T20:00:00,N,N4,97.0
2017-09-14T21:00:00,N,N4,93.00000000000004
2017-09-14T22:00:00,N,N4,85.99999999999997
2017-09-14T23:00:00,N,N4,76.0
2017-09-15T00:00:00,N,N4,72.0
2017-09-15T01:00:00,N,N4,70.00000000000003
2017-09-15T02:00:00,N,N4,69.00000000000001
2017-09-15T03:00:00,N,N4,57.00000000000001
2017-09-15T04:00:00,N,N4,56.00000000000002
2017-09-15T05:00:00,N,N4,61.00000000000001
2017-09-15T06:00:00,N,N4,68.00000000000001
2017-09-15T07:00:00,N,N4,74.00000000000003
2017-09-15T08:00:00,N,N4,83.99999999999999
2017-09-15T09:00:00,N,N4,90.0
2017-09-15T10:00:00,N,N4,110.00000000000004
2017-09-15T11:00:00,N,N4,103.0
2017-09-15T12:00:00,N,N4,98.00000000000004
2017-09-15T13:00:00,N,N4,88.99999999999999
2017-09-15T14:00:00,N,N4,90.0
2017-09-15T15:00:00,N,N4,93.00000000000004
2017-09-15T16:00:00,N,N4,93.00000000000004
2017-09-15T17:00:00,N,N4,138.00000000000006
2017-09-15T18:00:00,N,N4,137.00000000000003
2017-09-15T19:00:00,N,N4,110.00000000000004
2017-09-15T20:00:00,N,N4,103.0
2017-09-15T21:00:00,N,N4,85.00000000000001
2017-09-15T22:00:00,N,N4,74.00000000000003
2017-09-15T23:00:00,N,N4,69.00000000000001
2017-09-16T00:00:00,N,N4,65.99999999999997
2017-09-16T01:00:00,N,N4,66.99999999999997
2017-09-16T02:00:00,N,N4,66.99999999999997
2017-09-16T03:00:00,N,N4,66.99999999999997
2017-09-16T04:00:00,N,N4,66.99999999999997
2017-09-16T05:00:00,N,N4,72.0
2017-09-16T06:00:00,N,N4,78.0
2017-09-16T07:00:00,N,N4,92.0
2017-09-16T08:00:00,N,N4,105.99999999999996
2017-09-16T09:00:00,N,N4,101.00000000000004
2017-09-16T10:00:00,N,N4,101.00000000000004
2017-09-16T11:00:00,N,N4,104.0
2017-09-16T12:00:00,N,N4,90.0
2017-09-16T13:00:00,N,N4,85.00000000000001
2017-09-16T14:00:00,N,N4,92.0
2017-09-16T15:00:00,N,N4,87.0
2017-09-16T16:00:00,N,N4,92.0
2017-09-16T17:00:00,N,N4,111.99999999999996
2017-09-16T18:00:00,N,N4,111.99999999999996
2017-09-16T19:00:00,N,N4,102.00000000000004
2017-09-16T20:00:00,N,N4,85.00000000000001
2017-09-16T21:00:00,N,N4,76.0
2017-09-16T22:00:00,N,N4,71.0
2017-09-16T23:00:00,N,N4,65.99999999999997
2017-09-17T00:00:00,N,N4,61.00000000000001
2017-09-17T01:00:00,N,N4,61.00000000000001
2017-09-17T02:00:00,N,N4,59.99999999999999
2017-09-17T03:00:00,N,N4,56.00000000000002
2017-09-17T04:00:00,N,N4,56.00000000000002
2017-09-17T05:00:00,N,N4,56.00000000000002
2017-09-17T06:00:00,N,N4,61.00000000000001
2017-09-17T07:00:00,N,N4,71.0
2017-09-17T08:00:00,N,N4,77.00000000000001
2017-09-17T09:00:00,N,N4,82.00000000000001
2017-09-17T10:00:00,N,N4,92.0
2017-09-17T11:00:00,N,N4,92.0
2017-09-17T12:00:00,N,N4,78.0
2017-09-17T13:00:00,N,N4,68.00000000000001
2017-09-17T14:00:00,N,N4,76.8283940961419
2017-09-17T15:00:00,N,N4,76.62699087495643
2017-09-17T16:00:00,N,N4,79.30872312023402
2017-09-17T17:00:00,N,N4,88.99999999999999
2017-09-17T18:00:00,N,N4,114.00000000000004
2017-09-17T19:00:00,N,N4,104.0
2017-09-17T20:00:00,N,N4,85.00000000000001
2017-09-17T21:00:00,N,N4,74.00000000000003
2017-09-17T22:00:00,N,N4,69.00000000000001
2017-09-17T23:00:00,N,N4,63.99999999999998
2017-09-18T00:00:00,N,N4,63.99999999999998
2017-09-18T01:00:00,N,N4,59.000000000000014
2017-09-18T02:00:00,N,N4,59.000000000000014
2017-09-18T03:00:00,N,N4,59.000000000000014
2017-09-18T04:00:00,N,N4,59.000000000000014
2017-09-18T05:00:00,N,N4,59.000000000000014
2017-09-18T06:00:00,N,N4,85.99999999999997
2017-09-18T07:00:00,N,N4,108.00000000000004
2017-09-18T08:00:00,N,N4,117.00000000000004
2017-09-18T09:00:00,N,N4,133.0
2017-09-18T10:00:00,N,N4,138.00000000000006
2017-09-18T11:00:00,N,N4,138.00000000000006
2017-09-18T12:00:00,N,N4,103.0
2017-09-18T13:00:00,N,N4,103.0
2017-09-18T14:00:00,N,N4,121.00000000000004
2017-09-18T15:00:00,N,N4,119.99999999999996
2017-09-18T16:00:00,N,N4,116.0
2017-09-18T17:00:00,N,N4,133.99999999999997
2017-09-18T18:00:00,N,N4,133.99999999999997
2017-09-18T19:00:00,N,N4,135.00000000000003
2017-09-18T20:00:00,N,N4,119.00000000000004
2017-09-18T21:00:00,N,N4,101.99999999999996
2017-09-18T22:00:00,N,N4,93.00000000000004
2017-09-18T23:00:00,N,N4,81.00000000000003
2017-09-19T00:00:00,N,N4,76.0
2017-09-19T01:00:00,N,N4,76.0
2017-09-19T02:00:00,N,N4,72.99999999999999
2017-09-19T03:00:00,N,N4,72.99999999999999
2017-09-19T04:00:00,N,N4,72.99999999999999
2017-09-19T05:00:00,N,N4,72.99999999999999
2017-09-19T06:00:00,N,N4,93.00000000000004
2017-09-19T07:00:00,N,N4,99.0
2017-09-19T08:00:00,N,N4,121.00000000000004
2017-09-19T09:00:00,N,N4,122.00000000000004
2017-09-19T10:00:00,N,N4,138.00000000000006
2017-09-19T11:00:00,N,N4,136.00000000000006
2017-09-19T12:00:00,N,N4,116.0
2017-09-19T13:00:00,N,N4,114.00000000000004
2017-09-19T14:00:00,N,N4,141.00000000000003
2017-09-19T15:00:00,N,N4,135.00000000000003
2017-09-19T16:00:00,N,N4,142.99999999999994
2017-09-19T17:00:00,N,N4,152.0
2017-09-19T18:00:00,N,N4,170.00000000000006
2017-09-19T19:00:00,N,N4,158.00000000000003
2017-09-19T20:00:00,N,N4,138.99999999999997
2017-09-19T21:00:00,N,N4,118.00000000000004
2017-09-19T22:00:00,N,N4,113.00000000000004
2017-09-19T23:00:00,N,N4,104.99999999999996
2017-09-20T00:00:00,N,N4,95.0
2017-09-20T01:00:00,N,N4,90.0
2017-09-20T02:00:00,N,N4,85.99999999999997
2017-09-20T03:00:00,N,N4,86.00000000000004
2017-09-20T04:00:00,N,N4,85.99999999999997
2017-09-20T05:00:00,N,N4,94.0
2017-09-20T06:00:00,N,N4,108.00000000000004
2017-09-20T07:00:00,N,N4,119.00000000000004
2017-09-20T08:00:00,N,N4,149.0
2017-09-20T09:00:00,N,N4,146.99999999999997
2017-09-20T10:00:00,N,N4,159.99999999999994
2017-09-20T11:00:00,N,N4,164.00000000000006
2017-09-20T12:00:00,N,N4,149.70959030587946
2017-09-20T13:00:00,N,N4,144.0
2017-09-20T14:00:00,N,N4,155.63022433197685
2017-09-20T15:00:00,N,N4,156.0
2017-09-20T16:00:00,N,N4,156.0
2017-09-20T17:00:00,N,N4,142.00000000000003
2017-09-20T18:00:00,N,N4,179.0
2017-09-20T19:00:00,N,N4,179.0
2017-09-20T20:00:00,N,N4,147.99999999999994
2017-09-20T21:00:00,N,N4,127.99999999999996
2017-09-20T22:00:00,N,N4,118.00000000000004
2017-09-20T23:00:00,N,N4,113.00000000000004
2017-09-21T00:00:00,N,N4,103.0
2017-09-21T01:00:00,N,N4,98.00000000000004
2017-09-21T02:00:00,N,N4,96.0
2017-09-21T03:00:00,N,N4,94.0
2017-09-21T04:00:00,N,N4,94.0
2017-09-21T05:00:00,N,N4,94.0
2017-09-21T06:00:00,N,N4,108.99999999999989
2017-09-21T07:00:00,N,N4,113.00000000000004
2017-09-21T08:00:00,N,N4,129.99999999999997
2017-09-21T09:00:00,N,N4,138.00000000000006
2017-09-21T10:00:00,N,N4,154.00000000000006
2017-09-21T11:00:00,N,N4,159.0
2017-09-21T12:00:00,N,N4,139.99999999999994
2017-09-21T13:00:00,N,N4,141.00000000000003
2017-09-21T14:00:00,N,N4,159.0
2017-09-21T15:00:00,N,N4,159.0
2017-09-21T16:00:00,N,N4,149.99999999999997
2017-09-21T17:00:00,N,N4,163.41443580464997
2017-09-21T18:00:00,N,N4,180.0
2017-09-21T19:00:00,N,N4,173.00000000000006
2017-09-21T20:00:00,N,N4,152.99999999999997
2017-09-21T21:00:00,N,N4,138.00000000000006
2017-09-21T22:00:00,N,N4,127.99999999999996
2017-09-21T23:00:00,N,N4,113.00000000000004
2017-09-22T00:00:00,N,N4,113.00000000000004
2017-09-22T01:00:00,N,N4,106.99999999999996
2017-09-22T02:00:00,N,N4,106.99999999999996
2017-09-22T03:00:00,N,N4,106.99999999999996
2017-09-22T04:00:00,N,N4,106.99999999999996
2017-09-22T05:00:00,N,N4,108.00000000000004
2017-09-22T06:00:00,N,N4,114.00000000000004
2017-09-22T07:00:00,N,N4,125.00000000000004
2017-09-22T08:00:00,N,N4,159.99999999999994
2017-09-22T09:00:00,N,N4,159.99999999999994
2017-09-22T10:00:00,N,N4,161.00000000000003
2017-09-22T11:00:00,N,N4,171.99999999999994
2017-09-22T12:00:00,N,N4,146.99999999999997
2017-09-22T13:00:00,N,N4,151.0
2017-09-22T14:00:00,N,N4,158.63023916978412
2017-09-22T15:00:00,N,N4,155.0586851405056
2017-09-22T16:00:00,N,N4,155.00000000000003
2017-09-22T17:00:00,N,N4,159.0
2017-09-22T18:00:00,N,N4,170.00000000000006
2017-09-22T19:00:00,N,N4,170.00000000000006
2017-09-22T20:00:00,N,N4,127.99999999999996
2017-09-22T21:00:00,N,N4,116.0
2017-09-22T22:00:00,N,N4,104.99999999999996
2017-09-22T23:00:00,N,N4,104.99999999999996
2017-09-23T00:00:00,N,N4,90.0
2017-09-23T01:00:00,N,N4,90.0
2017-09-23T02:00:00,N,N4,85.00000000000001
2017-09-23T03:00:00,N,N4,85.00000000000001
2017-09-23T04:00:00,N,N4,85.00000000000001
2017-09-23T05:00:00,N,N4,85.00000000000001
2017-09-23T06:00:00,N,N4,100.00000000000004
2017-09-23T07:00:00,N,N4,110.00000000000004
2017-09-23T08:00:00,N,N4,129.99999999999997
2017-09-23T09:00:00,N,N4,124.99999999999994
2017-09-23T10:00:00,N,N4,124.00000000000004
2017-09-23T11:00:00,N,N4,133.0
2017-09-23T12:00:00,N,N4,108.00000000000004
2017-09-23T13:00:00,N,N4,104.0
2017-09-23T14:00:00,N,N4,104.99999999999996
2017-09-23T15:00:00,N,N4,104.99999999999996
2017-09-23T16:00:00,N,N4,96.0
2017-09-23T17:00:00,N,N4,119.00000000000004
2017-09-23T18:00:00,N,N4,130.99999999999994
2017-09-23T19:00:00,N,N4,119.00000000000004
2017-09-23T20:00:00,N,N4,101.99999999999996
2017-09-23T21:00:00,N,N4,85.99999999999997
2017-09-23T22:00:00,N,N4,79.99999999999997
2017-09-23T23:00:00,N,N4,74.00000000000003
2017-09-24T00:00:00,N,N4,70.00000000000003
2017-09-24T01:00:00,N,N4,65.99999999999997
2017-09-24T02:00:00,N,N4,64.99999999999999
2017-09-24T03:00:00,N,N4,64.99999999999999
2017-09-24T04:00:00,N,N4,65.99999999999997
2017-09-24T05:00:00,N,N4,70.00000000000003
2017-09-24T06:00:00,N,N4,70.00000000000003
2017-09-24T07:00:00,N,N4,79.99999999999997
2017-09-24T08:00:00,N,N4,88.99999999999999
2017-09-24T09:00:00,N,N4,88.99999999999999
2017-09-24T10:00:00,N,N4,101.99999999999996
2017-09-24T11:00:00,N,N4,101.99999999999996
2017-09-24T12:00:00,N,N4,95.0
2017-09-24T13:00:00,N,N4,88.99999999999999
2017-09-24T14:00:00,N,N4,93.00000000000004
2017-09-24T15:00:00,N,N4,93.00000000000004
2017-09-24T16:00:00,N,N4,88.00000000000003
2017-09-24T17:00:00,N,N4,100.00000000000004
2017-09-24T18:00:00,N,N4,133.99999999999997
2017-09-24T19:00:00,N,N4,133.99999999999997
2017-09-24T20:00:00,N,N4,118.00000000000004
2017-09-24T21:00:00,N,N4,113.00000000000004
2017-09-24T22:00:00,N,N4,98.00000000000004
2017-09-24T23:00:00,N,N4,98.00000000000004
2017-09-25T00:00:00,N,N4,87.0
2017-09-25T01:00:00,N,N4,82.00000000000001
2017-09-25T02:00:00,N,N4,82.00000000000001
2017-09-25T03:00:00,N,N4,82.00000000000001
2017-09-25T04:00:00,N,N4,82.00000000000001
2017-09-25T05:00:00,N,N4,82.00000000000001
2017-09-25T06:00:00,N,N4,99.0
2017-09-25T07:00:00,N,N4,106.99999999999996
2017-09-25T08:00:00,N,N4,122.00000000000004
2017-09-25T09:00:00,N,N4,129.99999999999997
2017-09-25T10:00:00,N,N4,142.00000000000003
2017-09-25T11:00:00,N,N4,133.99999999999997
2017-09-25T12:00:00,N,N4,116.0
2017-09-25T13:00:00,N,N4,110.00000000000004
2017-09-25T14:00:00,N,N4,131.99999999999997
2017-09-25T15:00:00,N,N4,127.99999999999996
2017-09-25T16:00:00,N,N4,127.0
2017-09-25T17:00:00,N,N4,142.00000000000003
2017-09-25T18:00:00,N,N4,159.99999999999994
2017-09-25T19:00:00,N,N4,159.99999999999994
2017-09-25T20:00:00,N,N4,127.0
2017-09-25T21:00:00,N,N4,110.99999999999996
2017-09-25T22:00:00,N,N4,95.0
2017-09-25T23:00:00,N,N4,90.0
2017-09-26T00:00:00,N,N4,85.00000000000001
2017-09-26T01:00:00,N,N4,85.00000000000001
2017-09-26T02:00:00,N,N4,85.00000000000001
2017-09-26T03:00:00,N,N4,85.00000000000001
2017-09-26T04:00:00,N,N4,85.00000000000001
2017-09-26T05:00:00,N,N4,96.0
2017-09-26T06:00:00,N,N4,104.0
2017-09-26T07:00:00,N,N4,115.0
2017-09-26T08:00:00,N,N4,128.5030804494785
2017-09-26T09:00:00,N,N4,130.92488681657096
2017-09-26T10:00:00,N,N4,136.699947266008
2017-09-26T11:00:00,N,N4,143.3130612020446
2017-09-26T12:00:00,N,N4,128.49498418274604
2017-09-26T13:00:00,N,N4,121.85968649828284
2017-09-26T14:00:00,N,N4,131.09127147839075
2017-09-26T15:00:00,N,N4,130.2680328547044
2017-09-26T16:00:00,N,N4,132.6229139254268
2017-09-26T17:00:00,N,N4,141.8994639811979
2017-09-26T18:00:00,N,N4,154.4641924914149
2017-09-26T19:00:00,N,N4,155.5757146100025
2017-09-26T20:00:00,N,N4,144.0
2017-09-26T21:00:00,N,N4,128.99999999999997
2017-09-26T22:00:00,N,N4,114.41081727872525
2017-09-26T23:00:00,N,N4,101.99999999999996
2017-09-27T00:00:00,N,N4,96.99999999999991
2017-09-27T01:00:00,N,N4,92.0
2017-09-27T02:00:00,N,N4,87.0
2017-09-27T03:00:00,N,N4,87.0
2017-09-27T04:00:00,N,N4,87.0
2017-09-27T05:00:00,N,N4,87.0
2017-09-27T06:00:00,N,N4,104.99999999999996
2017-09-27T07:00:00,N,N4,117.00000000000004
2017-09-27T08:00:00,N,N4,121.4341622778676
2017-09-27T09:00:00,N,N4,114.9275896175406
2017-09-27T10:00:00,N,N4,111.6091775565036
2017-09-27T11:00:00,N,N4,109.08173597927586
2017-09-27T12:00:00,N,N4,87.52539011382778
2017-09-27T13:00:00,N,N4,74.04178124586458
2017-09-27T14:00:00,N,N4,74.0878357926182
2017-09-27T15:00:00,N,N4,65.99999999999997
2017-09-27T16:00:00,N,N4,144.0
2017-09-27T17:00:00,N,N4,138.00000000000006
2017-09-27T18:00:00,N,N4,158.00000000000003
2017-09-27T19:00:00,N,N4,158.00000000000003
2017-09-27T20:00:00,N,N4,128.99999999999997
2017-09-27T21:00:00,N,N4,113.00000000000004
2017-09-27T22:00:00,N,N4,98.00000000000004
2017-09-27T23:00:00,N,N4,88.99999999999999
2017-09-28T00:00:00,N,N4,83.00000000000003
2017-09-28T01:00:00,N,N4,78.0
2017-09-28T02:00:00,N,N4,78.0
2017-09-28T03:00:00,N,N4,78.0
2017-09-28T04:00:00,N,N4,78.0
2017-09-28T05:00:00,N,N4,88.99999999999999
2017-09-28T06:00:00,N,N4,92.0
2017-09-28T07:00:00,N,N4,110.00000000000004
2017-09-28T08:00:00,N,N4,131.99999999999997
2017-09-28T09:00:00,N,N4,133.37515736986597
2017-09-28T10:00:00,N,N4,138.00000000000006
2017-09-28T11:00:00,N,N4,146.99999999999997
2017-09-28T12:00:00,N,N4,129.99999999999997
2017-09-28T13:00:00,N,N4,122.00000000000004
2017-09-28T14:00:00,N,N4,135.00000000000003
2017-09-28T15:00:00,N,N4,122.00000000000004
2017-09-28T16:00:00,N,N4,133.99999999999997
2017-09-28T17:00:00,N,N4,133.0
2017-09-28T18:00:00,N,N4,155.00000000000003
2017-09-28T19:00:00,N,N4,133.99999999999997
2017-09-28T20:00:00,N,N4,114.00000000000004
2017-09-28T21:00:00,N,N4,99.0
2017-09-28T22:00:00,N,N4,99.0
2017-09-28T23:00:00,N,N4,83.99999999999999
2017-09-29T00:00:00,N,N4,74.00000000000003
2017-09-29T01:00:00,N,N4,77.00000000000001
2017-09-29T02:00:00,N,N4,74.99999999999997
2017-09-29T03:00:00,N,N4,74.99999999999997
2017-09-29T04:00:00,N,N4,74.99999999999997
2017-09-29T05:00:00,N,N4,74.99999999999997
2017-09-29T06:00:00,N,N4,98.00000000000004
2017-09-29T07:00:00,N,N4,111.99999999999996
2017-09-29T08:00:00,N,N4,131.99999999999997
2017-09-29T09:00:00,N,N4,142.99999999999994
2017-09-29T10:00:00,N,N4,135.00000000000003
2017-09-29T11:00:00,N,N4,144.99999999999997
2017-09-29T12:00:00,N,N4,115.0
2017-09-29T13:00:00,N,N4,108.00000000000004
2017-09-29T14:00:00,N,N4,128.99999999999997
2017-09-29T15:00:00,N,N4,136.00000000000006
2017-09-29T16:00:00,N,N4,126.0
2017-09-29T17:00:00,N,N4,126.0
2017-09-29T18:00:00,N,N4,136.00000000000006
2017-09-29T19:00:00,N,N4,126.0
2017-09-29T20:00:00,N,N4,106.99999999999996
2017-09-29T21:00:00,N,N4,90.99999999999996
2017-09-29T22:00:00,N,N4,85.99999999999997
2017-09-29T23:00:00,N,N4,81.00000000000003
2017-09-30T00:00:00,N,N4,76.0
2017-09-30T01:00:00,N,N4,76.0
2017-09-30T02:00:00,N,N4,76.0
2017-09-30T03:00:00,N,N4,76.0
2017-09-30T04:00:00,N,N4,76.0
2017-09-30T05:00:00,N,N4,81.00000000000003
2017-09-30T06:00:00,N,N4,85.99999999999997
2017-09-30T07:00:00,N,N4,97.0
2017-09-30T08:00:00,N,N4,124.00000000000004
2017-09-30T09:00:00,N,N4,136.00000000000006
2017-09-30T10:00:00,N,N4,131.99999999999997
2017-09-30T11:00:00,N,N4,133.99999999999997
2017-09-30T12:00:00,N,N4,133.99999999999997
2017-09-30T13:00:00,N,N4,104.0
2017-09-30T14:00:00,N,N4,108.00000000000004
2017-09-30T15:00:00,N,N4,108.00000000000004
2017-09-30T16:00:00,N,N4,108.00000000000004
2017-09-30T17:00:00,N,N4,98.00000000000004
2017-09-30T18:00:00,N,N4,133.99999999999997
2017-09-30T19:00:00,N,N4,124.00000000000004
2017-09-30T20:00:00,N,N4,108.99999999999996
2017-09-30T21:00:00,N,N4,95.0
2017-09-30T22:00:00,N,N4,90.0
2017-09-30T23:00:00,N,N4,79.99999999999997
2017-10-01T00:00:00,N,N4,74.99999999999997
2017-10-01T01:00:00,N,N4,74.99999999999997
2017-10-01T02:00:00,N,N4,69.00000000000001
2017-10-01T03:00:00,N,N4,69.00000000000001
2017-10-01T04:00:00,N,N4,69.00000000000001
2017-10-01T05:00:00,N,N4,69.00000000000001
2017-10-01T06:00:00,N,N4,76.0
2017-10-01T07:00:00,N,N4,81.00000000000003
2017-10-01T08:00:00,N,N4,85.99999999999997
2017-10-01T09:00:00,N,N4,83.00000000000003
2017-10-01T10:00:00,N,N4,83.00000000000003
2017-10-01T11:00:00,N,N4,98.00282538636264
2017-10-01T12:00:00,N,N4,75.75524234173103
2017-10-01T13:00:00,N,N4,70.00000000000003
2017-10-01T14:00:00,N,N4,70.00000000000003
2017-10-01T15:00:00,N,N4,65.99999999999997
2017-10-01T16:00:00,N,N4,65.99999999999997
2017-10-01T17:00:00,N,N4,90.0
2017-10-01T18:00:00,N,N4,104.38905438414572
2017-10-01T19:00:00,N,N4,114.91666666666669
2017-10-01T20:00:00,N,N4,105.7034066611834
2017-10-01T21:00:00,N,N4,94.0909090909091
2017-10-01T22:00:00,N,N4,82.70596024400982
2017-10-01T23:00:00,N,N4,75.79514910998441
2017-10-02T00:00:00,N,N4,69.03289310413237
2017-10-02T01:00:00,N,N4,65.72727272727273
2017-10-02T02:00:00,N,N4,64.63636363636364
2017-10-02T03:00:00,N,N4,64.72727272727273
2017-10-02T04:00:00,N,N4,65.0909090909091
2017-10-02T05:00:00,N,N4,67.54545454545456
2017-10-02T06:00:00,N,N4,83.44444444444444
2017-10-02T07:00:00,N,N4,93.65333970014338
2017-10-02T08:00:00,N,N4,106.03396576706751
2017-10-02T09:00:00,N,N4,73.26889779950662
2017-10-02T10:00:00,N,N4,82.00000000000001
2017-10-02T11:00:00,N,N4,88.00000000000003
2017-10-02T12:00:00,N,N4,78.0
2017-10-02T13:00:00,N,N4,78.0
2017-10-02T14:00:00,N,N4,74.00000000000003
2017-10-02T15:00:00,N,N4,72.99999999999999
2017-10-02T16:00:00,N,N4,72.0
2017-10-02T17:00:00,N,N4,79.99999999999997
2017-10-02T18:00:00,N,N4,88.00000000000003
2017-10-02T19:00:00,N,N4,108.00000000000004
2017-10-02T20:00:00,N,N4,100.00000000000004
2017-10-02T21:00:00,N,N4,83.99999999999999
2017-10-02T22:00:00,N,N4,68.00000000000001
2017-10-02T23:00:00,N,N4,61.00000000000001
2017-10-03T00:00:00,N,N4,55.000000000000014
2017-10-03T01:00:00,N,N4,55.000000000000014
2017-10-03T02:00:00,N,N4,55.000000000000014
2017-10-03T03:00:00,N,N4,55.000000000000014
2017-10-03T04:00:00,N,N4,55.000000000000014
2017-10-03T05:00:00,N,N4,57.00000000000001
2017-10-03T06:00:00,N,N4,72.99999999999999
2017-10-03T07:00:00,N,N4,77.00000000000001
2017-10-03T08:00:00,N,N4,88.99999999999999
2017-10-03T09:00:00,N,N4,94.0
2017-10-03T10:00:00,N,N4,95.0
2017-10-03T11:00:00,N,N4,100.00000000000004
2017-10-03T12:00:00,N,N4,90.99999999999996
2017-10-03T13:00:00,N,N4,77.00000000000001
2017-10-03T14:00:00,N,N4,83.99999999999999
2017-10-03T15:00:00,N,N4,81.00000000000003
2017-10-03T16:00:00,N,N4,87.0
2017-10-03T17:00:00,N,N4,88.99999999999999
2017-10-03T18:00:00,N,N4,88.99999999999999
2017-10-03T19:00:00,N,N4,119.99999999999996
2017-10-03T20:00:00,N,N4,104.99999999999996
2017-10-03T21:00:00,N,N4,96.0
2017-10-03T22:00:00,N,N4,70.00000000000003
2017-10-03T23:00:00,N,N4,64.99999999999999
2017-10-04T00:00:00,N,N4,59.99999999999999
2017-10-04T01:00:00,N,N4,55.000000000000014
2017-10-04T02:00:00,N,N4,55.000000000000014
2017-10-04T03:00:00,N,N4,55.000000000000014
2017-10-04T04:00:00,N,N4,55.000000000000014
2017-10-04T05:00:00,N,N4,59.99999999999999
2017-10-04T06:00:00,N,N4,79.99999999999997
2017-10-04T07:00:00,N,N4,79.99999999999997
2017-10-04T08:00:00,N,N4,90.99999999999996
2017-10-04T09:00:00,N,N4,92.0
2017-10-04T10:00:00,N,N4,100.00000000000004
2017-10-04T11:00:00,N,N4,100.00000000000004
2017-10-04T12:00:00,N,N4,90.99999999999996
2017-10-04T13:00:00,N,N4,76.0
2017-10-04T14:00:00,N,N4,88.99999999999999
2017-10-04T15:00:00,N,N4,90.99999999999996
2017-10-04T16:00:00,N,N4,95.0
2017-10-04T17:00:00,N,N4,104.99999999999996
2017-10-04T18:00:00,N,N4,104.99999999999996
2017-10-04T19:00:00,N,N4,125.00000000000004
2017-10-04T20:00:00,N,N4,111.99999999999996
2017-10-04T21:00:00,N,N4,90.0
2017-10-04T22:00:00,N,N4,83.00000000000003
2017-10-04T23:00:00,N,N4,72.0
2017-10-05T00:00:00,N,N4,66.99999999999997
2017-10-05T01:00:00,N,N4,66.99999999999997
2017-10-05T02:00:00,N,N4,64.99999999999999
2017-10-05T03:00:00,N,N4,64.99999999999999
2017-10-05T04:00:00,N,N4,64.99999999999999
2017-10-05T05:00:00,N,N4,70.00000000000003
2017-10-05T06:00:00,N,N4,90.0
2017-10-05T07:00:00,N,N4,78.0
2017-10-05T08:00:00,N,N4,95.0
2017-10-05T09:00:00,N,N4,96.0
2017-10-05T10:00:00,N,N4,100.00000000000004
2017-10-05T11:00:00,N,N4,101.99999999999996
2017-10-05T12:00:00,N,N4,88.00000000000003
2017-10-05T13:00:00,N,N4,88.00000000000003
2017-10-05T14:00:00,N,N4,99.0
2017-10-05T15:00:00,N,N4,94.0
2017-10-05T16:00:00,N,N4,94.0
2017-10-05T17:00:00,N,N4,99.0
2017-10-05T18:00:00,N,N4,103.0
2017-10-05T19:00:00,N,N4,129.99999999999997
2017-10-05T20:00:00,N,N4,122.99999999999994
2017-10-05T21:00:00,N,N4,108.00000000000004
2017-10-05T22:00:00,N,N4,97.0
2017-10-05T23:00:00,N,N4,87.0
2017-10-06T00:00:00,N,N4,82.00000000000001
2017-10-06T01:00:00,N,N4,76.0
2017-10-06T02:00:00,N,N4,74.00000000000003
2017-10-06T03:00:00,N,N4,72.0
2017-10-06T04:00:00,N,N4,72.0
2017-10-06T05:00:00,N,N4,72.0
2017-10-06T06:00:00,N,N4,85.00000000000001
2017-10-06T07:00:00,N,N4,94.0
2017-10-06T08:00:00,N,N4,98.00000000000004
2017-10-06T09:00:00,N,N4,95.0
2017-10-06T10:00:00,N,N4,110.99999999999996
2017-10-06T11:00:00,N,N4,115.0
2017-10-06T12:00:00,N,N4,104.99999999999996
2017-10-06T13:00:00,N,N4,98.00000000000004
2017-10-06T14:00:00,N,N4,97.0
2017-10-06T15:00:00,N,N4,93.00000000000004
2017-10-06T16:00:00,N,N4,92.0
2017-10-06T17:00:00,N,N4,101.99999999999996
2017-10-06T18:00:00,N,N4,113.00000000000004
2017-10-06T19:00:00,N,N4,103.0
2017-10-06T20:00:00,N,N4,79.99999999999997
2017-10-06T21:00:00,N,N4,72.99999999999999
2017-10-06T22:00:00,N,N4,66.99999999999997
2017-10-06T23:00:00,N,N4,62.00000000000001
2017-10-07T00:00:00,N,N4,59.000000000000014
2017-10-07T01:00:00,N,N4,59.000000000000014
2017-10-07T02:00:00,N,N4,56.00000000000002
2017-10-07T03:00:00,N,N4,55.000000000000014
2017-10-07T04:00:00,N,N4,55.000000000000014
2017-10-07T05:00:00,N,N4,55.000000000000014
2017-10-07T06:00:00,N,N4,72.0
2017-10-07T07:00:00,N,N4,79.0
2017-10-07T08:00:00,N,N4,103.0
2017-10-07T09:00:00,N,N4,90.0
2017-10-07T10:00:00,N,N4,83.99999999999999
2017-10-07T11:00:00,N,N4,90.99999999999996
2017-10-07T12:00:00,N,N4,85.00000000000001
2017-10-07T13:00:00,N,N4,79.0
2017-10-07T14:00:00,N,N4,79.0
2017-10-07T15:00:00,N,N4,79.0
2017-10-07T16:00:00,N,N4,74.99999999999997
2017-10-07T17:00:00,N,N4,92.0
2017-10-07T18:00:00,N,N4,93.0715501897009
2017-10-07T19:00:00,N,N4,88.99999999999999
2017-10-07T20:00:00,N,N4,80.77130101780028
2017-10-07T21:00:00,N,N4,66.99999999999997
2017-10-07T22:00:00,N,N4,62.00000000000001
2017-10-07T23:00:00,N,N4,57.99999999999999
2017-10-08T00:00:00,N,N4,55.000000000000014
2017-10-08T01:00:00,N,N4,54.00000000000001
2017-10-08T02:00:00,N,N4,51.00000000000002
2017-10-08T03:00:00,N,N4,51.00000000000002
2017-10-08T04:00:00,N,N4,52.00000000000001
2017-10-08T05:00:00,N,N4,52.00000000000001
2017-10-08T06:00:00,N,N4,59.99999999999999
2017-10-08T07:00:00,N,N4,64.99999999999999
2017-10-08T08:00:00,N,N4,64.99999999999999
2017-10-08T09:00:00,N,N4,70.00000000000003
2017-10-08T10:00:00,N,N4,74.99999999999997
2017-10-08T11:00:00,N,N4,78.0
2017-10-08T12:00:00,N,N4,72.99999999999999
2017-10-08T13:00:00,N,N4,57.99999999999999
2017-10-08T14:00:00,N,N4,57.00000000000001
2017-10-08T15:00:00,N,N4,57.00000000000001
2017-10-08T16:00:00,N,N4,57.00000000000001
2017-10-08T17:00:00,N,N4,66.99999999999997
2017-10-08T18:00:00,N,N4,78.0
2017-10-08T19:00:00,N,N4,98.00000000000004
2017-10-08T20:00:00,N,N4,87.0
2017-10-08T21:00:00,N,N4,72.0
2017-10-08T22:00:00,N,N4,62.00000000000001
2017-10-08T23:00:00,N,N4,56.00000000000002
2017-10-09T00:00:00,N,N4,52.00000000000001
2017-10-09T01:00:00,N,N4,49.99999999999999
2017-10-09T02:00:00,N,N4,48.99999999999999
2017-10-09T03:00:00,N,N4,48.00000000000001
2017-10-09T04:00:00,N,N4,48.99999999999999
2017-10-09T05:00:00,N,N4,49.99999999999999
2017-10-09T06:00:00,N,N4,57.00000000000001
2017-10-09T07:00:00,N,N4,72.99999999999999
2017-10-09T08:00:00,N,N4,79.0
2017-10-09T09:00:00,N,N4,92.0
2017-10-09T10:00:00,N,N4,92.0
2017-10-09T11:00:00,N,N4,90.0
2017-10-09T12:00:00,N,N4,74.99999999999997
2017-10-09T13:00:00,N,N4,74.99999999999997
2017-10-09T14:00:00,N,N4,78.0
2017-10-09T15:00:00,N,N4,81.00000000000003
2017-10-09T16:00:00,N,N4,81.00000000000003
2017-10-09T17:00:00,N,N4,83.00000000000003
2017-10-09T18:00:00,N,N4,88.99999999999999
2017-10-09T19:00:00,N,N4,108.00000000000004
2017-10-09T20:00:00,N,N4,102.00000000000004
2017-10-09T21:00:00,N,N4,83.99999999999999
2017-10-09T22:00:00,N,N4,68.00000000000001
2017-10-09T23:00:00,N,N4,57.00000000000001
2017-10-10T00:00:00,N,N4,57.00000000000001
2017-10-10T01:00:00,N,N4,48.99999999999999
2017-10-10T02:00:00,N,N4,42.00000000000001
2017-10-10T03:00:00,N,N4,48.00000000000001
2017-10-10T04:00:00,N,N4,48.00000000000001
2017-10-10T05:00:00,N,N4,76.0909090909091
2017-10-10T06:00:00,N,N4,88.63636363636364
2017-10-10T07:00:00,N,N4,96.6
2017-10-10T08:00:00,N,N4,63.7092541601078
2017-10-10T09:00:00,N,N4,70.55496801896521
2017-10-10T10:00:00,N,N4,116.8699947266008
2017-10-10T11:00:00,N,N4,91.04055510418831
2017-10-10T12:00:00,N,N4,83.99999999999999
2017-10-10T13:00:00,N,N4,78.0
2017-10-10T14:00:00,N,N4,87.0
2017-10-10T15:00:00,N,N4,88.00000000000003
2017-10-10T16:00:00,N,N4,96.0
2017-10-10T17:00:00,N,N4,100.00000000000004
2017-10-10T18:00:00,N,N4,100.00000000000004
2017-10-10T19:00:00,N,N4,119.99999999999996
2017-10-10T20:00:00,N,N4,115.0
2017-10-10T21:00:00,N,N4,85.99999999999997
2017-10-10T22:00:00,N,N4,82.00000000000001
2017-10-10T23:00:00,N,N4,72.0
2017-10-11T00:00:00,N,N4,65.99999999999997
2017-10-11T01:00:00,N,N4,62.99999999999999
2017-10-11T02:00:00,N,N4,62.000000000000064
2017-10-11T03:00:00,N,N4,62.00000000000001
2017-10-11T04:00:00,N,N4,62.00000000000001
2017-10-11T05:00:00,N,N4,62.99999999999999
2017-10-11T06:00:00,N,N4,79.99999999999997
2017-10-11T07:00:00,N,N4,79.99999999999997
2017-10-11T08:00:00,N,N4,94.0
2017-10-11T09:00:00,N,N4,99.0
2017-10-11T10:00:00,N,N4,103.0
2017-10-11T11:00:00,N,N4,114.00000000000004
2017-10-11T12:00:00,N,N4,110.99999999999996
2017-10-11T13:00:00,N,N4,104.0
2017-10-11T14:00:00,N,N4,116.0
2017-10-11T15:00:00,N,N4,111.99999999999996
2017-10-11T16:00:00,N,N4,108.99999999999996
2017-10-11T17:00:00,N,N4,108.99999999999996
2017-10-11T18:00:00,N,N4,106.99999999999996
2017-10-11T19:00:00,N,N4,125.00000000000004
2017-10-11T20:00:00,N,N4,129.99999999999997
2017-10-11T21:00:00,N,N4,110.66666666666669
2017-10-11T22:00:00,N,N4,96.33333333333331
2017-10-11T23:00:00,N,N4,44.422178615415056
2017-10-12T00:00:00,N,N4,41.19945422289865
2017-10-12T01:00:00,N,N4,40.32830773294338
2017-10-12T02:00:00,N,N4,40.40340680317742
2017-10-12T03:00:00,N,N4,41.34345042364604
2017-10-12T04:00:00,N,N4,43.0412547114832
2017-10-12T05:00:00,N,N4,46.417632968577
2017-10-12T06:00:00,N,N4,58.07991404233162
2017-10-12T07:00:00,N,N4,66.54632007248264
2017-10-12T08:00:00,N,N4,78.59277269687281
2017-10-12T09:00:00,N,N4,82.71864189383079
2017-10-12T10:00:00,N,N4,89.15505908562946
2017-10-12T11:00:00,N,N4,97.389817072686
2017-10-12T12:00:00,N,N4,87.0
2017-10-12T13:00:00,N,N4,90.0
2017-10-12T14:00:00,N,N4,100.00000000000004
2017-10-12T15:00:00,N,N4,105.25
2017-10-12T16:00:00,N,N4,103.0
2017-10-12T17:00:00,N,N4,100.00000000000004
2017-10-12T18:00:00,N,N4,130.0
2017-10-12T19:00:00,N,N4,134.90634618445037
2017-10-12T20:00:00,N,N4,88.99999999999999
2017-10-12T21:00:00,N,N4,85.00000000000001
2017-10-12T22:00:00,N,N4,79.99999999999997
2017-10-12T23:00:00,N,N4,74.99999999999997
2017-10-13T00:00:00,N,N4,65.99999999999997
2017-10-13T01:00:00,N,N4,65.99999999999997
2017-10-13T02:00:00,N,N4,65.99999999999997
2017-10-13T03:00:00,N,N4,59.99999999999999
2017-10-13T04:00:00,N,N4,59.99999999999999
2017-10-13T05:00:00,N,N4,64.99999999999999
2017-10-13T06:00:00,N,N4,72.99999999999999
2017-10-13T07:00:00,N,N4,79.0
2017-10-13T08:00:00,N,N4,85.00000000000001
2017-10-13T09:00:00,N,N4,92.0
2017-10-13T10:00:00,N,N4,111.38656289334736
2017-10-13T11:00:00,N,N4,99.33143985470988
2017-10-13T12:00:00,N,N4,85.21736495286416
2017-10-13T13:00:00,N,N4,78.0
2017-10-13T14:00:00,N,N4,85.99999999999997
2017-10-13T15:00:00,N,N4,88.00000000000003
2017-10-13T16:00:00,N,N4,82.00000000000001
2017-10-13T17:00:00,N,N4,90.0
2017-10-13T18:00:00,N,N4,95.0
2017-10-13T19:00:00,N,N4,104.99999999999996
2017-10-13T20:00:00,N,N4,95.0
2017-10-13T21:00:00,N,N4,79.99999999999997
2017-10-13T22:00:00,N,N4,70.00000000000003
2017-10-13T23:00:00,N,N4,64.99999999999999
2017-10-14T00:00:00,N,N4,59.99999999999999
2017-10-14T01:00:00,N,N4,59.99999999999999
2017-10-14T02:00:00,N,N4,59.99999999999999
2017-10-14T03:00:00,N,N4,59.99999999999999
2017-10-14T04:00:00,N,N4,59.99999999999999
2017-10-14T05:00:00,N,N4,59.99999999999999
2017-10-14T06:00:00,N,N4,63.99999999999998
2017-10-14T07:00:00,N,N4,76.0
2017-10-14T08:00:00,N,N4,88.99999999999999
2017-10-14T09:00:00,N,N4,85.99999999999997
2017-10-14T10:00:00,N,N4,86.00000000000004
2017-10-14T11:00:00,N,N4,90.99999999999996
2017-10-14T12:00:00,N,N4,77.00000000000001
2017-10-14T13:00:00,N,N4,74.99999999999997
2017-10-14T14:00:00,N,N4,70.00000000000003
2017-10-14T15:00:00,N,N4,70.00000000000003
2017-10-14T16:00:00,N,N4,70.00000000000003
2017-10-14T17:00:00,N,N4,74.99999999999997
2017-10-14T18:00:00,N,N4,74.99999999999997
2017-10-14T19:00:00,N,N4,104.0
2017-10-14T20:00:00,N,N4,104.0
2017-10-14T21:00:00,N,N4,82.00000000000001
2017-10-14T22:00:00,N,N4,65.99999999999997
2017-10-14T23:00:00,N,N4,65.99999999999997
2017-10-15T00:00:00,N,N4,55.000000000000014
2017-10-15T01:00:00,N,N4,55.000000000000014
2017-10-15T02:00:00,N,N4,55.000000000000014
2017-10-15T03:00:00,N,N4,55.000000000000014
2017-10-15T04:00:00,N,N4,55.000000000000014
2017-10-15T05:00:00,N,N4,55.000000000000014
2017-10-15T06:00:00,N,N4,55.000000000000014
2017-10-15T07:00:00,N,N4,70.00000000000003
2017-10-15T08:00:00,N,N4,70.00000000000003
2017-10-15T09:00:00,N,N4,69.00000000000001
2017-10-15T10:00:00,N,N4,72.0
2017-10-15T11:00:00,N,N4,77.00000000000001
2017-10-15T12:00:00,N,N4,71.0
2017-10-15T13:00:00,N,N4,64.99999999999999
2017-10-15T14:00:00,N,N4,59.99999999999999
2017-10-15T15:00:00,N,N4,59.99999999999999
2017-10-15T16:00:00,N,N4,55.000000000000014
2017-10-15T17:00:00,N,N4,64.15703586132055
2017-10-15T18:00:00,N,N4,76.6686526097485
2017-10-15T19:00:00,N,N4,88.00000000000003
2017-10-15T20:00:00,N,N4,90.0
2017-10-15T21:00:00,N,N4,77.00000000000001
2017-10-15T22:00:00,N,N4,68.00000000000001
2017-10-15T23:00:00,N,N4,62.99999999999999
2017-10-16T00:00:00,N,N4,57.99999999999999
2017-10-16T01:00:00,N,N4,57.99999999999999
2017-10-16T02:00:00,N,N4,57.99999999999999
2017-10-16T03:00:00,N,N4,57.99999999999999
2017-10-16T04:00:00,N,N4,57.99999999999999
2017-10-16T05:00:00,N,N4,57.99999999999999
2017-10-16T06:00:00,N,N4,70.00000000000003
2017-10-16T07:00:00,N,N4,74.99999999999997
2017-10-16T08:00:00,N,N4,88.99999999999999
2017-10-16T09:00:00,N,N4,93.00000000000004
2017-10-16T10:00:00,N,N4,93.00000000000004
2017-10-16T11:00:00,N,N4,103.0
2017-10-16T12:00:00,N,N4,94.0
2017-10-16T13:00:00,N,N4,81.99999999999994
2017-10-16T14:00:00,N,N4,93.00000000000004
2017-10-16T15:00:00,N,N4,100.00000000000004
2017-10-16T16:00:00,N,N4,99.0
2017-10-16T17:00:00,N,N4,97.0
2017-10-16T18:00:00,N,N4,98.00000000000004
2017-10-16T19:00:00,N,N4,110.99999999999996
2017-10-16T20:00:00,N,N4,122.00000000000004
2017-10-16T21:00:00,N,N4,100.00000000000004
2017-10-16T22:00:00,N,N4,88.99999999999999
2017-10-16T23:00:00,N,N4,83.99999999999999
2017-10-17T00:00:00,N,N4,72.99999999999999
2017-10-17T01:00:00,N,N4,72.99999999999999
2017-10-17T02:00:00,N,N4,71.0
2017-10-17T03:00:00,N,N4,68.00000000000001
2017-10-17T04:00:00,N,N4,68.00000000000001
2017-10-17T05:00:00,N,N4,68.00000000000001
2017-10-17T06:00:00,N,N4,77.00000000000001
2017-10-17T07:00:00,N,N4,82.00000000000001
2017-10-17T08:00:00,N,N4,88.99999999999999
2017-10-17T09:00:00,N,N4,88.99999999999999
2017-10-17T10:00:00,N,N4,90.0
2017-10-17T11:00:00,N,N4,104.99999999999996
2017-10-17T12:00:00,N,N4,93.00000000000004
2017-10-17T13:00:00,N,N4,90.0
2017-10-17T14:00:00,N,N4,108.99999999999996
2017-10-17T15:00:00,N,N4,110.99999999999996
2017-10-17T16:00:00,N,N4,110.99999999999996
2017-10-17T17:00:00,N,N4,108.99999999999996
2017-10-17T18:00:00,N,N4,108.99999999999996
2017-10-17T19:00:00,N,N4,126.0
2017-10-17T20:00:00,N,N4,119.99999999999996
2017-10-17T21:00:00,N,N4,115.0
2017-10-17T22:00:00,N,N4,104.0
2017-10-17T23:00:00,N,N4,99.0
2017-10-18T00:00:00,N,N4,93.00000000000004
2017-10-18T01:00:00,N,N4,88.00000000000003
2017-10-18T02:00:00,N,N4,85.00000000000001
2017-10-18T03:00:00,N,N4,79.99999999999997
2017-10-18T04:00:00,N,N4,77.00000000000001
2017-10-18T05:00:00,N,N4,77.00000000000001
2017-10-18T06:00:00,N,N4,88.99999999999999
2017-10-18T07:00:00,N,N4,87.0
2017-10-18T08:00:00,N,N4,94.0
2017-10-18T09:00:00,N,N4,96.0
2017-10-18T10:00:00,N,N4,111.99999999999996
2017-10-18T11:00:00,N,N4,117.00000000000004
2017-10-18T12:00:00,N,N4,110.00000000000004
2017-10-18T13:00:00,N,N4,105.99999999999996
2017-10-18T14:00:00,N,N4,114.00000000000004
2017-10-18T15:00:00,N,N4,108.99999999999996
2017-10-18T16:00:00,N,N4,108.00000000000004
2017-10-18T17:00:00,N,N4,110.00000000000004
2017-10-18T18:00:00,N,N4,110.00000000000004
2017-10-18T19:00:00,N,N4,139.99999999999994
2017-10-18T20:00:00,N,N4,136.00000000000006
2017-10-18T21:00:00,N,N4,129.99999999999997
2017-10-18T22:00:00,N,N4,119.99999999999996
2017-10-18T23:00:00,N,N4,104.99999999999996
2017-10-19T00:00:00,N,N4,104.99999999999989
2017-10-19T01:00:00,N,N4,93.00000000000004
2017-10-19T02:00:00,N,N4,90.0
2017-10-19T03:00:00,N,N4,85.00000000000001
2017-10-19T04:00:00,N,N4,82.00000000000001
2017-10-19T05:00:00,N,N4,82.00000000000001
2017-10-19T06:00:00,N,N4,88.00000000000003
2017-10-19T07:00:00,N,N4,92.46219333937354
2017-10-19T08:00:00,N,N4,108.0493977247394
2017-10-19T09:00:00,N,N4,112.25781660530808
2017-10-19T10:00:00,N,N4,117.01292159046916
2017-10-19T11:00:00,N,N4,125.36581808939049
2017-10-19T12:00:00,N,N4,108.0
2017-10-19T13:00:00,N,N4,100.83333333333336
2017-10-19T14:00:00,N,N4,103.0
2017-10-19T15:00:00,N,N4,93.00000000000004
2017-10-19T16:00:00,N,N4,101.00000000000004
2017-10-19T17:00:00,N,N4,96.0
2017-10-19T18:00:00,N,N4,117.00000000000004
2017-10-19T19:00:00,N,N4,136.87615421340428
2017-10-19T20:00:00,N,N4,142.99999999999994
2017-10-19T21:00:00,N,N4,122.00000000000004
2017-10-19T22:00:00,N,N4,104.99999999999996
2017-10-19T23:00:00,N,N4,98.00000000000004
2017-10-20T00:00:00,N,N4,90.0
2017-10-20T01:00:00,N,N4,90.0
2017-10-20T02:00:00,N,N4,83.99999999999999
2017-10-20T03:00:00,N,N4,83.99999999999999
2017-10-20T04:00:00,N,N4,83.99999999999999
2017-10-20T05:00:00,N,N4,72.54545454545455
2017-10-20T06:00:00,N,N4,83.54545454545455
2017-10-20T07:00:00,N,N4,116.0
2017-10-20T08:00:00,N,N4,127.0
2017-10-20T09:00:00,N,N4,126.0
2017-10-20T10:00:00,N,N4,127.99999999999996
2017-10-20T11:00:00,N,N4,142.00000000000003
2017-10-20T12:00:00,N,N4,127.0
2017-10-20T13:00:00,N,N4,117.00000000000004
2017-10-20T14:00:00,N,N4,133.99999999999997
2017-10-20T15:00:00,N,N4,103.00489042837546
2017-10-20T16:00:00,N,N4,119.00000000000004
2017-10-20T17:00:00,N,N4,122.00000000000004
2017-10-20T18:00:00,N,N4,131.99999999999997
2017-10-20T19:00:00,N,N4,141.56525445257606
2017-10-20T20:00:00,N,N4,136.78894188029213
2017-10-20T21:00:00,N,N4,122.00000000000004
2017-10-20T22:00:00,N,N4,113.00000000000004
2017-10-20T23:00:00,N,N4,94.0
2017-10-21T00:00:00,N,N4,69.00000000000001
2017-10-21T01:00:00,N,N4,65.99999999999997
2017-10-21T02:00:00,N,N4,69.83333333333333
2017-10-21T03:00:00,N,N4,68.83333333333333
2017-10-21T04:00:00,N,N4,68.58333333333333
2017-10-21T05:00:00,N,N4,69.75
2017-10-21T06:00:00,N,N4,80.09090909090908
2017-10-21T07:00:00,N,N4,68.09203310566579
2017-10-21T08:00:00,N,N4,95.0
2017-10-21T09:00:00,N,N4,101.00000000000004
2017-10-21T10:00:00,N,N4,101.00000000000004
2017-10-21T11:00:00,N,N4,108.00000000000004
2017-10-21T12:00:00,N,N4,108.00000000000004
2017-10-21T13:00:00,N,N4,100.00000000000004
2017-10-21T14:00:00,N,N4,101.00000000000004
2017-10-21T15:00:00,N,N4,87.54545454545456
2017-10-21T16:00:00,N,N4,66.99999999999997
2017-10-21T17:00:00,N,N4,108.00000000000004
2017-10-21T18:00:00,N,N4,122.99999999999994
2017-10-21T19:00:00,N,N4,125.00000000000004
2017-10-21T20:00:00,N,N4,119.99999999999996
2017-10-21T21:00:00,N,N4,104.0
2017-10-21T22:00:00,N,N4,92.0
2017-10-21T23:00:00,N,N4,83.99999999999999
2017-10-22T00:00:00,N,N4,79.99999999999997
2017-10-22T01:00:00,N,N4,76.0
2017-10-22T02:00:00,N,N4,72.0
2017-10-22T03:00:00,N,N4,72.0
2017-10-22T04:00:00,N,N4,72.0
2017-10-22T05:00:00,N,N4,72.0
2017-10-22T06:00:00,N,N4,83.99999999999999
2017-10-22T07:00:00,N,N4,87.0
2017-10-22T08:00:00,N,N4,97.0
2017-10-22T09:00:00,N,N4,82.33759796644775
2017-10-22T10:00:00,N,N4,90.99999999999996
2017-10-22T11:00:00,N,N4,105.99999999999996
2017-10-22T12:00:00,N,N4,101.00000000000004
2017-10-22T13:00:00,N,N4,92.0
2017-10-22T14:00:00,N,N4,87.0
2017-10-22T15:00:00,N,N4,79.99999999999997
2017-10-22T16:00:00,N,N4,79.99999999999997
2017-10-22T17:00:00,N,N4,92.0
2017-10-22T18:00:00,N,N4,103.0
2017-10-22T19:00:00,N,N4,137.00000000000003
2017-10-22T20:00:00,N,N4,128.99999999999997
2017-10-22T21:00:00,N,N4,111.99999999999996
2017-10-22T22:00:00,N,N4,97.0
2017-10-22T23:00:00,N,N4,85.99999999999997
2017-10-23T00:00:00,N,N4,81.00000000000003
2017-10-23T01:00:00,N,N4,74.00000000000003
2017-10-23T02:00:00,N,N4,74.00000000000003
2017-10-23T03:00:00,N,N4,74.00000000000003
2017-10-23T04:00:00,N,N4,74.00000000000003
2017-10-23T05:00:00,N,N4,74.00000000000003
2017-10-23T06:00:00,N,N4,103.0
2017-10-23T07:00:00,N,N4,110.99999999999996
2017-10-23T08:00:00,N,N4,111.99999999999996
2017-10-23T09:00:00,N,N4,127.99999999999996
2017-10-23T10:00:00,N,N4,139.99999999999994
2017-10-23T11:00:00,N,N4,139.99999999999994
2017-10-23T12:00:00,N,N4,104.99999999999996
2017-10-23T13:00:00,N,N4,104.99999999999996
2017-10-23T14:00:00,N,N4,101.99999999999996
2017-10-23T15:00:00,N,N4,100.00000000000004
2017-10-23T16:00:00,N,N4,108.00000000000004
2017-10-23T17:00:00,N,N4,110.99999999999996
2017-10-23T18:00:00,N,N4,142.99999999999994
2017-10-23T19:00:00,N,N4,161.99999999999994
2017-10-23T20:00:00,N,N4,161.99999999999994
2017-10-23T21:00:00,N,N4,125.00000000000004
2017-10-23T22:00:00,N,N4,104.99999999999996
2017-10-23T23:00:00,N,N4,96.0
2017-10-24T00:00:00,N,N4,90.0
2017-10-24T01:00:00,N,N4,85.00000000000001
2017-10-24T02:00:00,N,N4,85.00000000000001
2017-10-24T03:00:00,N,N4,85.00000000000001
2017-10-24T04:00:00,N,N4,87.0
2017-10-24T05:00:00,N,N4,93.00000000000004
2017-10-24T06:00:00,N,N4,110.00000000000004
2017-10-24T07:00:00,N,N4,111.99999999999996
2017-10-24T08:00:00,N,N4,121.00000000000004
2017-10-24T09:00:00,N,N4,122.99999999999994
2017-10-24T10:00:00,N,N4,127.0
2017-10-24T11:00:00,N,N4,130.99999999999994
2017-10-24T12:00:00,N,N4,122.99999999999994
2017-10-24T13:00:00,N,N4,105.99999999999996
2017-10-24T14:00:00,N,N4,121.00000000000004
2017-10-24T15:00:00,N,N4,121.00000000000004
2017-10-24T16:00:00,N,N4,125.00000000000004
2017-10-24T17:00:00,N,N4,124.00000000000004
2017-10-24T18:00:00,N,N4,137.00000000000003
2017-10-24T19:00:00,N,N4,154.89862932936734
2017-10-24T20:00:00,N,N4,158.37230280773633
2017-10-24T21:00:00,N,N4,149.99999999999997
2017-10-24T22:00:00,N,N4,125.00000000000004
2017-10-24T23:00:00,N,N4,110.00000000000004
2017-10-25T00:00:00,N,N4,104.99999999999989
2017-10-25T01:00:00,N,N4,95.0
2017-10-25T02:00:00,N,N4,95.0
2017-10-25T03:00:00,N,N4,95.0
2017-10-25T04:00:00,N,N4,95.0
2017-10-25T05:00:00,N,N4,95.0
2017-10-25T06:00:00,N,N4,89.79999999999998
2017-10-25T07:00:00,N,N4,93.5
2017-10-25T08:00:00,N,N4,84.49459097347132
2017-10-25T09:00:00,N,N4,83.39022123557355
2017-10-25T10:00:00,N,N4,84.05868416093011
2017-10-25T11:00:00,N,N4,87.0
2017-10-25T12:00:00,N,N4,79.99999999999997
2017-10-25T13:00:00,N,N4,102.70417812458643
2017-10-25T14:00:00,N,N4,87.0
2017-10-25T15:00:00,N,N4,90.99999999999996
2017-10-25T16:00:00,N,N4,108.00000000000004
2017-10-25T17:00:00,N,N4,110.00000000000004
2017-10-25T18:00:00,N,N4,126.0
2017-10-25T19:00:00,N,N4,122.99999999999994
2017-10-25T20:00:00,N,N4,106.99999999999996
2017-10-25T21:00:00,N,N4,92.0
2017-10-25T22:00:00,N,N4,72.99999999999999
2017-10-25T23:00:00,N,N4,72.99999999999999
2017-10-26T00:00:00,N,N4,62.99999999999999
2017-10-26T01:00:00,N,N4,63.99999999999998
2017-10-26T02:00:00,N,N4,63.99999999999998
2017-10-26T03:00:00,N,N4,63.99999999999998
2017-10-26T04:00:00,N,N4,59.000000000000014
2017-10-26T05:00:00,N,N4,63.99999999999998
2017-10-26T06:00:00,N,N4,82.00000000000001
2017-10-26T07:00:00,N,N4,87.0
2017-10-26T08:00:00,N,N4,100.00000000000004
2017-10-26T09:00:00,N,N4,111.99999999999996
2017-10-26T10:00:00,N,N4,114.00000000000004
2017-10-26T11:00:00,N,N4,131.99999999999997
2017-10-26T12:00:00,N,N4,105.0
2017-10-26T13:00:00,N,N4,66.99999999999997
2017-10-26T14:00:00,N,N4,104.99999999999996
2017-10-26T15:00:00,N,N4,100.00000000000004
2017-10-26T16:00:00,N,N4,103.0
2017-10-26T17:00:00,N,N4,124.00000000000004
2017-10-26T18:00:00,N,N4,135.00000000000003
2017-10-26T19:00:00,N,N4,147.99999999999994
2017-10-26T20:00:00,N,N4,119.99999999999996
2017-10-26T21:00:00,N,N4,98.00000000000004
2017-10-26T22:00:00,N,N4,87.0
2017-10-26T23:00:00,N,N4,81.00000000000003
2017-10-27T00:00:00,N,N4,76.0
2017-10-27T01:00:00,N,N4,72.0
2017-10-27T02:00:00,N,N4,72.0
2017-10-27T03:00:00,N,N4,72.0
2017-10-27T04:00:00,N,N4,72.0
2017-10-27T05:00:00,N,N4,72.0
2017-10-27T06:00:00,N,N4,88.99999999999999
2017-10-27T07:00:00,N,N4,101.99999999999996
2017-10-27T08:00:00,N,N4,121.00000000000004
2017-10-27T09:00:00,N,N4,124.00000000000004
2017-10-27T10:00:00,N,N4,125.00000000000004
2017-10-27T11:00:00,N,N4,131.99999999999997
2017-10-27T12:00:00,N,N4,103.0
2017-10-27T13:00:00,N,N4,97.0
2017-10-27T14:00:00,N,N4,100.00000000000004
2017-10-27T15:00:00,N,N4,105.99999999999996
2017-10-27T16:00:00,N,N4,105.99999999999996
2017-10-27T17:00:00,N,N4,110.99999999999996
2017-10-27T18:00:00,N,N4,122.99999999999994
2017-10-27T19:00:00,N,N4,164.00000000000006
2017-10-27T20:00:00,N,N4,158.00000000000003
2017-10-27T21:00:00,N,N4,114.00000000000004
2017-10-27T22:00:00,N,N4,104.0
2017-10-27T23:00:00,N,N4,88.99999999999999
2017-10-28T00:00:00,N,N4,83.99999999999999
2017-10-28T01:00:00,N,N4,79.99999999999997
2017-10-28T02:00:00,N,N4,79.99999999999997
2017-10-28T03:00:00,N,N4,79.99999999999997
2017-10-28T04:00:00,N,N4,79.99999999999997
2017-10-28T05:00:00,N,N4,79.99999999999997
2017-10-28T06:00:00,N,N4,85.99999999999997
2017-10-28T07:00:00,N,N4,103.0
2017-10-28T08:00:00,N,N4,106.99999999999996
2017-10-28T09:00:00,N,N4,113.00000000000004
2017-10-28T10:00:00,N,N4,113.00000000000004
2017-10-28T11:00:00,N,N4,135.00000000000003
2017-10-28T12:00:00,N,N4,106.99999999999996
2017-10-28T13:00:00,N,N4,101.00000000000004
2017-10-28T14:00:00,N,N4,94.0
2017-10-28T15:00:00,N,N4,94.0
2017-10-28T16:00:00,N,N4,94.0
2017-10-28T17:00:00,N,N4,103.0
2017-10-28T18:00:00,N,N4,115.0
2017-10-28T19:00:00,N,N4,151.0
2017-10-28T20:00:00,N,N4,146.0
2017-10-28T21:00:00,N,N4,119.99999999999996
2017-10-28T22:00:00,N,N4,101.99999999999996
2017-10-28T23:00:00,N,N4,93.00000000000004
2017-10-29T00:00:00,N,N4,87.0
2017-10-29T01:00:00,N,N4,82.00000000000001
2017-10-29T02:00:00,N,N4,79.99999999999997
2017-10-29T03:00:00,N,N4,74.99999999999997
2017-10-29T04:00:00,N,N4,74.99999999999997
2017-10-29T05:00:00,N,N4,74.99999999999997
2017-10-29T06:00:00,N,N4,81.00000000000003
2017-10-29T07:00:00,N,N4,85.99999999999997
2017-10-29T08:00:00,N,N4,95.0
2017-10-29T09:00:00,N,N4,92.0
2017-10-29T10:00:00,N,N4,101.99999999999996
2017-10-29T11:00:00,N,N4,117.00000000000004
2017-10-29T12:00:00,N,N4,110.99999999999996
2017-10-29T13:00:00,N,N4,85.00000000000001
2017-10-29T14:00:00,N,N4,74.99999999999997
2017-10-29T15:00:00,N,N4,74.99999999999997
2017-10-29T16:00:00,N,N4,85.00000000000001
2017-10-29T17:00:00,N,N4,88.99999999999999
2017-10-29T18:00:00,N,N4,93.00000000000004
2017-10-29T19:00:00,N,N4,122.99999999999994
2017-10-29T20:00:00,N,N4,100.00000000000004
2017-10-29T21:00:00,N,N4,93.72727272727272
2017-10-29T22:00:00,N,N4,64.47152292811772
2017-10-29T23:00:00,N,N4,55.5417893198129
2017-10-30T00:00:00,N,N4,48.36182414545603
2017-10-30T01:00:00,N,N4,43.99999999999999
2017-10-30T02:00:00,N,N4,42.00000000000001
2017-10-30T03:00:00,N,N4,43.99999999999999
2017-10-30T04:00:00,N,N4,43.99999999999999
2017-10-30T05:00:00,N,N4,43.99999999999999
2017-10-30T06:00:00,N,N4,77.00000000000001
2017-10-30T07:00:00,N,N4,84.9
2017-10-30T08:00:00,N,N4,94.79999999999998
2017-10-30T09:00:00,N,N4,99.56989979995517
2017-10-30T10:00:00,N,N4,105.9090909090909
2017-10-30T11:00:00,N,N4,109.90909090909088
2017-10-30T12:00:00,N,N4,94.63636363636364
2017-10-30T13:00:00,N,N4,90.72727272727272
2017-10-30T14:00:00,N,N4,116.0
2017-10-30T15:00:00,N,N4,97.72727272727272
2017-10-30T16:00:00,N,N4,98.63636363636364
2017-10-30T17:00:00,N,N4,117.00000000000004
2017-10-30T18:00:00,N,N4,119.99999999999996
2017-10-30T19:00:00,N,N4,142.00000000000003
2017-10-30T20:00:00,N,N4,155.00000000000003
2017-10-30T21:00:00,N,N4,135.00000000000003
2017-10-30T22:00:00,N,N4,104.99999999999996
2017-10-30T23:00:00,N,N4,90.0
2017-10-31T00:00:00,N,N4,85.00000000000001
2017-10-31T01:00:00,N,N4,85.00000000000001
2017-10-31T02:00:00,N,N4,79.99999999999997
2017-10-31T03:00:00,N,N4,79.99999999999997
2017-10-31T04:00:00,N,N4,79.99999999999997
2017-10-31T05:00:00,N,N4,79.99999999999997
2017-10-31T06:00:00,N,N4,102.00000000000004
2017-10-31T07:00:00,N,N4,104.0
2017-10-31T08:00:00,N,N4,122.00000000000004
2017-10-31T09:00:00,N,N4,122.00000000000004
2017-10-31T10:00:00,N,N4,124.00000000000004
2017-10-31T11:00:00,N,N4,127.99999999999996
2017-10-31T12:00:00,N,N4,121.00000000000004
2017-10-31T13:00:00,N,N4,115.0
2017-10-31T14:00:00,N,N4,127.0
2017-10-31T15:00:00,N,N4,117.00000000000004
2017-10-31T16:00:00,N,N4,117.00000000000004
2017-10-31T17:00:00,N,N4,115.0
2017-10-31T18:00:00,N,N4,129.99999999999997
2017-10-31T19:00:00,N,N4,164.99999999999994
2017-10-31T20:00:00,N,N4,155.00000000000003
2017-10-31T21:00:00,N,N4,130.99999999999994
2017-10-31T22:00:00,N,N4,130.99999999999994
2017-10-31T23:00:00,N,N4,90.99999999999996
2017-11-01T00:00:00,N,N4,85.99999999999997
2017-11-01T01:00:00,N,N4,81.00000000000003
2017-11-01T02:00:00,N,N4,79.99999999999997
2017-11-01T03:00:00,N,N4,79.99999999999997
2017-11-01T04:00:00,N,N4,79.99999999999997
2017-11-01T05:00:00,N,N4,79.99999999999997
2017-11-01T06:00:00,N,N4,110.99999999999989
2017-11-01T07:00:00,N,N4,104.99999999999996
2017-11-01T08:00:00,N,N4,114.00000000000004
2017-11-01T09:00:00,N,N4,118.00000000000004
2017-11-01T10:00:00,N,N4,124.00000000000004
2017-11-01T11:00:00,N,N4,136.00000000000006
2017-11-01T12:00:00,N,N4,116.0
2017-11-01T13:00:00,N,N4,108.00000000000004
2017-11-01T14:00:00,N,N4,115.0
2017-11-01T15:00:00,N,N4,118.00000000000004
2017-11-01T16:00:00,N,N4,119.00000000000004
2017-11-01T17:00:00,N,N4,122.99999999999994
2017-11-01T18:00:00,N,N4,129.99999999999997
2017-11-01T19:00:00,N,N4,171.99999999999994
2017-11-01T20:00:00,N,N4,167.99999999999997
2017-11-01T21:00:00,N,N4,142.99999999999994
2017-11-01T22:00:00,N,N4,118.00000000000004
2017-11-01T23:00:00,N,N4,108.00000000000004
2017-11-02T00:00:00,N,N4,98.00000000000004
2017-11-02T01:00:00,N,N4,93.00000000000004
2017-11-02T02:00:00,N,N4,93.00000000000004
2017-11-02T03:00:00,N,N4,93.00000000000004
2017-11-02T04:00:00,N,N4,93.00000000000004
2017-11-02T05:00:00,N,N4,93.00000000000004
2017-11-02T06:00:00,N,N4,108.00000000000004
2017-11-02T07:00:00,N,N4,110.99999999999996
2017-11-02T08:00:00,N,N4,122.00000000000004
2017-11-02T09:00:00,N,N4,125.00000000000004
2017-11-02T10:00:00,N,N4,124.00000000000004
2017-11-02T11:00:00,N,N4,133.0
2017-11-02T12:00:00,N,N4,119.99999999999996
2017-11-02T13:00:00,N,N4,108.99999999999996
2017-11-02T14:00:00,N,N4,115.0
2017-11-02T15:00:00,N,N4,113.00000000000004
2017-11-02T16:00:00,N,N4,116.0
2017-11-02T17:00:00,N,N4,122.00000000000004
2017-11-02T18:00:00,N,N4,127.0
2017-11-02T19:00:00,N,N4,170.00000000000006
2017-11-02T20:00:00,N,N4,170.00000000000006
2017-11-02T21:00:00,N,N4,142.99999999999994
2017-11-02T22:00:00,N,N4,122.99999999999994
2017-11-02T23:00:00,N,N4,113.00000000000004
2017-11-03T00:00:00,N,N4,103.0
2017-11-03T01:00:00,N,N4,98.00000000000004
2017-11-03T02:00:00,N,N4,88.00000000000003
2017-11-03T03:00:00,N,N4,88.00000000000003
2017-11-03T04:00:00,N,N4,88.00000000000003
2017-11-03T05:00:00,N,N4,88.00000000000003
2017-11-03T06:00:00,N,N4,100.00000000000004
2017-11-03T07:00:00,N,N4,88.99999999999999
2017-11-03T08:00:00,N,N4,78.0
2017-11-03T09:00:00,N,N4,79.0
2017-11-03T10:00:00,N,N4,83.99999999999999
2017-11-03T11:00:00,N,N4,90.99999999999996
2017-11-03T12:00:00,N,N4,83.99999999999999
2017-11-03T13:00:00,N,N4,72.0
2017-11-03T14:00:00,N,N4,78.0
2017-11-03T15:00:00,N,N4,85.00000000000001
2017-11-03T16:00:00,N,N4,85.00000000000001
2017-11-03T17:00:00,N,N4,85.00000000000001
2017-11-03T18:00:00,N,N4,104.99999999999996
2017-11-03T19:00:00,N,N4,144.0
2017-11-03T20:00:00,N,N4,131.99999999999997
2017-11-03T21:00:00,N,N4,101.00000000000004
2017-11-03T22:00:00,N,N4,87.0
2017-11-03T23:00:00,N,N4,82.00000000000001
2017-11-04T00:00:00,N,N4,77.00000000000001
2017-11-04T01:00:00,N,N4,62.00000000000001
2017-11-04T02:00:00,N,N4,56.00000000000002
2017-11-04T03:00:00,N,N4,56.00000000000002
2017-11-04T04:00:00,N,N4,56.00000000000002
2017-11-04T05:00:00,N,N4,56.00000000000002
2017-11-04T06:00:00,N,N4,77.72727272727273
2017-11-04T07:00:00,N,N4,84.50766942547214
2017-11-04T08:00:00,N,N4,98.25
2017-11-04T09:00:00,N,N4,75.14488044436803
2017-11-04T10:00:00,N,N4,77.36981211137504
2017-11-04T11:00:00,N,N4,82.45099333478775
2017-11-04T12:00:00,N,N4,70.77504764237318
2017-11-04T13:00:00,N,N4,63.99999999999998
2017-11-04T14:00:00,N,N4,69.00000000000001
2017-11-04T15:00:00,N,N4,69.00000000000001
2017-11-04T16:00:00,N,N4,69.00000000000001
2017-11-04T17:00:00,N,N4,70.00000000000003
2017-11-04T18:00:00,N,N4,90.99999999999996
2017-11-04T19:00:00,N,N4,96.0
2017-11-04T20:00:00,N,N4,105.99999999999996
2017-11-04T21:00:00,N,N4,130.99999999999994
2017-11-04T22:00:00,N,N4,110.99999999999996
2017-11-04T23:00:00,N,N4,101.00000000000004
2017-11-05T00:00:00,N,N4,96.0
2017-11-05T01:00:00,N,N4,90.99999999999996
2017-11-05T02:00:00,N,N4,85.99999999999997
2017-11-05T03:00:00,N,N4,85.99999999999997
2017-11-05T04:00:00,N,N4,85.99999999999997
2017-11-05T05:00:00,N,N4,85.99999999999997
2017-11-05T06:00:00,N,N4,92.0
2017-11-05T07:00:00,N,N4,104.0
2017-11-05T08:00:00,N,N4,103.0
2017-11-05T09:00:00,N,N4,110.00000000000004
2017-11-05T10:00:00,N,N4,119.99999999999996
2017-11-05T11:00:00,N,N4,133.99999999999997
2017-11-05T12:00:00,N,N4,126.0
2017-11-05T13:00:00,N,N4,110.00000000000004
2017-11-05T14:00:00,N,N4,101.00000000000004
2017-11-05T15:00:00,N,N4,101.00000000000004
2017-11-05T16:00:00,N,N4,96.0
2017-11-05T17:00:00,N,N4,96.0
2017-11-05T18:00:00,N,N4,105.99999999999996
2017-11-05T19:00:00,N,N4,133.99999999999997
2017-11-05T20:00:00,N,N4,143.44087993420058
2017-11-05T21:00:00,N,N4,138.00000000000006
2017-11-05T22:00:00,N,N4,118.00000000000004
2017-11-05T23:00:00,N,N4,108.00000000000004
2017-11-06T00:00:00,N,N4,98.00000000000004
2017-11-06T01:00:00,N,N4,98.00000000000004
2017-11-06T02:00:00,N,N4,92.0
2017-11-06T03:00:00,N,N4,92.0
2017-11-06T04:00:00,N,N4,92.0
2017-11-06T05:00:00,N,N4,98.00000000000004
2017-11-06T06:00:00,N,N4,80.4
2017-11-06T07:00:00,N,N4,86.8
2017-11-06T08:00:00,N,N4,96.7
2017-11-06T09:00:00,N,N4,100.38808161813697
2017-11-06T10:00:00,N,N4,106.9090909090909
2017-11-06T11:00:00,N,N4,113.1818181818182
2017-11-06T12:00:00,N,N4,101.72727272727272
2017-11-06T13:00:00,N,N4,96.36363636363636
2017-11-06T14:00:00,N,N4,104.5
2017-11-06T15:00:00,N,N4,102.0909090909091
2017-11-06T16:00:00,N,N4,102.1818181818182
2017-11-06T17:00:00,N,N4,105.33333333333336
2017-11-06T18:00:00,N,N4,111.5
2017-11-06T19:00:00,N,N4,126.33333333333331
2017-11-06T20:00:00,N,N4,132.75
2017-11-06T21:00:00,N,N4,114.83333333333336
2017-11-06T22:00:00,N,N4,97.0
2017-11-06T23:00:00,N,N4,87.16666666666667
2017-11-07T00:00:00,N,N4,80.83333333333333
2017-11-07T01:00:00,N,N4,77.58333333333333
2017-11-07T02:00:00,N,N4,74.16666666666666
2017-11-07T03:00:00,N,N4,73.16666666666666
2017-11-07T04:00:00,N,N4,73.33333333333333
2017-11-07T05:00:00,N,N4,79.54545454545455
2017-11-07T06:00:00,N,N4,88.18181818181819
2017-11-07T07:00:00,N,N4,94.3
2017-11-07T08:00:00,N,N4,100.56475769178058
2017-11-07T09:00:00,N,N4,103.134532257776
2017-11-07T10:00:00,N,N4,109.7699947266008
2017-11-07T11:00:00,N,N4,117.4866923914757
2017-11-07T12:00:00,N,N4,108.77227128934057
2017-11-07T13:00:00,N,N4,102.71451695438935
2017-11-07T14:00:00,N,N4,113.55375195258098
2017-11-07T15:00:00,N,N4,111.93345753224584
2017-11-07T16:00:00,N,N4,113.14753762958426
2017-11-07T17:00:00,N,N4,113.53631490738162
2017-11-07T18:00:00,N,N4,118.76947204467407
2017-11-07T19:00:00,N,N4,137.7964283332241
2017-11-07T20:00:00,N,N4,137.18689382219415
2017-11-07T21:00:00,N,N4,123.27272727272728
2017-11-07T22:00:00,N,N4,111.5828015707932
2017-11-07T23:00:00,N,N4,97.0
2017-11-08T00:00:00,N,N4,91.6363636363636
2017-11-08T01:00:00,N,N4,86.72727272727273
2017-11-08T02:00:00,N,N4,84.54545454545456
2017-11-08T03:00:00,N,N4,82.27272727272727
2017-11-08T04:00:00,N,N4,80.9090909090909
2017-11-08T05:00:00,N,N4,80.9090909090909
2017-11-08T06:00:00,N,N4,93.0
2017-11-08T07:00:00,N,N4,95.1
2017-11-08T08:00:00,N,N4,101.72079575012172
2017-11-08T09:00:00,N,N4,103.6652555321013
2017-11-08T10:00:00,N,N4,108.0607147015849
2017-11-08T11:00:00,N,N4,115.3710669072069
2017-11-08T12:00:00,N,N4,103.22958091943887
2017-11-08T13:00:00,N,N4,99.00417812458647
2017-11-08T14:00:00,N,N4,105.28071234478348
2017-11-08T15:00:00,N,N4,102.8181818181818
2017-11-08T16:00:00,N,N4,111.8181818181818
2017-11-08T17:00:00,N,N4,99.0
2017-11-08T18:00:00,N,N4,94.0
2017-11-08T19:00:00,N,N4,115.0
2017-11-08T20:00:00,N,N4,110.00000000000004
2017-11-08T21:00:00,N,N4,110.00000000000004
2017-11-08T22:00:00,N,N4,85.00000000000001
2017-11-08T23:00:00,N,N4,74.99999999999997
2017-11-09T00:00:00,N,N4,64.99999999999999
2017-11-09T01:00:00,N,N4,59.99999999999999
2017-11-09T02:00:00,N,N4,59.99999999999999
2017-11-09T03:00:00,N,N4,59.99999999999999
2017-11-09T04:00:00,N,N4,59.99999999999999
2017-11-09T05:00:00,N,N4,59.99999999999999
2017-11-09T06:00:00,N,N4,70.00000000000003
2017-11-09T07:00:00,N,N4,71.0
2017-11-09T08:00:00,N,N4,88.99999999999999
2017-11-09T09:00:00,N,N4,99.0
2017-11-09T10:00:00,N,N4,100.00000000000004
2017-11-09T11:00:00,N,N4,108.00000000000004
2017-11-09T12:00:00,N,N4,90.99999999999996
2017-11-09T13:00:00,N,N4,88.00000000000003
2017-11-09T14:00:00,N,N4,101.99999999999996
2017-11-09T15:00:00,N,N4,98.00000000000004
2017-11-09T16:00:00,N,N4,99.0
2017-11-09T17:00:00,N,N4,100.00000000000004
2017-11-09T18:00:00,N,N4,100.00000000000004
2017-11-09T19:00:00,N,N4,119.99999999999996
2017-11-09T20:00:00,N,N4,115.0
2017-11-09T21:00:00,N,N4,95.0
2017-11-09T22:00:00,N,N4,82.00000000000001
2017-11-09T23:00:00,N,N4,79.99999999999997
2017-11-10T00:00:00,N,N4,70.00000000000003
2017-11-10T01:00:00,N,N4,69.00000000000001
2017-11-10T02:00:00,N,N4,66.99999999999997
2017-11-10T03:00:00,N,N4,62.99999999999999
2017-11-10T04:00:00,N,N4,62.99999999999999
2017-11-10T05:00:00,N,N4,62.99999999999999
2017-11-10T06:00:00,N,N4,69.00000000000001
2017-11-10T07:00:00,N,N4,77.00000000000001
2017-11-10T08:00:00,N,N4,87.0
2017-11-10T09:00:00,N,N4,88.00000000000003
2017-11-10T10:00:00,N,N4,82.00000000000001
2017-11-10T11:00:00,N,N4,83.00000000000003
2017-11-10T12:00:00,N,N4,72.99999999999999
2017-11-10T13:00:00,N,N4,62.99999999999999
2017-11-10T14:00:00,N,N4,72.0
2017-11-10T15:00:00,N,N4,74.00000000000003
2017-11-10T16:00:00,N,N4,74.00000000000003
2017-11-10T17:00:00,N,N4,81.00000000000003
2017-11-10T18:00:00,N,N4,79.99999999999997
2017-11-10T19:00:00,N,N4,103.0
2017-11-10T20:00:00,N,N4,98.00000000000004
2017-11-10T21:00:00,N,N4,74.99999999999997
2017-11-10T22:00:00,N,N4,64.99999999999999
2017-11-10T23:00:00,N,N4,59.99999999999999
2017-11-11T00:00:00,N,N4,57.00000000000001
2017-11-11T01:00:00,N,N4,55.000000000000014
2017-11-11T02:00:00,N,N4,52.00000000000001
2017-11-11T03:00:00,N,N4,52.00000000000001
2017-11-11T04:00:00,N,N4,52.00000000000001
2017-11-11T05:00:00,N,N4,52.00000000000001
2017-11-11T06:00:00,N,N4,59.000000000000014
2017-11-11T07:00:00,N,N4,65.99999999999997
2017-11-11T08:00:00,N,N4,72.0
2017-11-11T09:00:00,N,N4,79.99999999999997
2017-11-11T10:00:00,N,N4,85.00000000000001
2017-11-11T11:00:00,N,N4,83.00000000000003
2017-11-11T12:00:00,N,N4,83.00000000000003
2017-11-11T13:00:00,N,N4,72.0
2017-11-11T14:00:00,N,N4,72.99999999999999
2017-11-11T15:00:00,N,N4,70.00000000000003
2017-11-11T16:00:00,N,N4,70.00000000000003
2017-11-11T17:00:00,N,N4,70.00000000000003
2017-11-11T18:00:00,N,N4,74.99999999999997
2017-11-11T19:00:00,N,N4,99.0
2017-11-11T20:00:00,N,N4,99.0
2017-11-11T21:00:00,N,N4,82.00000000000001
2017-11-11T22:00:00,N,N4,72.0
2017-11-11T23:00:00,N,N4,66.99999999999997
2017-11-12T00:00:00,N,N4,62.00000000000001
2017-11-12T01:00:00,N,N4,57.00000000000001
2017-11-12T02:00:00,N,N4,55.000000000000014
2017-11-12T03:00:00,N,N4,52.00000000000001
2017-11-12T04:00:00,N,N4,52.00000000000001
2017-11-12T05:00:00,N,N4,52.00000000000001
2017-11-12T06:00:00,N,N4,56.00000000000002
2017-11-12T07:00:00,N,N4,61.71775976750244
2017-11-12T08:00:00,N,N4,69.91757969890801
2017-11-12T09:00:00,N,N4,73.05117559737282
2017-11-12T10:00:00,N,N4,77.31982131338393
2017-11-12T11:00:00,N,N4,85.03390463635156
2017-11-12T12:00:00,N,N4,76.0
2017-11-12T13:00:00,N,N4,66.99999999999997
2017-11-12T14:00:00,N,N4,68.00000000000001
2017-11-12T15:00:00,N,N4,62.00000000000001
2017-11-12T16:00:00,N,N4,62.00000000000001
2017-11-12T17:00:00,N,N4,62.00000000000001
2017-11-12T18:00:00,N,N4,62.000000000000064
2017-11-12T19:00:00,N,N4,98.00000000000004
2017-11-12T20:00:00,N,N4,98.00000000000004
2017-11-12T21:00:00,N,N4,74.00000000000003
2017-11-12T22:00:00,N,N4,68.00000000000001
2017-11-12T23:00:00,N,N4,61.00000000000001
2017-11-13T00:00:00,N,N4,56.00000000000002
2017-11-13T01:00:00,N,N4,53.00000000000001
2017-11-13T02:00:00,N,N4,49.99999999999999
2017-11-13T03:00:00,N,N4,49.99999999999999
2017-11-13T04:00:00,N,N4,49.99999999999999
2017-11-13T05:00:00,N,N4,49.99999999999999
2017-11-13T06:00:00,N,N4,69.00000000000001
2017-11-13T07:00:00,N,N4,78.0
2017-11-13T08:00:00,N,N4,79.99999999999997
2017-11-13T09:00:00,N,N4,82.00000000000001
2017-11-13T10:00:00,N,N4,88.00000000000003
2017-11-13T11:00:00,N,N4,95.0
2017-11-13T12:00:00,N,N4,88.00000000000003
2017-11-13T13:00:00,N,N4,77.00000000000009
2017-11-13T14:00:00,N,N4,88.00000000000003
2017-11-13T15:00:00,N,N4,88.00000000000003
2017-11-13T16:00:00,N,N4,90.0
2017-11-13T17:00:00,N,N4,93.00000000000004
2017-11-13T18:00:00,N,N4,94.0
2017-11-13T19:00:00,N,N4,119.99999999999996
2017-11-13T20:00:00,N,N4,119.99999999999996
2017-11-13T21:00:00,N,N4,97.0
2017-11-13T22:00:00,N,N4,81.00000000000003
2017-11-13T23:00:00,N,N4,74.99999999999997
2017-11-14T00:00:00,N,N4,68.00000000000001
2017-11-14T01:00:00,N,N4,65.99999999999997
2017-11-14T02:00:00,N,N4,65.99999999999997
2017-11-14T03:00:00,N,N4,57.99999999999999
2017-11-14T04:00:00,N,N4,57.99999999999999
2017-11-14T05:00:00,N,N4,62.99999999999999
2017-11-14T06:00:00,N,N4,68.00000000000001
2017-11-14T07:00:00,N,N4,76.0
2017-11-14T08:00:00,N,N4,76.0
2017-11-14T09:00:00,N,N4,83.00000000000003
2017-11-14T10:00:00,N,N4,85.00000000000001
2017-11-14T11:00:00,N,N4,94.0
2017-11-14T12:00:00,N,N4,85.99999999999997
2017-11-14T13:00:00,N,N4,83.00000000000003
2017-11-14T14:00:00,N,N4,96.0
2017-11-14T15:00:00,N,N4,95.0
2017-11-14T16:00:00,N,N4,97.0
2017-11-14T17:00:00,N,N4,92.0
2017-11-14T18:00:00,N,N4,94.0
2017-11-14T19:00:00,N,N4,114.00000000000004
2017-11-14T20:00:00,N,N4,119.00000000000004
2017-11-14T21:00:00,N,N4,94.0
2017-11-14T22:00:00,N,N4,88.00000000000003
2017-11-14T23:00:00,N,N4,78.0
2017-11-15T00:00:00,N,N4,72.0
2017-11-15T01:00:00,N,N4,66.99999999999997
2017-11-15T02:00:00,N,N4,66.99999999999997
2017-11-15T03:00:00,N,N4,66.99999999999997
2017-11-15T04:00:00,N,N4,66.99999999999997
2017-11-15T05:00:00,N,N4,57.00000000000001
2017-11-15T06:00:00,N,N4,68.00000000000001
2017-11-15T07:00:00,N,N4,79.0
2017-11-15T08:00:00,N,N4,85.00000000000001
2017-11-15T09:00:00,N,N4,93.00000000000004
2017-11-15T10:00:00,N,N4,97.0
2017-11-15T11:00:00,N,N4,110.00000000000004
2017-11-15T12:00:00,N,N4,90.0
2017-11-15T13:00:00,N,N4,85.99999999999997
2017-11-15T14:00:00,N,N4,95.0
2017-11-15T15:00:00,N,N4,95.0
2017-11-15T16:00:00,N,N4,99.0
2017-11-15T17:00:00,N,N4,100.00000000000004
2017-11-15T18:00:00,N,N4,100.00000000000004
2017-11-15T19:00:00,N,N4,118.00000000000004
2017-11-15T20:00:00,N,N4,124.00000000000004
2017-11-15T21:00:00,N,N4,108.99999999999996
2017-11-15T22:00:00,N,N4,92.0
2017-11-15T23:00:00,N,N4,83.99999999999999
2017-11-16T00:00:00,N,N4,74.99999999999997
2017-11-16T01:00:00,N,N4,72.0
2017-11-16T02:00:00,N,N4,69.00000000000001
2017-11-16T03:00:00,N,N4,68.00000000000001
2017-11-16T04:00:00,N,N4,69.00000000000001
2017-11-16T05:00:00,N,N4,70.00000000000003
2017-11-16T06:00:00,N,N4,79.99999999999997
2017-11-16T07:00:00,N,N4,92.0
2017-11-16T08:00:00,N,N4,104.99999999999996
2017-11-16T09:00:00,N,N4,104.99999999999996
2017-11-16T10:00:00,N,N4,110.00000000000004
2017-11-16T11:00:00,N,N4,110.99999999999996
2017-11-16T12:00:00,N,N4,94.0
2017-11-16T13:00:00,N,N4,87.0
2017-11-16T14:00:00,N,N4,85.00000000000001
2017-11-16T15:00:00,N,N4,85.00000000000001
2017-11-16T16:00:00,N,N4,77.2553842236385
2017-11-16T17:00:00,N,N4,72.0
2017-11-16T18:00:00,N,N4,82.00000000000001
2017-11-16T19:00:00,N,N4,95.0
2017-11-16T20:00:00,N,N4,93.00000000000004
2017-11-16T21:00:00,N,N4,74.99999999999997
2017-11-16T22:00:00,N,N4,66.99999999999997
2017-11-16T23:00:00,N,N4,62.00000000000001
2017-11-17T00:00:00,N,N4,57.00000000000001
2017-11-17T01:00:00,N,N4,55.000000000000014
2017-11-17T02:00:00,N,N4,55.000000000000014
2017-11-17T03:00:00,N,N4,55.000000000000014
2017-11-17T04:00:00,N,N4,55.000000000000014
2017-11-17T05:00:00,N,N4,55.000000000000014
2017-11-17T06:00:00,N,N4,68.00000000000001
2017-11-17T07:00:00,N,N4,72.99999999999999
2017-11-17T08:00:00,N,N4,82.00000000000001
2017-11-17T09:00:00,N,N4,88.00000000000003
2017-11-17T10:00:00,N,N4,90.99999999999996
2017-11-17T11:00:00,N,N4,96.0
2017-11-17T12:00:00,N,N4,75.01199944381936
2017-11-17T13:00:00,N,N4,59.000000000000014
2017-11-17T14:00:00,N,N4,70.00000000000003
2017-11-17T15:00:00,N,N4,81.00000000000003
2017-11-17T16:00:00,N,N4,76.0
2017-11-17T17:00:00,N,N4,79.99999999999997
2017-11-17T18:00:00,N,N4,83.00000000000003
2017-11-17T19:00:00,N,N4,128.2971045377147
2017-11-17T20:00:00,N,N4,131.315745156691
2017-11-17T21:00:00,N,N4,116.5
2017-11-17T22:00:00,N,N4,104.25
2017-11-17T23:00:00,N,N4,53.77558228669172
2017-11-18T00:00:00,N,N4,86.0
2017-11-18T01:00:00,N,N4,48.00000000000001
2017-11-18T02:00:00,N,N4,48.00000000000001
2017-11-18T03:00:00,N,N4,46.99999999999999
2017-11-18T04:00:00,N,N4,46.99999999999999
2017-11-18T05:00:00,N,N4,55.000000000000014
2017-11-18T06:00:00,N,N4,59.99999999999999
2017-11-18T07:00:00,N,N4,64.99999999999999
2017-11-18T08:00:00,N,N4,79.99999999999997
2017-11-18T09:00:00,N,N4,93.00000000000004
2017-11-18T10:00:00,N,N4,88.00000000000003
2017-11-18T11:00:00,N,N4,97.0
2017-11-18T12:00:00,N,N4,83.00000000000003
2017-11-18T13:00:00,N,N4,77.00000000000001
2017-11-18T14:00:00,N,N4,94.91666666666669
2017-11-18T15:00:00,N,N4,93.0
2017-11-18T16:00:00,N,N4,89.16666666666667
2017-11-18T17:00:00,N,N4,96.37800538030392
2017-11-18T18:00:00,N,N4,103.67262918247508
2017-11-18T19:00:00,N,N4,115.08333333333331
2017-11-18T20:00:00,N,N4,123.0642750848167
2017-11-18T21:00:00,N,N4,114.66666666666664
2017-11-18T22:00:00,N,N4,102.08333333333331
2017-11-18T23:00:00,N,N4,93.58333333333331
2017-11-19T00:00:00,N,N4,87.0
2017-11-19T01:00:00,N,N4,57.00000000000001
2017-11-19T02:00:00,N,N4,54.00000000000003
2017-11-19T03:00:00,N,N4,54.00000000000001
2017-11-19T04:00:00,N,N4,54.00000000000001
2017-11-19T05:00:00,N,N4,54.00000000000001
2017-11-19T06:00:00,N,N4,49.99999999999999
2017-11-19T07:00:00,N,N4,59.99999999999999
2017-11-19T08:00:00,N,N4,61.00000000000001
2017-11-19T09:00:00,N,N4,61.00000000000001
2017-11-19T10:00:00,N,N4,61.00000000000001
2017-11-19T11:00:00,N,N4,76.0
2017-11-19T12:00:00,N,N4,70.00000000000003
2017-11-19T13:00:00,N,N4,57.99999999999999
2017-11-19T14:00:00,N,N4,57.99999999999999
2017-11-19T15:00:00,N,N4,57.99999999999999
2017-11-19T16:00:00,N,N4,56.00000000000002
2017-11-19T17:00:00,N,N4,62.000000000000064
2017-11-19T18:00:00,N,N4,66.99999999999997
2017-11-19T19:00:00,N,N4,96.0
2017-11-19T20:00:00,N,N4,90.0
2017-11-19T21:00:00,N,N4,79.99999999999997
2017-11-19T22:00:00,N,N4,63.99999999999998
2017-11-19T23:00:00,N,N4,59.000000000000014
2017-11-20T00:00:00,N,N4,54.00000000000001
2017-11-20T01:00:00,N,N4,54.00000000000001
2017-11-20T02:00:00,N,N4,48.00000000000001
2017-11-20T03:00:00,N,N4,48.00000000000001
2017-11-20T04:00:00,N,N4,48.00000000000001
2017-11-20T05:00:00,N,N4,48.00000000000001
2017-11-20T06:00:00,N,N4,70.00000000000003
2017-11-20T07:00:00,N,N4,71.0
2017-11-20T08:00:00,N,N4,83.99999999999999
2017-11-20T09:00:00,N,N4,85.00000000000001
2017-11-20T10:00:00,N,N4,92.0
2017-11-20T11:00:00,N,N4,104.0
2017-11-20T12:00:00,N,N4,90.0
2017-11-20T13:00:00,N,N4,79.99999999999997
2017-11-20T14:00:00,N,N4,92.0
2017-11-20T15:00:00,N,N4,85.99999999999997
2017-11-20T16:00:00,N,N4,85.00000000000001
2017-11-20T17:00:00,N,N4,83.00000000000003
2017-11-20T18:00:00,N,N4,83.00000000000003
2017-11-20T19:00:00,N,N4,94.0
2017-11-20T20:00:00,N,N4,110.99999999999996
2017-11-20T21:00:00,N,N4,98.00000000000004
2017-11-20T22:00:00,N,N4,78.0
2017-11-20T23:00:00,N,N4,70.00000000000003
2017-11-21T00:00:00,N,N4,62.99999999999999
2017-11-21T01:00:00,N,N4,62.00000000000001
2017-11-21T02:00:00,N,N4,59.99999999999999
2017-11-21T03:00:00,N,N4,59.99999999999999
2017-11-21T04:00:00,N,N4,59.99999999999999
2017-11-21T05:00:00,N,N4,66.99999999999997
2017-11-21T06:00:00,N,N4,78.0
2017-11-21T07:00:00,N,N4,101.0
2017-11-21T08:00:00,N,N4,105.06447765091887
2017-11-21T09:00:00,N,N4,108.23226981990592
2017-11-21T10:00:00,N,N4,116.49999999999996
2017-11-21T11:00:00,N,N4,124.09459591856256
2017-11-21T12:00:00,N,N4,115.90909090909088
2017-11-21T13:00:00,N,N4,108.72727272727272
2017-11-21T14:00:00,N,N4,117.1818181818182
2017-11-21T15:00:00,N,N4,115.9090909090909
2017-11-21T16:00:00,N,N4,116.63636363636364
2017-11-21T17:00:00,N,N4,116.90909090909092
2017-11-21T18:00:00,N,N4,123.36363636363636
2017-11-21T19:00:00,N,N4,140.19863609595114
2017-11-21T20:00:00,N,N4,150.3687120040123
2017-11-21T21:00:00,N,N4,135.27272727272728
2017-11-21T22:00:00,N,N4,124.0
2017-11-21T23:00:00,N,N4,107.27272727272728
2017-11-22T00:00:00,N,N4,100.8181818181818
2017-11-22T01:00:00,N,N4,95.9090909090909
2017-11-22T02:00:00,N,N4,93.45454545454548
2017-11-22T03:00:00,N,N4,91.1818181818182
2017-11-22T04:00:00,N,N4,89.81818181818181
2017-11-22T05:00:00,N,N4,89.36363636363637
2017-11-22T06:00:00,N,N4,99.0
2017-11-22T07:00:00,N,N4,100.1
2017-11-22T08:00:00,N,N4,105.77223554304284
2017-11-22T09:00:00,N,N4,109.58092920323396
2017-11-22T10:00:00,N,N4,114.82351674190274
2017-11-22T11:00:00,N,N4,124.1818181818182
2017-11-22T12:00:00,N,N4,113.63636363636364
2017-11-22T13:00:00,N,N4,109.40000000000002
2017-11-22T14:00:00,N,N4,114.0
2017-11-22T15:00:00,N,N4,111.63636363636364
2017-11-22T16:00:00,N,N4,113.63636363636364
2017-11-22T17:00:00,N,N4,115.0
2017-11-22T18:00:00,N,N4,118.33333333333331
2017-11-22T19:00:00,N,N4,110.00000000000004
2017-11-22T20:00:00,N,N4,110.00000000000004
2017-11-22T21:00:00,N,N4,87.0
2017-11-22T22:00:00,N,N4,74.99999999999997
2017-11-22T23:00:00,N,N4,63.99999999999998
2017-11-23T00:00:00,N,N4,59.000000000000014
2017-11-23T01:00:00,N,N4,57.99999999999999
2017-11-23T02:00:00,N,N4,57.99999999999999
2017-11-23T03:00:00,N,N4,57.99999999999999
2017-11-23T04:00:00,N,N4,57.99999999999999
2017-11-23T05:00:00,N,N4,59.000000000000014
2017-11-23T06:00:00,N,N4,76.0
2017-11-23T07:00:00,N,N4,78.0
2017-11-23T08:00:00,N,N4,87.0
2017-11-23T09:00:00,N,N4,88.99999999999999
2017-11-23T10:00:00,N,N4,92.0
2017-11-23T11:00:00,N,N4,100.00000000000004
2017-11-23T12:00:00,N,N4,79.99999999999997
2017-11-23T13:00:00,N,N4,83.00000000000003
2017-11-23T14:00:00,N,N4,88.00000000000003
2017-11-23T15:00:00,N,N4,85.99999999999997
2017-11-23T16:00:00,N,N4,85.99999999999997
2017-11-23T17:00:00,N,N4,95.0
2017-11-23T18:00:00,N,N4,90.99999999999996
2017-11-23T19:00:00,N,N4,110.00000000000004
2017-11-23T20:00:00,N,N4,110.00000000000004
2017-11-23T21:00:00,N,N4,93.00000000000004
2017-11-23T22:00:00,N,N4,76.0
2017-11-23T23:00:00,N,N4,72.0
2017-11-24T00:00:00,N,N4,59.99999999999999
2017-11-24T01:00:00,N,N4,59.99999999999999
2017-11-24T02:00:00,N,N4,59.99999999999999
2017-11-24T03:00:00,N,N4,59.99999999999999
2017-11-24T04:00:00,N,N4,59.99999999999999
2017-11-24T05:00:00,N,N4,59.99999999999999
2017-11-24T06:00:00,N,N4,76.0
2017-11-24T07:00:00,N,N4,77.00000000000001
2017-11-24T08:00:00,N,N4,87.0
2017-11-24T09:00:00,N,N4,95.0
2017-11-24T10:00:00,N,N4,93.00000000000004
2017-11-24T11:00:00,N,N4,108.00000000000004
2017-11-24T12:00:00,N,N4,87.0
2017-11-24T13:00:00,N,N4,88.00000000000003
2017-11-24T14:00:00,N,N4,100.00000000000004
2017-11-24T15:00:00,N,N4,103.0
2017-11-24T16:00:00,N,N4,97.0
2017-11-24T17:00:00,N,N4,101.99999999999996
2017-11-24T18:00:00,N,N4,97.0
2017-11-24T19:00:00,N,N4,111.99999999999996
2017-11-24T20:00:00,N,N4,122.00000000000004
2017-11-24T21:00:00,N,N4,106.99999999999996
2017-11-24T22:00:00,N,N4,97.0
2017-11-24T23:00:00,N,N4,87.0
2017-11-25T00:00:00,N,N4,82.00000000000001
2017-11-25T01:00:00,N,N4,77.00000000000001
2017-11-25T02:00:00,N,N4,74.99999999999997
2017-11-25T03:00:00,N,N4,70.00000000000003
2017-11-25T04:00:00,N,N4,66.99999999999997
2017-11-25T05:00:00,N,N4,66.99999999999997
2017-11-25T06:00:00,N,N4,79.0
2017-11-25T07:00:00,N,N4,85.00000000000001
2017-11-25T08:00:00,N,N4,90.0
2017-11-25T09:00:00,N,N4,82.00000000000001
2017-11-25T10:00:00,N,N4,70.00000000000003
2017-11-25T11:00:00,N,N4,74.99999999999997
2017-11-25T12:00:00,N,N4,66.99999999999997
2017-11-25T13:00:00,N,N4,66.99999999999997
2017-11-25T14:00:00,N,N4,62.00000000000001
2017-11-25T15:00:00,N,N4,62.00000000000001
2017-11-25T16:00:00,N,N4,66.99999999999997
2017-11-25T17:00:00,N,N4,79.99999999999997
2017-11-25T18:00:00,N,N4,79.99999999999997
2017-11-25T19:00:00,N,N4,92.0
2017-11-25T20:00:00,N,N4,92.0
2017-11-25T21:00:00,N,N4,79.99999999999997
2017-11-25T22:00:00,N,N4,68.00000000000001
2017-11-25T23:00:00,N,N4,57.00000000000001
2017-11-26T00:00:00,N,N4,53.00000000000001
2017-11-26T01:00:00,N,N4,53.00000000000001
2017-11-26T02:00:00,N,N4,53.00000000000001
2017-11-26T03:00:00,N,N4,53.00000000000001
2017-11-26T04:00:00,N,N4,53.00000000000001
2017-11-26T05:00:00,N,N4,53.00000000000001
2017-11-26T06:00:00,N,N4,53.00000000000001
2017-11-26T07:00:00,N,N4,57.99999999999999
2017-11-26T08:00:00,N,N4,63.99999999999998
2017-11-26T09:00:00,N,N4,70.00000000000003
2017-11-26T10:00:00,N,N4,70.00000000000003
2017-11-26T11:00:00,N,N4,70.00000000000003
2017-11-26T12:00:00,N,N4,72.99999999999999
2017-11-26T13:00:00,N,N4,57.99999999999999
2017-11-26T14:00:00,N,N4,53.00000000000001
2017-11-26T15:00:00,N,N4,53.00000000000001
2017-11-26T16:00:00,N,N4,53.00000000000001
2017-11-26T17:00:00,N,N4,62.99999999999999
2017-11-26T18:00:00,N,N4,68.00000000000001
2017-11-26T19:00:00,N,N4,92.0
2017-11-26T20:00:00,N,N4,92.0
2017-11-26T21:00:00,N,N4,72.0
2017-11-26T22:00:00,N,N4,59.000000000000014
2017-11-26T23:00:00,N,N4,55.000000000000014
2017-11-27T00:00:00,N,N4,53.00000000000001
2017-11-27T01:00:00,N,N4,53.00000000000001
2017-11-27T02:00:00,N,N4,48.00000000000001
2017-11-27T03:00:00,N,N4,48.00000000000001
2017-11-27T04:00:00,N,N4,48.00000000000001
2017-11-27T05:00:00,N,N4,54.00000000000001
2017-11-27T06:00:00,N,N4,69.00000000000001
2017-11-27T07:00:00,N,N4,74.00000000000003
2017-11-27T08:00:00,N,N4,79.99999999999997
2017-11-27T09:00:00,N,N4,85.99999999999997
2017-11-27T10:00:00,N,N4,88.99999999999999
2017-11-27T11:00:00,N,N4,96.0
2017-11-27T12:00:00,N,N4,79.99999999999997
2017-11-27T13:00:00,N,N4,74.99999999999997
2017-11-27T14:00:00,N,N4,87.0
2017-11-27T15:00:00,N,N4,87.0
2017-11-27T16:00:00,N,N4,92.0
2017-11-27T17:00:00,N,N4,88.00000000000003
2017-11-27T18:00:00,N,N4,97.0
2017-11-27T19:00:00,N,N4,113.00000000000004
2017-11-27T20:00:00,N,N4,113.00000000000004
2017-11-27T21:00:00,N,N4,93.00000000000004
2017-11-27T22:00:00,N,N4,77.00000000000001
2017-11-27T23:00:00,N,N4,65.99999999999997
2017-11-28T00:00:00,N,N4,65.99999999999997
2017-11-28T01:00:00,N,N4,61.00000000000001
2017-11-28T02:00:00,N,N4,57.99999999999999
2017-11-28T03:00:00,N,N4,56.00000000000002
2017-11-28T04:00:00,N,N4,56.00000000000002
2017-11-28T05:00:00,N,N4,56.00000000000002
2017-11-28T06:00:00,N,N4,68.00000000000001
2017-11-28T07:00:00,N,N4,78.0
2017-11-28T08:00:00,N,N4,83.99999999999999
2017-11-28T09:00:00,N,N4,85.99999999999997
2017-11-28T10:00:00,N,N4,90.99999999999996
2017-11-28T11:00:00,N,N4,105.99999999999996
2017-11-28T12:00:00,N,N4,93.00000000000004
2017-11-28T13:00:00,N,N4,88.00000000000003
2017-11-28T14:00:00,N,N4,99.0
2017-11-28T15:00:00,N,N4,96.0
2017-11-28T16:00:00,N,N4,100.00000000000004
2017-11-28T17:00:00,N,N4,96.0
2017-11-28T18:00:00,N,N4,96.0
2017-11-28T19:00:00,N,N4,119.99999999999996
2017-11-28T20:00:00,N,N4,119.99999999999996
2017-11-28T21:00:00,N,N4,108.99999999999996
2017-11-28T22:00:00,N,N4,99.0
2017-11-28T23:00:00,N,N4,81.00000000000003
2017-11-29T00:00:00,N,N4,76.0
2017-11-29T01:00:00,N,N4,74.00000000000003
2017-11-29T02:00:00,N,N4,70.00000000000003
2017-11-29T03:00:00,N,N4,63.99999999999998
2017-11-29T04:00:00,N,N4,63.99999999999998
2017-11-29T05:00:00,N,N4,63.99999999999998
2017-11-29T06:00:00,N,N4,70.00000000000003
2017-11-29T07:00:00,N,N4,79.99999999999997
2017-11-29T08:00:00,N,N4,87.0
2017-11-29T09:00:00,N,N4,94.0
2017-11-29T10:00:00,N,N4,97.0
2017-11-29T11:00:00,N,N4,108.00000000000004
2017-11-29T12:00:00,N,N4,93.00000000000004
2017-11-29T13:00:00,N,N4,100.00000000000004
2017-11-29T14:00:00,N,N4,114.00000000000004
2017-11-29T15:00:00,N,N4,105.99999999999996
2017-11-29T16:00:00,N,N4,104.0
2017-11-29T17:00:00,N,N4,99.0
2017-11-29T18:00:00,N,N4,101.99999999999996
2017-11-29T19:00:00,N,N4,127.99999999999996
2017-11-29T20:00:00,N,N4,127.99999999999996
2017-11-29T21:00:00,N,N4,113.00000000000004
2017-11-29T22:00:00,N,N4,101.99999999999996
2017-11-29T23:00:00,N,N4,96.0
2017-11-30T00:00:00,N,N4,83.99999999999999
2017-11-30T01:00:00,N,N4,83.99999999999999
2017-11-30T02:00:00,N,N4,79.0
2017-11-30T03:00:00,N,N4,79.0
2017-11-30T04:00:00,N,N4,79.0
2017-11-30T05:00:00,N,N4,79.0
2017-11-30T06:00:00,N,N4,79.99999999999997
2017-11-30T07:00:00,N,N4,82.00000000000001
2017-11-30T08:00:00,N,N4,93.00000000000004
2017-11-30T09:00:00,N,N4,104.0
2017-11-30T10:00:00,N,N4,101.00000000000004
2017-11-30T11:00:00,N,N4,108.00000000000004
2017-11-30T12:00:00,N,N4,97.0
2017-11-30T13:00:00,N,N4,93.00000000000004
2017-11-30T14:00:00,N,N4,93.00000000000004
2017-11-30T15:00:00,N,N4,94.0
2017-11-30T16:00:00,N,N4,88.00000000000003
2017-11-30T17:00:00,N,N4,92.0
2017-11-30T18:00:00,N,N4,90.99999999999996
2017-11-30T19:00:00,N,N4,101.00000000000004
2017-11-30T20:00:00,N,N4,111.99999999999996
2017-11-30T21:00:00,N,N4,101.99999999999996
2017-11-30T22:00:00,N,N4,90.0
2017-11-30T23:00:00,N,N4,79.99999999999997
2017-12-01T00:00:00,N,N4,72.99999999999999
2017-12-01T01:00:00,N,N4,72.99999999999999
2017-12-01T02:00:00,N,N4,71.0
2017-12-01T03:00:00,N,N4,68.00000000000001
2017-12-01T04:00:00,N,N4,68.00000000000001
2017-12-01T05:00:00,N,N4,68.00000000000001
2017-12-01T06:00:00,N,N4,68.00000000000001
2017-12-01T07:00:00,N,N4,78.0
2017-12-01T08:00:00,N,N4,85.00000000000001
2017-12-01T09:00:00,N,N4,92.0
2017-12-01T10:00:00,N,N4,98.00000000000004
2017-12-01T11:00:00,N,N4,106.99999999999996
2017-12-01T12:00:00,N,N4,103.0
2017-12-01T13:00:00,N,N4,93.00000000000004
2017-12-01T14:00:00,N,N4,110.00000000000004
2017-12-01T15:00:00,N,N4,108.99999999999996
2017-12-01T16:00:00,N,N4,101.99999999999996
2017-12-01T17:00:00,N,N4,101.00000000000004
2017-12-01T18:00:00,N,N4,101.00000000000004
2017-12-01T19:00:00,N,N4,111.99999999999996
2017-12-01T20:00:00,N,N4,117.00000000000004
2017-12-01T21:00:00,N,N4,117.00000000000004
2017-12-01T22:00:00,N,N4,97.0
2017-12-01T23:00:00,N,N4,90.99999999999996
2017-12-02T00:00:00,N,N4,81.00000000000003
2017-12-02T01:00:00,N,N4,81.00000000000003
2017-12-02T02:00:00,N,N4,77.00000000000001
2017-12-02T03:00:00,N,N4,77.00000000000001
2017-12-02T04:00:00,N,N4,77.00000000000001
2017-12-02T05:00:00,N,N4,72.0
2017-12-02T06:00:00,N,N4,79.99999999999997
2017-12-02T07:00:00,N,N4,85.00000000000001
2017-12-02T08:00:00,N,N4,88.99999999999999
2017-12-02T09:00:00,N,N4,98.00000000000004
2017-12-02T10:00:00,N,N4,99.0
2017-12-02T11:00:00,N,N4,104.0
2017-12-02T12:00:00,N,N4,88.00000000000003
2017-12-02T13:00:00,N,N4,88.99999999999999
2017-12-02T14:00:00,N,N4,92.0
2017-12-02T15:00:00,N,N4,94.0
2017-12-02T16:00:00,N,N4,88.99999999999999
2017-12-02T17:00:00,N,N4,85.00000000000001
2017-12-02T18:00:00,N,N4,88.00000000000003
2017-12-02T19:00:00,N,N4,94.0
2017-12-02T20:00:00,N,N4,106.99999999999996
2017-12-02T21:00:00,N,N4,101.99999999999996
2017-12-02T22:00:00,N,N4,90.99999999999996
2017-12-02T23:00:00,N,N4,87.0
2017-12-03T00:00:00,N,N4,82.00000000000001
2017-12-03T01:00:00,N,N4,77.00000000000001
2017-12-03T02:00:00,N,N4,72.0
2017-12-03T03:00:00,N,N4,72.0
2017-12-03T04:00:00,N,N4,72.0
2017-12-03T05:00:00,N,N4,72.0
2017-12-03T06:00:00,N,N4,63.99999999999998
2017-12-03T07:00:00,N,N4,68.00000000000001
2017-12-03T08:00:00,N,N4,72.99999999999999
2017-12-03T09:00:00,N,N4,72.99999999999999
2017-12-03T10:00:00,N,N4,83.99999999999999
2017-12-03T11:00:00,N,N4,88.99999999999999
2017-12-03T12:00:00,N,N4,88.99999999999999
2017-12-03T13:00:00,N,N4,83.99999999999999
2017-12-03T14:00:00,N,N4,79.0
2017-12-03T15:00:00,N,N4,79.0
2017-12-03T16:00:00,N,N4,79.0
2017-12-03T17:00:00,N,N4,79.0
2017-12-03T18:00:00,N,N4,83.99999999999999
2017-12-03T19:00:00,N,N4,105.99999999999996
2017-12-03T20:00:00,N,N4,111.99999999999996
2017-12-03T21:00:00,N,N4,101.00000000000004
2017-12-03T22:00:00,N,N4,92.0
2017-12-03T23:00:00,N,N4,82.00000000000001
2017-12-04T00:00:00,N,N4,76.0
2017-12-04T01:00:00,N,N4,76.0
2017-12-04T02:00:00,N,N4,65.99999999999997
2017-12-04T03:00:00,N,N4,65.99999999999997
2017-12-04T04:00:00,N,N4,65.99999999999997
2017-12-04T05:00:00,N,N4,71.0
2017-12-04T06:00:00,N,N4,68.00000000000001
2017-12-04T07:00:00,N,N4,68.00000000000001
2017-12-04T08:00:00,N,N4,95.0
2017-12-04T09:00:00,N,N4,94.0
2017-12-04T10:00:00,N,N4,104.99999999999996
2017-12-04T11:00:00,N,N4,105.99999999999996
2017-12-04T12:00:00,N,N4,100.00000000000004
2017-12-04T13:00:00,N,N4,100.00000000000004
2017-12-04T14:00:00,N,N4,105.99999999999996
2017-12-04T15:00:00,N,N4,100.00000000000004
2017-12-04T16:00:00,N,N4,100.00000000000004
2017-12-04T17:00:00,N,N4,98.00000000000004
2017-12-04T18:00:00,N,N4,99.0
2017-12-04T19:00:00,N,N4,116.0
2017-12-04T20:00:00,N,N4,122.00000000000004
2017-12-04T21:00:00,N,N4,111.99999999999996
2017-12-04T22:00:00,N,N4,97.0
2017-12-04T23:00:00,N,N4,85.99999999999997
2017-12-05T00:00:00,N,N4,79.0
2017-12-05T01:00:00,N,N4,71.0
2017-12-05T02:00:00,N,N4,69.00000000000001
2017-12-05T03:00:00,N,N4,66.99999999999997
2017-12-05T04:00:00,N,N4,64.99999999999999
2017-12-05T05:00:00,N,N4,68.00000000000001
2017-12-05T06:00:00,N,N4,68.00000000000001
2017-12-05T07:00:00,N,N4,74.00000000000003
2017-12-05T08:00:00,N,N4,88.00000000000003
2017-12-05T09:00:00,N,N4,85.99999999999997
2017-12-05T10:00:00,N,N4,93.00000000000004
2017-12-05T11:00:00,N,N4,106.99999999999996
2017-12-05T12:00:00,N,N4,98.00000000000004
2017-12-05T13:00:00,N,N4,98.00000000000004
2017-12-05T14:00:00,N,N4,110.00000000000004
2017-12-05T15:00:00,N,N4,106.99999999999996
2017-12-05T16:00:00,N,N4,104.0
2017-12-05T17:00:00,N,N4,104.0
2017-12-05T18:00:00,N,N4,104.0
2017-12-05T19:00:00,N,N4,117.00000000000004
2017-12-05T20:00:00,N,N4,122.99999999999994
2017-12-05T21:00:00,N,N4,113.00000000000004
2017-12-05T22:00:00,N,N4,108.99999999999996
2017-12-05T23:00:00,N,N4,94.0
2017-12-06T00:00:00,N,N4,94.0
2017-12-06T01:00:00,N,N4,87.0
2017-12-06T02:00:00,N,N4,82.00000000000001
2017-12-06T03:00:00,N,N4,76.0
2017-12-06T04:00:00,N,N4,74.00000000000003
2017-12-06T05:00:00,N,N4,74.00000000000003
2017-12-06T06:00:00,N,N4,77.00000000000001
2017-12-06T07:00:00,N,N4,79.99999999999997
2017-12-06T08:00:00,N,N4,94.0
2017-12-06T09:00:00,N,N4,93.00000000000004
2017-12-06T10:00:00,N,N4,98.00000000000004
2017-12-06T11:00:00,N,N4,103.0
2017-12-06T12:00:00,N,N4,90.99999999999996
2017-12-06T13:00:00,N,N4,90.0
2017-12-06T14:00:00,N,N4,98.00000000000004
2017-12-06T15:00:00,N,N4,93.00000000000004
2017-12-06T16:00:00,N,N4,92.0
2017-12-06T17:00:00,N,N4,87.0
2017-12-06T18:00:00,N,N4,95.0
2017-12-06T19:00:00,N,N4,102.00000000000004
2017-12-06T20:00:00,N,N4,103.0
2017-12-06T21:00:00,N,N4,90.99999999999996
2017-12-06T22:00:00,N,N4,85.99999999999997
2017-12-06T23:00:00,N,N4,85.99999999999997
2017-12-07T00:00:00,N,N4,74.00000000000003
2017-12-07T01:00:00,N,N4,69.00000000000001
2017-12-07T02:00:00,N,N4,69.00000000000001
2017-12-07T03:00:00,N,N4,69.00000000000001
2017-12-07T04:00:00,N,N4,69.00000000000001
2017-12-07T05:00:00,N,N4,69.00000000000001
2017-12-07T06:00:00,N,N4,72.99999999999999
2017-12-07T07:00:00,N,N4,77.00000000000001
2017-12-07T08:00:00,N,N4,85.99999999999997
2017-12-07T09:00:00,N,N4,85.99999999999997
2017-12-07T10:00:00,N,N4,88.99999999999999
2017-12-07T11:00:00,N,N4,93.00000000000004
2017-12-07T12:00:00,N,N4,88.00000000000003
2017-12-07T13:00:00,N,N4,88.00000000000003
2017-12-07T14:00:00,N,N4,99.0
2017-12-07T15:00:00,N,N4,99.0
2017-12-07T16:00:00,N,N4,99.0
2017-12-07T17:00:00,N,N4,99.0
2017-12-07T18:00:00,N,N4,100.00000000000004
2017-12-07T19:00:00,N,N4,103.0
2017-12-07T20:00:00,N,N4,114.00000000000004
2017-12-07T21:00:00,N,N4,108.99999999999989
2017-12-07T22:00:00,N,N4,104.0
2017-12-07T23:00:00,N,N4,104.0
2017-12-08T00:00:00,N,N4,85.99999999999997
2017-12-08T01:00:00,N,N4,81.00000000000003
2017-12-08T02:00:00,N,N4,79.99999999999997
2017-12-08T03:00:00,N,N4,70.00000000000003
2017-12-08T04:00:00,N,N4,70.00000000000003
2017-12-08T05:00:00,N,N4,70.00000000000003
2017-12-08T06:00:00,N,N4,65.99999999999997
2017-12-08T07:00:00,N,N4,74.99999999999997
2017-12-08T08:00:00,N,N4,79.0
2017-12-08T09:00:00,N,N4,82.00000000000001
2017-12-08T10:00:00,N,N4,85.00000000000001
2017-12-08T11:00:00,N,N4,98.00000000000004
2017-12-08T12:00:00,N,N4,93.00000000000004
2017-12-08T13:00:00,N,N4,88.00000000000003
2017-12-08T14:00:00,N,N4,88.00000000000003
2017-12-08T15:00:00,N,N4,88.00000000000003
2017-12-08T16:00:00,N,N4,83.99999999999999
2017-12-08T17:00:00,N,N4,85.99999999999997
2017-12-08T18:00:00,N,N4,92.0
2017-12-08T19:00:00,N,N4,92.0
2017-12-08T20:00:00,N,N4,106.99999999999996
2017-12-08T21:00:00,N,N4,114.00000000000004
2017-12-08T22:00:00,N,N4,99.0
2017-12-08T23:00:00,N,N4,92.0
2017-12-09T00:00:00,N,N4,82.00000000000001
2017-12-09T01:00:00,N,N4,72.0
2017-12-09T02:00:00,N,N4,72.0
2017-12-09T03:00:00,N,N4,72.0
2017-12-09T04:00:00,N,N4,66.99999999999997
2017-12-09T05:00:00,N,N4,62.00000000000001
2017-12-09T06:00:00,N,N4,76.0
2017-12-09T07:00:00,N,N4,82.00000000000001
2017-12-09T08:00:00,N,N4,90.0
2017-12-09T09:00:00,N,N4,96.0
2017-12-09T10:00:00,N,N4,108.00000000000004
2017-12-09T11:00:00,N,N4,114.00000000000004
2017-12-09T12:00:00,N,N4,106.99999999999996
2017-12-09T13:00:00,N,N4,99.0
2017-12-09T14:00:00,N,N4,104.99999999999996
2017-12-09T15:00:00,N,N4,99.0
2017-12-09T16:00:00,N,N4,94.0
2017-12-09T17:00:00,N,N4,94.0
2017-12-09T18:00:00,N,N4,100.00000000000004
2017-12-09T19:00:00,N,N4,104.99999999999996
2017-12-09T20:00:00,N,N4,115.0
2017-12-09T21:00:00,N,N4,110.00000000000004
2017-12-09T22:00:00,N,N4,100.00000000000004
2017-12-09T23:00:00,N,N4,88.99999999999999
2017-12-10T00:00:00,N,N4,83.00000000000003
2017-12-10T01:00:00,N,N4,78.0
2017-12-10T02:00:00,N,N4,72.99999999999999
2017-12-10T03:00:00,N,N4,70.00000000000003
2017-12-10T04:00:00,N,N4,68.00000000000001
2017-12-10T05:00:00,N,N4,68.00000000000001
2017-12-10T06:00:00,N,N4,64.99999999999999
2017-12-10T07:00:00,N,N4,74.00000000000003
2017-12-10T08:00:00,N,N4,74.00000000000003
2017-12-10T09:00:00,N,N4,77.00000000000001
2017-12-10T10:00:00,N,N4,83.99999999999999
2017-12-10T11:00:00,N,N4,88.99999999999999
2017-12-10T12:00:00,N,N4,88.99999999999999
2017-12-10T13:00:00,N,N4,83.00000000000003
2017-12-10T14:00:00,N,N4,83.00000000000003
2017-12-10T15:00:00,N,N4,83.00000000000003
2017-12-10T16:00:00,N,N4,78.0
2017-12-10T17:00:00,N,N4,78.0
2017-12-10T18:00:00,N,N4,83.00000000000003
2017-12-10T19:00:00,N,N4,88.00000000000003
2017-12-10T20:00:00,N,N4,108.00000000000004
2017-12-10T21:00:00,N,N4,106.99999999999996
2017-12-10T22:00:00,N,N4,96.0
2017-12-10T23:00:00,N,N4,88.99999999999999
2017-12-11T00:00:00,N,N4,79.0
2017-12-11T01:00:00,N,N4,74.99999999999997
2017-12-11T02:00:00,N,N4,69.00000000000001
2017-12-11T03:00:00,N,N4,69.00000000000001
2017-12-11T04:00:00,N,N4,64.99999999999999
2017-12-11T05:00:00,N,N4,64.99999999999999
2017-12-11T06:00:00,N,N4,69.00000000000001
2017-12-11T07:00:00,N,N4,74.00000000000003
2017-12-11T08:00:00,N,N4,79.99999999999997
2017-12-11T09:00:00,N,N4,88.00000000000003
2017-12-11T10:00:00,N,N4,93.00000000000004
2017-12-11T11:00:00,N,N4,104.0
2017-12-11T12:00:00,N,N4,101.00000000000004
2017-12-11T13:00:00,N,N4,101.99999999999996
2017-12-11T14:00:00,N,N4,104.99999999999996
2017-12-11T15:00:00,N,N4,101.00000000000004
2017-12-11T16:00:00,N,N4,104.0
2017-12-11T17:00:00,N,N4,99.0
2017-12-11T18:00:00,N,N4,99.0
2017-12-11T19:00:00,N,N4,104.0
2017-12-11T20:00:00,N,N4,115.0
2017-12-11T21:00:00,N,N4,114.00000000000004
2017-12-11T22:00:00,N,N4,99.0
2017-12-11T23:00:00,N,N4,83.99999999999999
2017-12-12T00:00:00,N,N4,79.0
2017-12-12T01:00:00,N,N4,69.00000000000001
2017-12-12T02:00:00,N,N4,63.99999999999998
2017-12-12T03:00:00,N,N4,63.99999999999998
2017-12-12T04:00:00,N,N4,63.99999999999998
2017-12-12T05:00:00,N,N4,63.99999999999998
2017-12-12T06:00:00,N,N4,63.99999999999998
2017-12-12T07:00:00,N,N4,72.0
2017-12-12T08:00:00,N,N4,82.00000000000001
2017-12-12T09:00:00,N,N4,82.00000000000001
2017-12-12T10:00:00,N,N4,83.99999999999999
2017-12-12T11:00:00,N,N4,96.0
2017-12-12T12:00:00,N,N4,90.99999999999996
2017-12-12T13:00:00,N,N4,90.99999999999996
2017-12-12T14:00:00,N,N4,99.0
2017-12-12T15:00:00,N,N4,104.99999999999996
2017-12-12T16:00:00,N,N4,100.00000000000004
2017-12-12T17:00:00,N,N4,100.00000000000004
2017-12-12T18:00:00,N,N4,100.00000000000004
2017-12-12T19:00:00,N,N4,110.00000000000004
2017-12-12T20:00:00,N,N4,115.0
2017-12-12T21:00:00,N,N4,108.99999999999996
2017-12-12T22:00:00,N,N4,98.00000000000004
2017-12-12T23:00:00,N,N4,90.99999999999996
2017-12-13T00:00:00,N,N4,83.00000000000003
2017-12-13T01:00:00,N,N4,83.00000000000003
2017-12-13T02:00:00,N,N4,78.0
2017-12-13T03:00:00,N,N4,70.00000000000003
2017-12-13T04:00:00,N,N4,70.00000000000003
2017-12-13T05:00:00,N,N4,70.00000000000003
2017-12-13T06:00:00,N,N4,72.0
2017-12-13T07:00:00,N,N4,74.99999999999997
2017-12-13T08:00:00,N,N4,87.0
2017-12-13T09:00:00,N,N4,94.0
2017-12-13T10:00:00,N,N4,94.0
2017-12-13T11:00:00,N,N4,108.99999999999996
2017-12-13T12:00:00,N,N4,100.00000000000004
2017-12-13T13:00:00,N,N4,100.00000000000004
2017-12-13T14:00:00,N,N4,110.99999999999996
2017-12-13T15:00:00,N,N4,110.00000000000004
2017-12-13T16:00:00,N,N4,108.00000000000004
2017-12-13T17:00:00,N,N4,103.0
2017-12-13T18:00:00,N,N4,103.0
2017-12-13T19:00:00,N,N4,113.00000000000004
2017-12-13T20:00:00,N,N4,118.00000000000004
2017-12-13T21:00:00,N,N4,110.99999999999996
2017-12-13T22:00:00,N,N4,106.99999999999996
2017-12-13T23:00:00,N,N4,98.00000000000004
2017-12-14T00:00:00,N,N4,85.00000000000001
2017-12-14T01:00:00,N,N4,79.99999999999997
2017-12-14T02:00:00,N,N4,83.99999999999999
2017-12-14T03:00:00,N,N4,82.00000000000001
2017-12-14T04:00:00,N,N4,79.99999999999997
2017-12-14T05:00:00,N,N4,81.00000000000003
2017-12-14T06:00:00,N,N4,82.00000000000001
2017-12-14T07:00:00,N,N4,85.99999999999997
2017-12-14T08:00:00,N,N4,98.00000000000004
2017-12-14T09:00:00,N,N4,104.0
2017-12-14T10:00:00,N,N4,108.99999999999996
2017-12-14T11:00:00,N,N4,122.99999999999994
2017-12-14T12:00:00,N,N4,117.00000000000004
2017-12-14T13:00:00,N,N4,119.99999999999996
2017-12-14T14:00:00,N,N4,125.00000000000004
2017-12-14T15:00:00,N,N4,117.00000000000004
2017-12-14T16:00:00,N,N4,113.00000000000004
2017-12-14T17:00:00,N,N4,114.00000000000004
2017-12-14T18:00:00,N,N4,108.00000000000004
2017-12-14T19:00:00,N,N4,101.99999999999996
2017-12-14T20:00:00,N,N4,113.00000000000004
2017-12-14T21:00:00,N,N4,103.0
2017-12-14T22:00:00,N,N4,94.0
2017-12-14T23:00:00,N,N4,83.99999999999999
2017-12-15T00:00:00,N,N4,76.0
2017-12-15T01:00:00,N,N4,76.0
2017-12-15T02:00:00,N,N4,76.0
2017-12-15T03:00:00,N,N4,72.99999999999999
2017-12-15T04:00:00,N,N4,74.99999999999997
2017-12-15T05:00:00,N,N4,74.99999999999997
2017-12-15T06:00:00,N,N4,78.0
2017-12-15T07:00:00,N,N4,82.00000000000001
2017-12-15T08:00:00,N,N4,98.00000000000004
2017-12-15T09:00:00,N,N4,101.99999999999996
2017-12-15T10:00:00,N,N4,105.99999999999996
2017-12-15T11:00:00,N,N4,122.99999999999994
2017-12-15T12:00:00,N,N4,121.00000000000004
2017-12-15T13:00:00,N,N4,126.0
2017-12-15T14:00:00,N,N4,131.99999999999997
2017-12-15T15:00:00,N,N4,116.0
2017-12-15T16:00:00,N,N4,117.00000000000004
2017-12-15T17:00:00,N,N4,116.0
2017-12-15T18:00:00,N,N4,113.00000000000004
2017-12-15T19:00:00,N,N4,115.0
2017-12-15T20:00:00,N,N4,130.99999999999994
2017-12-15T21:00:00,N,N4,126.0
2017-12-15T22:00:00,N,N4,119.99999999999996
2017-12-15T23:00:00,N,N4,110.00000000000004
2017-12-16T00:00:00,N,N4,100.00000000000004
2017-12-16T01:00:00,N,N4,94.0
2017-12-16T02:00:00,N,N4,90.0
2017-12-16T03:00:00,N,N4,85.00000000000001
2017-12-16T04:00:00,N,N4,83.00000000000003
2017-12-16T05:00:00,N,N4,83.00000000000003
2017-12-16T06:00:00,N,N4,82.00000000000001
2017-12-16T07:00:00,N,N4,85.99999999999997
2017-12-16T08:00:00,N,N4,98.00000000000004
2017-12-16T09:00:00,N,N4,101.99999999999996
2017-12-16T10:00:00,N,N4,108.00000000000004
2017-12-16T11:00:00,N,N4,118.00000000000004
2017-12-16T12:00:00,N,N4,114.00000000000004
2017-12-16T13:00:00,N,N4,117.00000000000004
2017-12-16T14:00:00,N,N4,116.0
2017-12-16T15:00:00,N,N4,111.99999999999996
2017-12-16T16:00:00,N,N4,108.99999999999996
2017-12-16T17:00:00,N,N4,100.00000000000004
2017-12-16T18:00:00,N,N4,104.0
2017-12-16T19:00:00,N,N4,108.99999999999996
2017-12-16T20:00:00,N,N4,127.0
2017-12-16T21:00:00,N,N4,127.99999999999996
2017-12-16T22:00:00,N,N4,117.00000000000004
2017-12-16T23:00:00,N,N4,106.99999999999996
2017-12-17T00:00:00,N,N4,101.99999999999996
2017-12-17T01:00:00,N,N4,101.00000000000004
2017-12-17T02:00:00,N,N4,98.00000000000004
2017-12-17T03:00:00,N,N4,95.0
2017-12-17T04:00:00,N,N4,90.0
2017-12-17T05:00:00,N,N4,88.00000000000003
2017-12-17T06:00:00,N,N4,88.00000000000003
2017-12-17T07:00:00,N,N4,88.00000000000003
2017-12-17T08:00:00,N,N4,96.6349622647276
2017-12-17T09:00:00,N,N4,100.352715131084
2017-12-17T10:00:00,N,N4,105.81736188431051
2017-12-17T11:00:00,N,N4,115.31269726372363
2017-12-17T12:00:00,N,N4,107.6727862768912
2017-12-17T13:00:00,N,N4,101.99999999999996
2017-12-17T14:00:00,N,N4,106.5985764091655
2017-12-17T15:00:00,N,N4,104.80945477989287
2017-12-17T16:00:00,N,N4,103.5961027330786
2017-12-17T17:00:00,N,N4,105.7123076893024
2017-12-17T18:00:00,N,N4,109.33092523476677
2017-12-17T19:00:00,N,N4,122.22108842591756
2017-12-17T20:00:00,N,N4,135.37414844456154
2017-12-17T21:00:00,N,N4,122.00000000000004
2017-12-17T22:00:00,N,N4,129.99999999999997
2017-12-17T23:00:00,N,N4,127.99999999999996
2017-12-18T00:00:00,N,N4,122.99999999999994
2017-12-18T01:00:00,N,N4,118.00000000000004
2017-12-18T02:00:00,N,N4,115.0
2017-12-18T03:00:00,N,N4,108.00000000000004
2017-12-18T04:00:00,N,N4,108.00000000000004
2017-12-18T05:00:00,N,N4,108.00000000000004
2017-12-18T06:00:00,N,N4,119.99999999999996
2017-12-18T07:00:00,N,N4,127.0
2017-12-18T08:00:00,N,N4,136.00000000000006
2017-12-18T09:00:00,N,N4,142.00000000000003
2017-12-18T10:00:00,N,N4,149.0
2017-12-18T11:00:00,N,N4,174.0
2017-12-18T12:00:00,N,N4,181.00000000000009
2017-12-18T13:00:00,N,N4,164.99999999999994
2017-12-18T14:00:00,N,N4,169.0
2017-12-18T15:00:00,N,N4,167.99999999999997
2017-12-18T16:00:00,N,N4,155.00000000000003
2017-12-18T17:00:00,N,N4,161.00000000000003
2017-12-18T18:00:00,N,N4,156.0
2017-12-18T19:00:00,N,N4,166.00000000000006
2017-12-18T20:00:00,N,N4,232.0
2017-12-18T21:00:00,N,N4,213.00000000000009
2017-12-18T22:00:00,N,N4,190.0
2017-12-18T23:00:00,N,N4,175.00000000000009
2017-12-19T00:00:00,N,N4,158.00000000000003
2017-12-19T01:00:00,N,N4,158.00000000000003
2017-12-19T02:00:00,N,N4,142.99999999999994
2017-12-19T03:00:00,N,N4,139.99999999999994
2017-12-19T04:00:00,N,N4,142.00000000000003
2017-12-19T05:00:00,N,N4,152.0
2017-12-19T06:00:00,N,N4,146.99999999999997
2017-12-19T07:00:00,N,N4,142.99999999999994
2017-12-19T08:00:00,N,N4,152.0
2017-12-19T09:00:00,N,N4,156.99999999999994
2017-12-19T10:00:00,N,N4,161.99999999999994
2017-12-19T11:00:00,N,N4,180.0
2017-12-19T12:00:00,N,N4,176.99999999999994
2017-12-19T13:00:00,N,N4,171.00000000000009
2017-12-19T14:00:00,N,N4,175.00000000000009
2017-12-19T15:00:00,N,N4,169.0
2017-12-19T16:00:00,N,N4,164.00000000000006
2017-12-19T17:00:00,N,N4,167.00000000000006
2017-12-19T18:00:00,N,N4,182.0
2017-12-19T19:00:00,N,N4,202.2863677260952
2017-12-19T20:00:00,N,N4,223.68352923639924
2017-12-19T21:00:00,N,N4,213.00000000000009
2017-12-19T22:00:00,N,N4,195.99999999999991
2017-12-19T23:00:00,N,N4,173.00000000000006
2017-12-20T00:00:00,N,N4,164.99999999999994
2017-12-20T01:00:00,N,N4,158.00000000000003
2017-12-20T02:00:00,N,N4,158.00000000000003
2017-12-20T03:00:00,N,N4,158.00000000000003
2017-12-20T04:00:00,N,N4,147.99999999999994
2017-12-20T05:00:00,N,N4,152.0
2017-12-20T06:00:00,N,N4,167.99999999999997
2017-12-20T07:00:00,N,N4,158.00000000000003
2017-12-20T08:00:00,N,N4,156.0
2017-12-20T09:00:00,N,N4,152.0
2017-12-20T10:00:00,N,N4,156.99999999999994
2017-12-20T11:00:00,N,N4,164.99999999999994
2017-12-20T12:00:00,N,N4,155.00000000000003
2017-12-20T13:00:00,N,N4,136.00000000000006
2017-12-20T14:00:00,N,N4,133.99999999999997
2017-12-20T15:00:00,N,N4,128.99999999999997
2017-12-20T16:00:00,N,N4,133.0
2017-12-20T17:00:00,N,N4,147.99999999999994
2017-12-20T18:00:00,N,N4,155.00000000000003
2017-12-20T19:00:00,N,N4,173.00000000000006
2017-12-20T20:00:00,N,N4,199.99999999999991
2017-12-20T21:00:00,N,N4,174.0
2017-12-20T22:00:00,N,N4,152.99999999999997
2017-12-20T23:00:00,N,N4,139.99999999999994
2017-12-21T00:00:00,N,N4,133.0
2017-12-21T01:00:00,N,N4,127.0
2017-12-21T02:00:00,N,N4,122.00000000000004
2017-12-21T03:00:00,N,N4,119.99999999999996
2017-12-21T04:00:00,N,N4,119.99999999999996
2017-12-21T05:00:00,N,N4,125.00000000000004
2017-12-21T06:00:00,N,N4,137.00000000000003
2017-12-21T07:00:00,N,N4,133.99999999999997
2017-12-21T08:00:00,N,N4,139.99999999999994
2017-12-21T09:00:00,N,N4,144.99999999999997
2017-12-21T10:00:00,N,N4,156.99999999999994
2017-12-21T11:00:00,N,N4,173.00000000000006
2017-12-21T12:00:00,N,N4,166.00000000000006
2017-12-21T13:00:00,N,N4,155.00000000000003
2017-12-21T14:00:00,N,N4,164.99999999999994
2017-12-21T15:00:00,N,N4,158.00000000000003
2017-12-21T16:00:00,N,N4,159.0
2017-12-21T17:00:00,N,N4,158.00000000000003
2017-12-21T18:00:00,N,N4,158.00000000000003
2017-12-21T19:00:00,N,N4,192.0
2017-12-21T20:00:00,N,N4,223.00000000000003
2017-12-21T21:00:00,N,N4,164.99999999999994
2017-12-21T22:00:00,N,N4,191.0
2017-12-21T23:00:00,N,N4,170.00000000000006
2017-12-22T00:00:00,N,N4,159.0
2017-12-22T01:00:00,N,N4,147.99999999999994
2017-12-22T02:00:00,N,N4,147.99999999999994
2017-12-22T03:00:00,N,N4,147.99999999999994
2017-12-22T04:00:00,N,N4,147.99999999999994
2017-12-22T05:00:00,N,N4,147.99999999999994
2017-12-22T06:00:00,N,N4,144.0
2017-12-22T07:00:00,N,N4,142.00000000000003
2017-12-22T08:00:00,N,N4,152.99999999999997
2017-12-22T09:00:00,N,N4,154.00000000000006
2017-12-22T10:00:00,N,N4,158.00000000000003
2017-12-22T11:00:00,N,N4,167.99999999999997
2017-12-22T12:00:00,N,N4,164.99999999999994
2017-12-22T13:00:00,N,N4,151.0
2017-12-22T14:00:00,N,N4,149.0
2017-12-22T15:00:00,N,N4,130.99999999999994
2017-12-22T16:00:00,N,N4,135.00000000000003
2017-12-22T17:00:00,N,N4,146.0
2017-12-22T18:00:00,N,N4,151.0
2017-12-22T19:00:00,N,N4,161.00000000000003
2017-12-22T20:00:00,N,N4,197.9999999999998
2017-12-22T21:00:00,N,N4,177.99999999999997
2017-12-22T22:00:00,N,N4,159.99999999999994
2017-12-22T23:00:00,N,N4,146.0
2017-12-23T00:00:00,N,N4,139.99999999999994
2017-12-23T01:00:00,N,N4,135.00000000000003
2017-12-23T02:00:00,N,N4,129.99999999999997
2017-12-23T03:00:00,N,N4,129.99999999999997
2017-12-23T04:00:00,N,N4,125.00000000000004
2017-12-23T05:00:00,N,N4,125.00000000000004
2017-12-23T06:00:00,N,N4,138.99999999999997
2017-12-23T07:00:00,N,N4,142.00000000000003
2017-12-23T08:00:00,N,N4,141.00000000000003
2017-12-23T09:00:00,N,N4,147.99999999999994
2017-12-23T10:00:00,N,N4,149.99999999999997
2017-12-23T11:00:00,N,N4,156.0
2017-12-23T12:00:00,N,N4,142.00000000000003
2017-12-23T13:00:00,N,N4,131.99999999999997
2017-12-23T14:00:00,N,N4,119.00000000000004
2017-12-23T15:00:00,N,N4,122.00000000000004
2017-12-23T16:00:00,N,N4,118.00000000000004
2017-12-23T17:00:00,N,N4,131.53606456364687
2017-12-23T18:00:00,N,N4,146.99999999999997
2017-12-23T19:00:00,N,N4,152.0
2017-12-23T20:00:00,N,N4,170.00000000000006
2017-12-23T21:00:00,N,N4,164.99999999999994
2017-12-23T22:00:00,N,N4,144.99999999999997
2017-12-23T23:00:00,N,N4,135.00000000000003
2017-12-24T00:00:00,N,N4,125.00000000000004
2017-12-24T01:00:00,N,N4,119.00000000000004
2017-12-24T02:00:00,N,N4,115.0
2017-12-24T03:00:00,N,N4,110.00000000000004
2017-12-24T04:00:00,N,N4,108.00000000000004
2017-12-24T05:00:00,N,N4,108.00000000000004
2017-12-24T06:00:00,N,N4,118.00000000000004
2017-12-24T07:00:00,N,N4,122.00000000000004
2017-12-24T08:00:00,N,N4,127.99999999999996
2017-12-24T09:00:00,N,N4,127.99999999999996
2017-12-24T10:00:00,N,N4,137.00000000000003
2017-12-24T11:00:00,N,N4,151.0
2017-12-24T12:00:00,N,N4,146.0
2017-12-24T13:00:00,N,N4,129.99999999999997
2017-12-24T14:00:00,N,N4,125.00000000000004
2017-12-24T15:00:00,N,N4,125.00000000000004
2017-12-24T16:00:00,N,N4,129.99999999999997
2017-12-24T17:00:00,N,N4,152.0
2017-12-24T18:00:00,N,N4,155.00000000000003
2017-12-24T19:00:00,N,N4,149.99999999999997
2017-12-24T20:00:00,N,N4,190.0
2017-12-24T21:00:00,N,N4,176.99999999999994
2017-12-24T22:00:00,N,N4,144.0
2017-12-24T23:00:00,N,N4,131.99999999999997
2017-12-25T00:00:00,N,N4,122.00000000000004
2017-12-25T01:00:00,N,N4,106.99999999999996
2017-12-25T02:00:00,N,N4,106.99999999999996
2017-12-25T03:00:00,N,N4,102.00000000000004
2017-12-25T04:00:00,N,N4,101.99999999999996
2017-12-25T05:00:00,N,N4,101.99999999999996
2017-12-25T06:00:00,N,N4,102.00000000000004
2017-12-25T07:00:00,N,N4,102.00000000000004
2017-12-25T08:00:00,N,N4,105.99999999999996
2017-12-25T09:00:00,N,N4,110.99999999999996
2017-12-25T10:00:00,N,N4,117.00000000000004
2017-12-25T11:00:00,N,N4,122.00000000000004
2017-12-25T12:00:00,N,N4,122.00000000000004
2017-12-25T13:00:00,N,N4,111.99999999999996
2017-12-25T14:00:00,N,N4,111.99999999999996
2017-12-25T15:00:00,N,N4,105.99999999999996
2017-12-25T16:00:00,N,N4,105.99999999999996
2017-12-25T17:00:00,N,N4,111.99999999999996
2017-12-25T18:00:00,N,N4,119.99999999999996
2017-12-25T19:00:00,N,N4,137.00000000000003
2017-12-25T20:00:00,N,N4,184.99999999999991
2017-12-25T21:00:00,N,N4,177.99999999999997
2017-12-25T22:00:00,N,N4,164.99999999999994
2017-12-25T23:00:00,N,N4,144.0
2017-12-26T00:00:00,N,N4,133.0
2017-12-26T01:00:00,N,N4,122.99999999999994
2017-12-26T02:00:00,N,N4,122.99999999999994
2017-12-26T03:00:00,N,N4,122.99999999999994
2017-12-26T04:00:00,N,N4,122.99999999999994
2017-12-26T05:00:00,N,N4,122.99999999999994
2017-12-26T06:00:00,N,N4,124.00000000000004
2017-12-26T07:00:00,N,N4,129.99999999999997
2017-12-26T08:00:00,N,N4,133.99999999999997
2017-12-26T09:00:00,N,N4,138.00000000000006
2017-12-26T10:00:00,N,N4,149.99999999999997
2017-12-26T11:00:00,N,N4,164.99999999999994
2017-12-26T12:00:00,N,N4,156.99999999999994
2017-12-26T13:00:00,N,N4,133.99999999999997
2017-12-26T14:00:00,N,N4,125.00000000000004
2017-12-26T15:00:00,N,N4,125.00000000000004
2017-12-26T16:00:00,N,N4,125.00000000000004
2017-12-26T17:00:00,N,N4,129.99999999999997
2017-12-26T18:00:00,N,N4,149.0
2017-12-26T19:00:00,N,N4,152.0
2017-12-26T20:00:00,N,N4,187.00000000000003
2017-12-26T21:00:00,N,N4,161.00000000000003
2017-12-26T22:00:00,N,N4,149.99999999999997
2017-12-26T23:00:00,N,N4,133.99999999999997
2017-12-27T00:00:00,N,N4,124.00000000000004
2017-12-27T01:00:00,N,N4,124.00000000000004
2017-12-27T02:00:00,N,N4,118.00000000000004
2017-12-27T03:00:00,N,N4,118.00000000000004
2017-12-27T04:00:00,N,N4,118.00000000000004
2017-12-27T05:00:00,N,N4,118.00000000000004
2017-12-27T06:00:00,N,N4,126.0
2017-12-27T07:00:00,N,N4,126.0
2017-12-27T08:00:00,N,N4,125.00000000000004
2017-12-27T09:00:00,N,N4,133.99999999999997
2017-12-27T10:00:00,N,N4,135.00000000000003
2017-12-27T11:00:00,N,N4,147.99999999999994
2017-12-27T12:00:00,N,N4,142.99999999999994
2017-12-27T13:00:00,N,N4,116.0
2017-12-27T14:00:00,N,N4,119.99999999999996
2017-12-27T15:00:00,N,N4,115.0
2017-12-27T16:00:00,N,N4,119.99999999999996
2017-12-27T17:00:00,N,N4,136.00000000000006
2017-12-27T18:00:00,N,N4,142.00000000000003
2017-12-27T19:00:00,N,N4,147.99999999999994
2017-12-27T20:00:00,N,N4,208.0
2017-12-27T21:00:00,N,N4,199.0
2017-12-27T22:00:00,N,N4,175.99999999999991
2017-12-27T23:00:00,N,N4,149.99999999999997
2017-12-28T00:00:00,N,N4,139.99999999999994
2017-12-28T01:00:00,N,N4,129.99999999999997
2017-12-28T02:00:00,N,N4,125.00000000000004
2017-12-28T03:00:00,N,N4,119.99999999999996
2017-12-28T04:00:00,N,N4,119.99999999999996
2017-12-28T05:00:00,N,N4,119.99999999999996
2017-12-28T06:00:00,N,N4,125.00000000000004
2017-12-28T07:00:00,N,N4,131.99999999999997
2017-12-28T08:00:00,N,N4,142.99999999999994
2017-12-28T09:00:00,N,N4,144.0
2017-12-28T10:00:00,N,N4,149.99999999999997
2017-12-28T11:00:00,N,N4,164.99999999999994
2017-12-28T12:00:00,N,N4,166.00000000000006
2017-12-28T13:00:00,N,N4,149.0
2017-12-28T14:00:00,N,N4,163.0
2017-12-28T15:00:00,N,N4,149.0
2017-12-28T16:00:00,N,N4,144.99999999999997
2017-12-28T17:00:00,N,N4,149.99999999999997
2017-12-28T18:00:00,N,N4,161.00000000000003
2017-12-28T19:00:00,N,N4,164.99999999999994
2017-12-28T20:00:00,N,N4,219.00000000000003
2017-12-28T21:00:00,N,N4,208.0
2017-12-28T22:00:00,N,N4,180.0
2017-12-28T23:00:00,N,N4,163.0
2017-12-29T00:00:00,N,N4,152.99999999999997
2017-12-29T01:00:00,N,N4,142.99999999999994
2017-12-29T02:00:00,N,N4,137.00000000000003
2017-12-29T03:00:00,N,N4,135.00000000000003
2017-12-29T04:00:00,N,N4,133.0
2017-12-29T05:00:00,N,N4,133.0
2017-12-29T06:00:00,N,N4,126.0
2017-12-29T07:00:00,N,N4,127.99999999999996
2017-12-29T08:00:00,N,N4,135.00000000000003
2017-12-29T09:00:00,N,N4,137.00000000000003
2017-12-29T10:00:00,N,N4,137.00000000000003
2017-12-29T11:00:00,N,N4,146.0
2017-12-29T12:00:00,N,N4,139.99999999999994
2017-12-29T13:00:00,N,N4,146.0
2017-12-29T14:00:00,N,N4,139.99999999999994
2017-12-29T15:00:00,N,N4,137.00000000000003
2017-12-29T16:00:00,N,N4,137.00000000000003
2017-12-29T17:00:00,N,N4,142.99999999999994
2017-12-29T18:00:00,N,N4,142.00000000000003
2017-12-29T19:00:00,N,N4,175.00000000000009
2017-12-29T20:00:00,N,N4,189.00000000000003
2017-12-29T21:00:00,N,N4,179.0
2017-12-29T22:00:00,N,N4,159.99999999999994
2017-12-29T23:00:00,N,N4,138.99999999999997
2017-12-30T00:00:00,N,N4,128.99999999999997
2017-12-30T01:00:00,N,N4,100.00000000000004
2017-12-30T02:00:00,N,N4,100.00000000000004
2017-12-30T03:00:00,N,N4,100.00000000000004
2017-12-30T04:00:00,N,N4,100.00000000000004
2017-12-30T05:00:00,N,N4,100.00000000000004
2017-12-30T06:00:00,N,N4,104.99999999999996
2017-12-30T07:00:00,N,N4,104.99999999999996
2017-12-30T08:00:00,N,N4,111.99999999999996
2017-12-30T09:00:00,N,N4,111.99999999999996
2017-12-30T10:00:00,N,N4,147.99999999999994
2017-12-30T11:00:00,N,N4,163.0
2017-12-30T12:00:00,N,N4,163.0
2017-12-30T13:00:00,N,N4,151.0
2017-12-30T14:00:00,N,N4,146.99999999999997
2017-12-30T15:00:00,N,N4,141.00000000000003
2017-12-30T16:00:00,N,N4,136.00000000000006
2017-12-30T17:00:00,N,N4,136.00000000000006
2017-12-30T18:00:00,N,N4,141.00000000000003
2017-12-30T19:00:00,N,N4,152.99999999999997
2017-12-30T20:00:00,N,N4,198.0
2017-12-30T21:00:00,N,N4,193.0
2017-12-30T22:00:00,N,N4,187.00000000000003
2017-12-30T23:00:00,N,N4,167.00000000000006
2017-12-31T00:00:00,N,N4,152.0
2017-12-31T01:00:00,N,N4,152.0
2017-12-31T02:00:00,N,N4,136.00000000000006
2017-12-31T03:00:00,N,N4,136.00000000000006
2017-12-31T04:00:00,N,N4,127.0
2017-12-31T05:00:00,N,N4,127.0
2017-12-31T06:00:00,N,N4,127.0
2017-12-31T07:00:00,N,N4,127.0
2017-12-31T08:00:00,N,N4,138.99999999999997
2017-12-31T09:00:00,N,N4,138.99999999999997
2017-12-31T10:00:00,N,N4,144.99999999999997
2017-12-31T11:00:00,N,N4,156.99999999999994
2017-12-31T12:00:00,N,N4,161.99999999999994
2017-12-31T13:00:00,N,N4,156.0
2017-12-31T14:00:00,N,N4,156.0
2017-12-31T15:00:00,N,N4,147.99999999999994
2017-12-31T16:00:00,N,N4,147.99999999999994
2017-12-31T17:00:00,N,N4,146.99999999999997
2017-12-31T18:00:00,N,N4,161.00000000000003
2017-12-31T19:00:00,N,N4,175.99999999999991
2017-12-31T20:00:00,N,N4,214.99999999999991
2017-12-31T21:00:00,N,N4,197.04874556041904
2017-12-31T22:00:00,N,N4,181.87227783865987
2017-12-31T23:00:00,N,N4,167.99999999999997
2018-01-01T00:00:00,N,N4,159.0
2018-01-01T01:00:00,N,N4,154.00000000000006
2018-01-01T02:00:00,N,N4,147.99999999999994
2018-01-01T03:00:00,N,N4,147.99999999999994
2018-01-01T04:00:00,N,N4,142.99999999999994
2018-01-01T05:00:00,N,N4,142.99999999999994
2018-01-01T06:00:00,N,N4,133.0
2018-01-01T07:00:00,N,N4,133.0
2018-01-01T08:00:00,N,N4,133.0
2018-01-01T09:00:00,N,N4,133.0
2018-01-01T10:00:00,N,N4,144.0
2018-01-01T11:00:00,N,N4,139.99999999999994
2018-01-01T12:00:00,N,N4,139.99999999999994
2018-01-01T13:00:00,N,N4,127.99999999999996
2018-01-01T14:00:00,N,N4,126.0
2018-01-01T15:00:00,N,N4,115.0
2018-01-01T16:00:00,N,N4,115.0
2018-01-01T17:00:00,N,N4,126.0
2018-01-01T18:00:00,N,N4,142.00000000000003
2018-01-01T19:00:00,N,N4,155.00000000000003
2018-01-01T20:00:00,N,N4,159.99999999999994
2018-01-01T21:00:00,N,N4,154.00000000000006
2018-01-01T22:00:00,N,N4,144.0
2018-01-01T23:00:00,N,N4,137.00000000000003
2018-01-02T00:00:00,N,N4,127.99999999999996
2018-01-02T01:00:00,N,N4,124.00000000000004
2018-01-02T02:00:00,N,N4,119.99999999999996
2018-01-02T03:00:00,N,N4,119.99999999999996
2018-01-02T04:00:00,N,N4,115.0
2018-01-02T05:00:00,N,N4,119.99999999999996
2018-01-02T06:00:00,N,N4,124.00000000000004
2018-01-02T07:00:00,N,N4,128.99999999999997
2018-01-02T08:00:00,N,N4,133.0
2018-01-02T09:00:00,N,N4,142.99999999999994
2018-01-02T10:00:00,N,N4,149.0
2018-01-02T11:00:00,N,N4,151.0
2018-01-02T12:00:00,N,N4,141.00000000000003
2018-01-02T13:00:00,N,N4,130.99999999999994
2018-01-02T14:00:00,N,N4,129.99999999999997
2018-01-02T15:00:00,N,N4,129.99999999999997
2018-01-02T16:00:00,N,N4,133.0
2018-01-02T17:00:00,N,N4,138.00000000000006
2018-01-02T18:00:00,N,N4,144.99999999999997
2018-01-02T19:00:00,N,N4,149.99999999999997
2018-01-02T20:00:00,N,N4,207.0
2018-01-02T21:00:00,N,N4,195.99999999999991
2018-01-02T22:00:00,N,N4,171.00000000000009
2018-01-02T23:00:00,N,N4,146.0
2018-01-03T00:00:00,N,N4,133.99999999999997
2018-01-03T01:00:00,N,N4,124.00000000000004
2018-01-03T02:00:00,N,N4,122.00000000000004
2018-01-03T03:00:00,N,N4,122.00000000000004
2018-01-03T04:00:00,N,N4,122.00000000000004
2018-01-03T05:00:00,N,N4,122.00000000000004
2018-01-03T06:00:00,N,N4,119.00000000000004
2018-01-03T07:00:00,N,N4,121.00000000000004
2018-01-03T08:00:00,N,N4,131.99999999999997
2018-01-03T09:00:00,N,N4,138.00000000000006
2018-01-03T10:00:00,N,N4,151.0
2018-01-03T11:00:00,N,N4,158.00000000000003
2018-01-03T12:00:00,N,N4,149.99999999999997
2018-01-03T13:00:00,N,N4,138.00000000000006
2018-01-03T14:00:00,N,N4,138.99999999999997
2018-01-03T15:00:00,N,N4,138.99999999999997
2018-01-03T16:00:00,N,N4,138.99999999999997
2018-01-03T17:00:00,N,N4,144.0
2018-01-03T18:00:00,N,N4,144.0
2018-01-03T19:00:00,N,N4,154.00000000000006
2018-01-03T20:00:00,N,N4,214.99999999999991
2018-01-03T21:00:00,N,N4,201.0
2018-01-03T22:00:00,N,N4,171.00000000000009
2018-01-03T23:00:00,N,N4,149.99999999999997
2018-01-04T00:00:00,N,N4,128.99999999999997
2018-01-04T01:00:00,N,N4,121.00000000000004
2018-01-04T02:00:00,N,N4,116.0
2018-01-04T03:00:00,N,N4,116.0
2018-01-04T04:00:00,N,N4,116.0
2018-01-04T05:00:00,N,N4,116.0
2018-01-04T06:00:00,N,N4,122.99999999999994
2018-01-04T07:00:00,N,N4,119.99999999999996
2018-01-04T08:00:00,N,N4,128.99999999999997
2018-01-04T09:00:00,N,N4,138.00000000000006
2018-01-04T10:00:00,N,N4,149.99999999999997
2018-01-04T11:00:00,N,N4,164.99999999999994
2018-01-04T12:00:00,N,N4,159.0
2018-01-04T13:00:00,N,N4,149.99999999999997
2018-01-04T14:00:00,N,N4,152.0
2018-01-04T15:00:00,N,N4,151.0
2018-01-04T16:00:00,N,N4,149.0
2018-01-04T17:00:00,N,N4,155.00000000000003
2018-01-04T18:00:00,N,N4,155.00000000000003
2018-01-04T19:00:00,N,N4,159.0
2018-01-04T20:00:00,N,N4,210.0
2018-01-04T21:00:00,N,N4,199.99999999999991
2018-01-04T22:00:00,N,N4,176.99999999999994
2018-01-04T23:00:00,N,N4,154.00000000000006
2018-01-05T00:00:00,N,N4,138.00000000000006
2018-01-05T01:00:00,N,N4,133.0
2018-01-05T02:00:00,N,N4,118.00000000000004
2018-01-05T03:00:00,N,N4,118.00000000000004
2018-01-05T04:00:00,N,N4,118.00000000000004
2018-01-05T05:00:00,N,N4,118.00000000000004
2018-01-05T06:00:00,N,N4,131.99999999999997
2018-01-05T07:00:00,N,N4,129.99999999999997
2018-01-05T08:00:00,N,N4,135.00000000000003
2018-01-05T09:00:00,N,N4,144.99999999999997
2018-01-05T10:00:00,N,N4,159.0
2018-01-05T11:00:00,N,N4,175.00000000000009
2018-01-05T12:00:00,N,N4,161.99999999999994
2018-01-05T13:00:00,N,N4,159.0
2018-01-05T14:00:00,N,N4,164.99999999999994
2018-01-05T15:00:00,N,N4,161.00000000000003
2018-01-05T16:00:00,N,N4,159.99999999999994
2018-01-05T17:00:00,N,N4,158.00000000000003
2018-01-05T18:00:00,N,N4,158.00000000000003
2018-01-05T19:00:00,N,N4,163.0
2018-01-05T20:00:00,N,N4,214.99999999999991
2018-01-05T21:00:00,N,N4,198.7919435066452
2018-01-05T22:00:00,N,N4,185.37260091348125
2018-01-05T23:00:00,N,N4,173.00000000000006
2018-01-06T00:00:00,N,N4,158.00000000000003
2018-01-06T01:00:00,N,N4,152.99999999999997
2018-01-06T02:00:00,N,N4,144.0
2018-01-06T03:00:00,N,N4,141.00000000000003
2018-01-06T04:00:00,N,N4,141.00000000000003
2018-01-06T05:00:00,N,N4,141.00000000000003
2018-01-06T06:00:00,N,N4,138.99999999999997
2018-01-06T07:00:00,N,N4,149.0
2018-01-06T08:00:00,N,N4,159.99999999999994
2018-01-06T09:00:00,N,N4,152.99999999999997
2018-01-06T10:00:00,N,N4,146.0
2018-01-06T11:00:00,N,N4,146.99999999999997
2018-01-06T12:00:00,N,N4,137.00000000000003
2018-01-06T13:00:00,N,N4,104.99999999999996
2018-01-06T14:00:00,N,N4,100.00000000000004
2018-01-06T15:00:00,N,N4,117.00000000000004
2018-01-06T16:00:00,N,N4,115.0
2018-01-06T17:00:00,N,N4,115.0
2018-01-06T18:00:00,N,N4,121.00000000000004
2018-01-06T19:00:00,N,N4,133.99999999999997
2018-01-06T20:00:00,N,N4,173.00000000000006
2018-01-06T21:00:00,N,N4,149.99999999999997
2018-01-06T22:00:00,N,N4,133.99999999999997
2018-01-06T23:00:00,N,N4,117.00000000000004
2018-01-07T00:00:00,N,N4,110.99999999999996
2018-01-07T01:00:00,N,N4,105.99999999999996
2018-01-07T02:00:00,N,N4,105.99999999999996
2018-01-07T03:00:00,N,N4,105.99999999999996
2018-01-07T04:00:00,N,N4,105.99999999999996
2018-01-07T05:00:00,N,N4,105.99999999999996
2018-01-07T06:00:00,N,N4,101.00000000000004
2018-01-07T07:00:00,N,N4,106.99999999999996
2018-01-07T08:00:00,N,N4,113.00000000000004
2018-01-07T09:00:00,N,N4,113.00000000000004
2018-01-07T10:00:00,N,N4,129.99999999999997
2018-01-07T11:00:00,N,N4,139.99999999999994
2018-01-07T12:00:00,N,N4,135.00000000000003
2018-01-07T13:00:00,N,N4,125.00000000000004
2018-01-07T14:00:00,N,N4,129.99999999999997
2018-01-07T15:00:00,N,N4,129.99999999999997
2018-01-07T16:00:00,N,N4,119.99999999999996
2018-01-07T17:00:00,N,N4,119.99999999999996
2018-01-07T18:00:00,N,N4,125.00000000000004
2018-01-07T19:00:00,N,N4,149.99999999999997
2018-01-07T20:00:00,N,N4,197.0
2018-01-07T21:00:00,N,N4,182.0
2018-01-07T22:00:00,N,N4,164.99999999999994
2018-01-07T23:00:00,N,N4,142.99999999999994
2018-01-08T00:00:00,N,N4,137.00000000000003
2018-01-08T01:00:00,N,N4,127.0
2018-01-08T02:00:00,N,N4,127.0
2018-01-08T03:00:00,N,N4,119.99999999999996
2018-01-08T04:00:00,N,N4,119.99999999999996
2018-01-08T05:00:00,N,N4,121.00000000000004
2018-01-08T06:00:00,N,N4,131.99999999999997
2018-01-08T07:00:00,N,N4,127.99999999999996
2018-01-08T08:00:00,N,N4,128.99999999999997
2018-01-08T09:00:00,N,N4,129.99999999999997
2018-01-08T10:00:00,N,N4,142.00000000000003
2018-01-08T11:00:00,N,N4,149.0
2018-01-08T12:00:00,N,N4,129.99999999999997
2018-01-08T13:00:00,N,N4,125.00000000000004
2018-01-08T14:00:00,N,N4,136.00000000000006
2018-01-08T15:00:00,N,N4,135.00000000000003
2018-01-08T16:00:00,N,N4,129.99999999999997
2018-01-08T17:00:00,N,N4,135.00000000000003
2018-01-08T18:00:00,N,N4,135.00000000000003
2018-01-08T19:00:00,N,N4,141.00000000000003
2018-01-08T20:00:00,N,N4,188.0
2018-01-08T21:00:00,N,N4,170.00000000000006
2018-01-08T22:00:00,N,N4,156.0
2018-01-08T23:00:00,N,N4,136.00000000000006
2018-01-09T00:00:00,N,N4,126.0
2018-01-09T01:00:00,N,N4,116.0
2018-01-09T02:00:00,N,N4,116.0
2018-01-09T03:00:00,N,N4,110.99999999999996
2018-01-09T04:00:00,N,N4,108.99999999999989
2018-01-09T05:00:00,N,N4,108.99999999999996
2018-01-09T06:00:00,N,N4,114.00000000000004
2018-01-09T07:00:00,N,N4,114.00000000000004
2018-01-09T08:00:00,N,N4,126.0
2018-01-09T09:00:00,N,N4,131.99999999999997
2018-01-09T10:00:00,N,N4,141.00000000000003
2018-01-09T11:00:00,N,N4,152.0
2018-01-09T12:00:00,N,N4,138.99999999999997
2018-01-09T13:00:00,N,N4,127.99999999999996
2018-01-09T14:00:00,N,N4,129.99999999999997
2018-01-09T15:00:00,N,N4,129.99999999999997
2018-01-09T16:00:00,N,N4,133.0
2018-01-09T17:00:00,N,N4,129.99999999999997
2018-01-09T18:00:00,N,N4,135.00000000000003
2018-01-09T19:00:00,N,N4,144.99999999999997
2018-01-09T20:00:00,N,N4,181.00000000000009
2018-01-09T21:00:00,N,N4,161.99999999999994
2018-01-09T22:00:00,N,N4,142.99999999999994
2018-01-09T23:00:00,N,N4,122.99999999999994
2018-01-10T00:00:00,N,N4,114.00000000000004
2018-01-10T01:00:00,N,N4,108.99999999999989
2018-01-10T02:00:00,N,N4,108.00000000000004
2018-01-10T03:00:00,N,N4,108.00000000000004
2018-01-10T04:00:00,N,N4,105.99999999999996
2018-01-10T05:00:00,N,N4,105.99999999999996
2018-01-10T06:00:00,N,N4,117.00000000000004
2018-01-10T07:00:00,N,N4,118.00000000000004
2018-01-10T08:00:00,N,N4,128.99999999999997
2018-01-10T09:00:00,N,N4,124.00000000000004
2018-01-10T10:00:00,N,N4,129.99999999999997
2018-01-10T11:00:00,N,N4,139.99999999999994
2018-01-10T12:00:00,N,N4,127.0
2018-01-10T13:00:00,N,N4,126.0
2018-01-10T14:00:00,N,N4,119.99999999999996
2018-01-10T15:00:00,N,N4,121.00000000000004
2018-01-10T16:00:00,N,N4,122.00000000000004
2018-01-10T17:00:00,N,N4,131.99999999999997
2018-01-10T18:00:00,N,N4,131.99999999999997
2018-01-10T19:00:00,N,N4,151.0
2018-01-10T20:00:00,N,N4,171.00000000000009
2018-01-10T21:00:00,N,N4,161.00000000000003
2018-01-10T22:00:00,N,N4,135.00000000000003
2018-01-10T23:00:00,N,N4,122.00000000000004
2018-01-11T00:00:00,N,N4,110.99999999999996
2018-01-11T01:00:00,N,N4,104.99999999999996
2018-01-11T02:00:00,N,N4,104.99999999999996
2018-01-11T03:00:00,N,N4,104.99999999999996
2018-01-11T04:00:00,N,N4,104.99999999999996
2018-01-11T05:00:00,N,N4,104.99999999999996
2018-01-11T06:00:00,N,N4,106.99999999999996
2018-01-11T07:00:00,N,N4,111.99999999999996
2018-01-11T08:00:00,N,N4,118.00000000000004
2018-01-11T09:00:00,N,N4,124.00000000000004
2018-01-11T10:00:00,N,N4,127.0
2018-01-11T11:00:00,N,N4,142.00000000000003
2018-01-11T12:00:00,N,N4,130.99999999999994
2018-01-11T13:00:00,N,N4,121.00000000000004
2018-01-11T14:00:00,N,N4,119.00000000000004
2018-01-11T15:00:00,N,N4,114.00000000000004
2018-01-11T16:00:00,N,N4,113.00000000000004
2018-01-11T17:00:00,N,N4,124.00000000000004
2018-01-11T18:00:00,N,N4,130.99999999999994
2018-01-11T19:00:00,N,N4,135.00000000000003
2018-01-11T20:00:00,N,N4,164.99999999999994
2018-01-11T21:00:00,N,N4,133.99999999999997
2018-01-11T22:00:00,N,N4,128.99999999999997
2018-01-11T23:00:00,N,N4,113.00000000000004
2018-01-12T00:00:00,N,N4,106.99999999999996
2018-01-12T01:00:00,N,N4,101.00000000000004
2018-01-12T02:00:00,N,N4,96.0
2018-01-12T03:00:00,N,N4,96.0
2018-01-12T04:00:00,N,N4,96.0
2018-01-12T05:00:00,N,N4,96.0
2018-01-12T06:00:00,N,N4,103.0
2018-01-12T07:00:00,N,N4,108.99999999999996
2018-01-12T08:00:00,N,N4,121.00000000000004
2018-01-12T09:00:00,N,N4,126.0
2018-01-12T10:00:00,N,N4,131.99999999999997
2018-01-12T11:00:00,N,N4,149.0
2018-01-12T12:00:00,N,N4,137.00000000000003
2018-01-12T13:00:00,N,N4,118.00000000000004
2018-01-12T14:00:00,N,N4,119.99999999999996
2018-01-12T15:00:00,N,N4,116.0
2018-01-12T16:00:00,N,N4,116.0
2018-01-12T17:00:00,N,N4,118.00000000000004
2018-01-12T18:00:00,N,N4,119.00000000000004
2018-01-12T19:00:00,N,N4,149.0
2018-01-12T20:00:00,N,N4,164.00000000000006
2018-01-12T21:00:00,N,N4,154.00000000000006
2018-01-12T22:00:00,N,N4,131.99999999999997
2018-01-12T23:00:00,N,N4,119.00000000000004
2018-01-13T00:00:00,N,N4,111.99999999999996
2018-01-13T01:00:00,N,N4,105.99999999999996
2018-01-13T02:00:00,N,N4,102.00000000000004
2018-01-13T03:00:00,N,N4,101.99999999999996
2018-01-13T04:00:00,N,N4,101.99999999999996
2018-01-13T05:00:00,N,N4,101.99999999999996
2018-01-13T06:00:00,N,N4,101.99999999999996
2018-01-13T07:00:00,N,N4,101.99999999999996
2018-01-13T08:00:00,N,N4,116.0
2018-01-13T09:00:00,N,N4,119.00000000000004
2018-01-13T10:00:00,N,N4,119.00000000000004
2018-01-13T11:00:00,N,N4,127.0
2018-01-13T12:00:00,N,N4,125.00000000000004
2018-01-13T13:00:00,N,N4,113.00000000000004
2018-01-13T14:00:00,N,N4,108.00000000000004
2018-01-13T15:00:00,N,N4,104.0
2018-01-13T16:00:00,N,N4,105.99999999999996
2018-01-13T17:00:00,N,N4,105.99999999999996
2018-01-13T18:00:00,N,N4,115.0
2018-01-13T19:00:00,N,N4,136.00000000000006
2018-01-13T20:00:00,N,N4,155.00000000000003
2018-01-13T21:00:00,N,N4,125.00000000000004
2018-01-13T22:00:00,N,N4,115.0
2018-01-13T23:00:00,N,N4,106.99999999999996
2018-01-14T00:00:00,N,N4,96.0
2018-01-14T01:00:00,N,N4,107.08333333333331
2018-01-14T02:00:00,N,N4,101.08333333333331
2018-01-14T03:00:00,N,N4,99.66666666666669
2018-01-14T04:00:00,N,N4,97.25
2018-01-14T05:00:00,N,N4,97.08333333333331
2018-01-14T06:00:00,N,N4,97.47356555600555
2018-01-14T07:00:00,N,N4,59.86065893265812
2018-01-14T08:00:00,N,N4,69.00000000000001
2018-01-14T09:00:00,N,N4,110.27939292759034
2018-01-14T10:00:00,N,N4,79.99999999999997
2018-01-14T11:00:00,N,N4,83.00000000000003
2018-01-14T12:00:00,N,N4,76.0
2018-01-14T13:00:00,N,N4,72.0
2018-01-14T14:00:00,N,N4,75.10916264872436
2018-01-14T15:00:00,N,N4,72.60027852318328
2018-01-14T16:00:00,N,N4,70.58502057509976
2018-01-14T17:00:00,N,N4,72.79429675376475
2018-01-14T18:00:00,N,N4,76.03361506314545
2018-01-14T19:00:00,N,N4,87.00803378090266
2018-01-14T20:00:00,N,N4,101.2277960568121
2018-01-14T21:00:00,N,N4,88.30884488385415
2018-01-14T22:00:00,N,N4,78.0
2018-01-14T23:00:00,N,N4,72.0
2018-01-15T00:00:00,N,N4,66.99999999999997
2018-01-15T01:00:00,N,N4,66.99999999999997
2018-01-15T02:00:00,N,N4,62.00000000000001
2018-01-15T03:00:00,N,N4,62.00000000000001
2018-01-15T04:00:00,N,N4,57.99999999999999
2018-01-15T05:00:00,N,N4,59.99999999999999
2018-01-15T06:00:00,N,N4,70.00000000000003
2018-01-15T07:00:00,N,N4,72.0
2018-01-15T08:00:00,N,N4,85.99999999999997
2018-01-15T09:00:00,N,N4,88.99999999999999
2018-01-15T10:00:00,N,N4,87.0
2018-01-15T11:00:00,N,N4,96.0
2018-01-15T12:00:00,N,N4,90.0
2018-01-15T13:00:00,N,N4,83.99999999999999
2018-01-15T14:00:00,N,N4,90.99999999999996
2018-01-15T15:00:00,N,N4,92.0
2018-01-15T16:00:00,N,N4,88.99999999999999
2018-01-15T17:00:00,N,N4,88.99999999999999
2018-01-15T18:00:00,N,N4,93.00000000000004
2018-01-15T19:00:00,N,N4,93.00000000000004
2018-01-15T20:00:00,N,N4,105.99999999999996
2018-01-15T21:00:00,N,N4,94.0
2018-01-15T22:00:00,N,N4,82.00000000000001
2018-01-15T23:00:00,N,N4,72.0
2018-01-16T00:00:00,N,N4,64.99999999999999
2018-01-16T01:00:00,N,N4,64.99999999999999
2018-01-16T02:00:00,N,N4,62.00000000000001
2018-01-16T03:00:00,N,N4,59.99999999999999
2018-01-16T04:00:00,N,N4,59.99999999999999
2018-01-16T05:00:00,N,N4,59.99999999999999
2018-01-16T06:00:00,N,N4,64.99999999999999
2018-01-16T07:00:00,N,N4,71.0
2018-01-16T08:00:00,N,N4,77.00000000000001
2018-01-16T09:00:00,N,N4,79.99999999999997
2018-01-16T10:00:00,N,N4,92.0
2018-01-16T11:00:00,N,N4,101.00000000000004
2018-01-16T12:00:00,N,N4,94.0
2018-01-16T13:00:00,N,N4,90.99999999999996
2018-01-16T14:00:00,N,N4,104.0
2018-01-16T15:00:00,N,N4,101.99999999999996
2018-01-16T16:00:00,N,N4,96.0
2018-01-16T17:00:00,N,N4,100.00000000000004
2018-01-16T18:00:00,N,N4,97.0
2018-01-16T19:00:00,N,N4,106.99999999999996
2018-01-16T20:00:00,N,N4,106.99999999999996
2018-01-16T21:00:00,N,N4,108.99999999999989
2018-01-16T22:00:00,N,N4,98.00000000000004
2018-01-16T23:00:00,N,N4,87.0
2018-01-17T00:00:00,N,N4,79.99999999999997
2018-01-17T01:00:00,N,N4,74.99999999999997
2018-01-17T02:00:00,N,N4,74.00000000000003
2018-01-17T03:00:00,N,N4,74.00000000000003
2018-01-17T04:00:00,N,N4,68.00000000000001
2018-01-17T05:00:00,N,N4,69.00000000000001
2018-01-17T06:00:00,N,N4,74.99999999999997
2018-01-17T07:00:00,N,N4,74.99999999999997
2018-01-17T08:00:00,N,N4,88.00000000000003
2018-01-17T09:00:00,N,N4,88.99999999999999
2018-01-17T10:00:00,N,N4,98.00000000000004
2018-01-17T11:00:00,N,N4,110.00000000000004
2018-01-17T12:00:00,N,N4,108.00000000000004
2018-01-17T13:00:00,N,N4,108.00000000000004
2018-01-17T14:00:00,N,N4,111.99999999999996
2018-01-17T15:00:00,N,N4,108.99999999999996
2018-01-17T16:00:00,N,N4,103.0
2018-01-17T17:00:00,N,N4,108.00000000000004
2018-01-17T18:00:00,N,N4,108.00000000000004
2018-01-17T19:00:00,N,N4,114.00000000000004
2018-01-17T20:00:00,N,N4,131.99999999999997
2018-01-17T21:00:00,N,N4,119.99999999999996
2018-01-17T22:00:00,N,N4,110.99999999999996
2018-01-17T23:00:00,N,N4,96.0
2018-01-18T00:00:00,N,N4,88.00000000000003
2018-01-18T01:00:00,N,N4,74.99999999999997
2018-01-18T02:00:00,N,N4,74.99999999999997
2018-01-18T03:00:00,N,N4,74.99999999999997
2018-01-18T04:00:00,N,N4,70.00000000000003
2018-01-18T05:00:00,N,N4,68.00000000000001
2018-01-18T06:00:00,N,N4,74.00000000000003
2018-01-18T07:00:00,N,N4,79.0
2018-01-18T08:00:00,N,N4,104.0
2018-01-18T09:00:00,N,N4,106.99999999999996
2018-01-18T10:00:00,N,N4,115.0
2018-01-18T11:00:00,N,N4,121.00000000000004
2018-01-18T12:00:00,N,N4,117.00000000000004
2018-01-18T13:00:00,N,N4,114.00000000000004
2018-01-18T14:00:00,N,N4,111.99999999999996
2018-01-18T15:00:00,N,N4,110.00000000000004
2018-01-18T16:00:00,N,N4,111.99999999999996
2018-01-18T17:00:00,N,N4,117.00000000000004
2018-01-18T18:00:00,N,N4,117.00000000000004
2018-01-18T19:00:00,N,N4,135.00000000000003
2018-01-18T20:00:00,N,N4,146.0
2018-01-18T21:00:00,N,N4,121.00000000000004
2018-01-18T22:00:00,N,N4,110.00000000000004
2018-01-18T23:00:00,N,N4,97.0
2018-01-19T00:00:00,N,N4,88.00000000000003
2018-01-19T01:00:00,N,N4,83.00000000000003
2018-01-19T02:00:00,N,N4,81.00000000000003
2018-01-19T03:00:00,N,N4,74.99999999999997
2018-01-19T04:00:00,N,N4,72.99999999999999
2018-01-19T05:00:00,N,N4,70.00000000000003
2018-01-19T06:00:00,N,N4,79.99999999999997
2018-01-19T07:00:00,N,N4,81.00000000000003
2018-01-19T08:00:00,N,N4,103.0
2018-01-19T09:00:00,N,N4,106.99999999999996
2018-01-19T10:00:00,N,N4,113.00000000000004
2018-01-19T11:00:00,N,N4,119.99999999999996
2018-01-19T12:00:00,N,N4,117.00000000000004
2018-01-19T13:00:00,N,N4,114.00000000000004
2018-01-19T14:00:00,N,N4,113.00000000000004
2018-01-19T15:00:00,N,N4,108.99999999999996
2018-01-19T16:00:00,N,N4,106.99999999999996
2018-01-19T17:00:00,N,N4,111.99999999999996
2018-01-19T18:00:00,N,N4,106.99999999999996
2018-01-19T19:00:00,N,N4,108.99999999999996
2018-01-19T20:00:00,N,N4,125.00000000000004
2018-01-19T21:00:00,N,N4,117.00000000000004
2018-01-19T22:00:00,N,N4,101.00000000000004
2018-01-19T23:00:00,N,N4,88.00000000000003
2018-01-20T00:00:00,N,N4,82.00000000000001
2018-01-20T01:00:00,N,N4,76.0
2018-01-20T02:00:00,N,N4,76.0
2018-01-20T03:00:00,N,N4,76.0
2018-01-20T04:00:00,N,N4,76.0
2018-01-20T05:00:00,N,N4,76.0
2018-01-20T06:00:00,N,N4,76.0
2018-01-20T07:00:00,N,N4,87.0
2018-01-20T08:00:00,N,N4,101.99999999999996
2018-01-20T09:00:00,N,N4,104.99999999999996
2018-01-20T10:00:00,N,N4,113.00000000000004
2018-01-20T11:00:00,N,N4,119.99999999999996
2018-01-20T12:00:00,N,N4,111.99999999999996
2018-01-20T13:00:00,N,N4,105.99999999999996
2018-01-20T14:00:00,N,N4,104.0
2018-01-20T15:00:00,N,N4,108.99999999999996
2018-01-20T16:00:00,N,N4,104.0
2018-01-20T17:00:00,N,N4,104.0
2018-01-20T18:00:00,N,N4,116.0
2018-01-20T19:00:00,N,N4,119.99999999999996
2018-01-20T20:00:00,N,N4,122.00000000000004
2018-01-20T21:00:00,N,N4,110.00000000000004
2018-01-20T22:00:00,N,N4,100.00000000000004
2018-01-20T23:00:00,N,N4,100.00000000000004
2018-01-21T00:00:00,N,N4,83.00000000000003
2018-01-21T01:00:00,N,N4,83.00000000000003
2018-01-21T02:00:00,N,N4,79.99999999999997
2018-01-21T03:00:00,N,N4,79.99999999999997
2018-01-21T04:00:00,N,N4,79.99999999999997
2018-01-21T05:00:00,N,N4,79.99999999999997
2018-01-21T06:00:00,N,N4,69.00000000000001
2018-01-21T07:00:00,N,N4,74.99999999999997
2018-01-21T08:00:00,N,N4,79.99999999999997
2018-01-21T09:00:00,N,N4,79.99999999999997
2018-01-21T10:00:00,N,N4,105.99999999999996
2018-01-21T11:00:00,N,N4,105.99999999999996
2018-01-21T12:00:00,N,N4,95.0
2018-01-21T13:00:00,N,N4,90.0
2018-01-21T14:00:00,N,N4,92.0
2018-01-21T15:00:00,N,N4,90.0
2018-01-21T16:00:00,N,N4,77.00000000000001
2018-01-21T17:00:00,N,N4,71.0
2018-01-21T18:00:00,N,N4,78.17443011765269
2018-01-21T19:00:00,N,N4,93.5221074566192
2018-01-21T20:00:00,N,N4,111.8842889808092
2018-01-21T21:00:00,N,N4,146.77979920368944
2018-01-21T22:00:00,N,N4,118.00000000000004
2018-01-21T23:00:00,N,N4,103.0
2018-01-22T00:00:00,N,N4,93.00000000000004
2018-01-22T01:00:00,N,N4,88.00000000000003
2018-01-22T02:00:00,N,N4,88.00000000000003
2018-01-22T03:00:00,N,N4,88.00000000000003
2018-01-22T04:00:00,N,N4,88.00000000000003
2018-01-22T05:00:00,N,N4,88.00000000000003
2018-01-22T06:00:00,N,N4,96.99999999999991
2018-01-22T07:00:00,N,N4,98.00000000000004
2018-01-22T08:00:00,N,N4,108.99999999999989
2018-01-22T09:00:00,N,N4,121.00000000000004
2018-01-22T10:00:00,N,N4,127.0
2018-01-22T11:00:00,N,N4,137.00000000000003
2018-01-22T12:00:00,N,N4,124.00000000000004
2018-01-22T13:00:00,N,N4,122.99999999999994
2018-01-22T14:00:00,N,N4,137.00000000000003
2018-01-22T15:00:00,N,N4,117.00000000000004
2018-01-22T16:00:00,N,N4,122.00000000000004
2018-01-22T17:00:00,N,N4,128.99999999999997
2018-01-22T18:00:00,N,N4,122.99999999999994
2018-01-22T19:00:00,N,N4,124.00000000000004
2018-01-22T20:00:00,N,N4,161.99999999999994
2018-01-22T21:00:00,N,N4,138.00000000000006
2018-01-22T22:00:00,N,N4,122.99999999999994
2018-01-22T23:00:00,N,N4,110.00000000000004
2018-01-23T00:00:00,N,N4,105.99999999999996
2018-01-23T01:00:00,N,N4,100.00000000000004
2018-01-23T02:00:00,N,N4,95.0
2018-01-23T03:00:00,N,N4,96.0
2018-01-23T04:00:00,N,N4,96.0
2018-01-23T05:00:00,N,N4,97.0
2018-01-23T06:00:00,N,N4,108.00000000000004
2018-01-23T07:00:00,N,N4,110.00000000000004
2018-01-23T08:00:00,N,N4,127.0
2018-01-23T09:00:00,N,N4,133.99999999999997
2018-01-23T10:00:00,N,N4,138.00000000000006
2018-01-23T11:00:00,N,N4,155.00000000000003
2018-01-23T12:00:00,N,N4,151.0
2018-01-23T13:00:00,N,N4,146.99999999999997
2018-01-23T14:00:00,N,N4,156.0
2018-01-23T15:00:00,N,N4,152.99999999999997
2018-01-23T16:00:00,N,N4,149.0
2018-01-23T17:00:00,N,N4,136.00000000000006
2018-01-23T18:00:00,N,N4,149.99999999999997
2018-01-23T19:00:00,N,N4,139.99999999999994
2018-01-23T20:00:00,N,N4,172.20174689963838
2018-01-23T21:00:00,N,N4,171.99999999999994
2018-01-23T22:00:00,N,N4,156.0
2018-01-23T23:00:00,N,N4,137.00000000000003
2018-01-24T00:00:00,N,N4,121.00000000000004
2018-01-24T01:00:00,N,N4,116.0
2018-01-24T02:00:00,N,N4,110.99999999999989
2018-01-24T03:00:00,N,N4,110.99999999999996
2018-01-24T04:00:00,N,N4,110.99999999999996
2018-01-24T05:00:00,N,N4,110.99999999999996
2018-01-24T06:00:00,N,N4,119.99999999999996
2018-01-24T07:00:00,N,N4,121.00000000000004
2018-01-24T08:00:00,N,N4,137.00000000000003
2018-01-24T09:00:00,N,N4,144.99999999999997
2018-01-24T10:00:00,N,N4,144.99999999999997
2018-01-24T11:00:00,N,N4,159.99999999999994
2018-01-24T12:00:00,N,N4,155.00000000000003
2018-01-24T13:00:00,N,N4,151.0
2018-01-24T14:00:00,N,N4,159.0
2018-01-24T15:00:00,N,N4,124.91666666666669
2018-01-24T16:00:00,N,N4,125.91666666666669
2018-01-24T17:00:00,N,N4,83.7802073747614
2018-01-24T18:00:00,N,N4,135.33333333333334
2018-01-24T19:00:00,N,N4,117.00000000000004
2018-01-24T20:00:00,N,N4,156.99999999999994
2018-01-24T21:00:00,N,N4,142.00000000000003
2018-01-24T22:00:00,N,N4,127.0
2018-01-24T23:00:00,N,N4,121.00000000000004
2018-01-25T00:00:00,N,N4,110.99999999999996
2018-01-25T01:00:00,N,N4,104.99999999999996
2018-01-25T02:00:00,N,N4,105.91666666666669
2018-01-25T03:00:00,N,N4,103.58333333333331
2018-01-25T04:00:00,N,N4,102.5
2018-01-25T05:00:00,N,N4,103.25
2018-01-25T06:00:00,N,N4,104.99999999999996
2018-01-25T07:00:00,N,N4,108.99999999999996
2018-01-25T08:00:00,N,N4,118.00000000000004
2018-01-25T09:00:00,N,N4,119.99999999999996
2018-01-25T10:00:00,N,N4,127.99999999999996
2018-01-25T11:00:00,N,N4,137.00000000000003
2018-01-25T12:00:00,N,N4,151.0
2018-01-25T13:00:00,N,N4,136.00000000000006
2018-01-25T14:00:00,N,N4,154.00000000000006
2018-01-25T15:00:00,N,N4,141.00000000000003
2018-01-25T16:00:00,N,N4,144.99999999999997
2018-01-25T17:00:00,N,N4,144.99999999999997
2018-01-25T18:00:00,N,N4,156.0
2018-01-25T19:00:00,N,N4,167.00000000000006
2018-01-25T20:00:00,N,N4,193.0
2018-01-25T21:00:00,N,N4,171.99999999999994
2018-01-25T22:00:00,N,N4,161.99999999999994
2018-01-25T23:00:00,N,N4,141.00000000000003
2018-01-26T00:00:00,N,N4,130.99999999999994
2018-01-26T01:00:00,N,N4,130.99999999999994
2018-01-26T02:00:00,N,N4,116.0
2018-01-26T03:00:00,N,N4,116.0
2018-01-26T04:00:00,N,N4,110.99999999999996
2018-01-26T05:00:00,N,N4,115.0
2018-01-26T06:00:00,N,N4,117.00000000000004
2018-01-26T07:00:00,N,N4,116.0
2018-01-26T08:00:00,N,N4,142.00000000000003
2018-01-26T09:00:00,N,N4,133.0
2018-01-26T10:00:00,N,N4,135.00000000000003
2018-01-26T11:00:00,N,N4,151.0
2018-01-26T12:00:00,N,N4,146.0
2018-01-26T13:00:00,N,N4,139.99999999999994
2018-01-26T14:00:00,N,N4,147.99999999999994
2018-01-26T15:00:00,N,N4,137.00000000000003
2018-01-26T16:00:00,N,N4,137.00000000000003
2018-01-26T17:00:00,N,N4,131.99999999999997
2018-01-26T18:00:00,N,N4,142.00000000000003
2018-01-26T19:00:00,N,N4,177.99999999999997
2018-01-26T20:00:00,N,N4,173.00000000000006
2018-01-26T21:00:00,N,N4,163.0
2018-01-26T22:00:00,N,N4,138.00000000000006
2018-01-26T23:00:00,N,N4,129.99999999999997
2018-01-27T00:00:00,N,N4,125.00000000000004
2018-01-27T01:00:00,N,N4,119.99999999999996
2018-01-27T02:00:00,N,N4,115.0
2018-01-27T03:00:00,N,N4,115.0
2018-01-27T04:00:00,N,N4,110.00000000000004
2018-01-27T05:00:00,N,N4,110.00000000000004
2018-01-27T06:00:00,N,N4,116.0
2018-01-27T07:00:00,N,N4,122.99999999999994
2018-01-27T08:00:00,N,N4,129.99999999999997
2018-01-27T09:00:00,N,N4,131.99999999999997
2018-01-27T10:00:00,N,N4,137.00000000000003
2018-01-27T11:00:00,N,N4,146.99999999999997
2018-01-27T12:00:00,N,N4,142.00000000000003
2018-01-27T13:00:00,N,N4,138.00000000000006
2018-01-27T14:00:00,N,N4,138.99999999999997
2018-01-27T15:00:00,N,N4,138.99999999999997
2018-01-27T16:00:00,N,N4,133.0
2018-01-27T17:00:00,N,N4,138.99999999999997
2018-01-27T18:00:00,N,N4,139.99999999999994
2018-01-27T19:00:00,N,N4,173.00000000000006
2018-01-27T20:00:00,N,N4,179.0
2018-01-27T21:00:00,N,N4,167.99999999999997
2018-01-27T22:00:00,N,N4,161.00000000000003
2018-01-27T23:00:00,N,N4,141.00000000000003
2018-01-28T00:00:00,N,N4,133.99999999999997
2018-01-28T01:00:00,N,N4,133.99999999999997
2018-01-28T02:00:00,N,N4,122.99999999999994
2018-01-28T03:00:00,N,N4,122.99999999999994
2018-01-28T04:00:00,N,N4,122.00000000000004
2018-01-28T05:00:00,N,N4,122.00000000000004
2018-01-28T06:00:00,N,N4,122.00000000000004
2018-01-28T07:00:00,N,N4,127.0
2018-01-28T08:00:00,N,N4,127.99999999999996
2018-01-28T09:00:00,N,N4,133.99999999999997
2018-01-28T10:00:00,N,N4,141.00000000000003
2018-01-28T11:00:00,N,N4,141.00000000000003
2018-01-28T12:00:00,N,N4,129.99999999999997
2018-01-28T13:00:00,N,N4,125.00000000000004
2018-01-28T14:00:00,N,N4,115.0
2018-01-28T15:00:00,N,N4,110.99999999999996
2018-01-28T16:00:00,N,N4,110.99999999999996
2018-01-28T17:00:00,N,N4,110.99999999999996
2018-01-28T18:00:00,N,N4,122.99999999999994
2018-01-28T19:00:00,N,N4,142.99999999999994
2018-01-28T20:00:00,N,N4,161.99999999999994
2018-01-28T21:00:00,N,N4,154.00000000000006
2018-01-28T22:00:00,N,N4,139.99999999999994
2018-01-28T23:00:00,N,N4,129.99999999999997
2018-01-29T00:00:00,N,N4,119.99999999999996
2018-01-29T01:00:00,N,N4,119.99999999999996
2018-01-29T02:00:00,N,N4,118.00000000000004
2018-01-29T03:00:00,N,N4,115.0
2018-01-29T04:00:00,N,N4,110.00000000000004
2018-01-29T05:00:00,N,N4,110.00000000000004
2018-01-29T06:00:00,N,N4,119.00000000000004
2018-01-29T07:00:00,N,N4,125.00000000000004
2018-01-29T08:00:00,N,N4,131.99999999999997
2018-01-29T09:00:00,N,N4,138.99999999999997
2018-01-29T10:00:00,N,N4,167.00000000000006
2018-01-29T11:00:00,N,N4,167.00000000000006
2018-01-29T12:00:00,N,N4,156.99999999999994
2018-01-29T13:00:00,N,N4,149.99999999999997
2018-01-29T14:00:00,N,N4,142.99999999999994
2018-01-29T15:00:00,N,N4,138.99999999999997
2018-01-29T16:00:00,N,N4,137.00000000000003
2018-01-29T17:00:00,N,N4,144.0
2018-01-29T18:00:00,N,N4,144.99999999999997
2018-01-29T19:00:00,N,N4,151.0
2018-01-29T20:00:00,N,N4,181.00000000000009
2018-01-29T21:00:00,N,N4,183.00000000000009
2018-01-29T22:00:00,N,N4,161.99999999999994
2018-01-29T23:00:00,N,N4,138.99999999999997
2018-01-30T00:00:00,N,N4,133.0
2018-01-30T01:00:00,N,N4,122.00000000000004
2018-01-30T02:00:00,N,N4,119.00000000000004
2018-01-30T03:00:00,N,N4,117.00000000000004
2018-01-30T04:00:00,N,N4,117.00000000000004
2018-01-30T05:00:00,N,N4,117.00000000000004
2018-01-30T06:00:00,N,N4,119.99999999999996
2018-01-30T07:00:00,N,N4,119.99999999999996
2018-01-30T08:00:00,N,N4,128.99999999999997
2018-01-30T09:00:00,N,N4,138.00000000000006
2018-01-30T10:00:00,N,N4,144.0
2018-01-30T11:00:00,N,N4,159.0
2018-01-30T12:00:00,N,N4,149.99999999999997
2018-01-30T13:00:00,N,N4,146.99999999999997
2018-01-30T14:00:00,N,N4,152.99999999999997
2018-01-30T15:00:00,N,N4,149.99999999999997
2018-01-30T16:00:00,N,N4,147.99999999999994
2018-01-30T17:00:00,N,N4,149.0
2018-01-30T18:00:00,N,N4,151.0
2018-01-30T19:00:00,N,N4,151.0
2018-01-30T20:00:00,N,N4,203.0
2018-01-30T21:00:00,N,N4,194.00000000000003
2018-01-30T22:00:00,N,N4,173.00000000000006
2018-01-30T23:00:00,N,N4,158.00000000000003
2018-01-31T00:00:00,N,N4,147.99999999999994
2018-01-31T01:00:00,N,N4,138.00000000000006
2018-01-31T02:00:00,N,N4,129.99999999999997
2018-01-31T03:00:00,N,N4,125.00000000000004
2018-01-31T04:00:00,N,N4,115.0
2018-01-31T05:00:00,N,N4,115.0
2018-01-31T06:00:00,N,N4,127.0
2018-01-31T07:00:00,N,N4,122.99999999999994
2018-01-31T08:00:00,N,N4,133.99999999999997
2018-01-31T09:00:00,N,N4,139.99999999999994
2018-01-31T10:00:00,N,N4,143.00000000000009
2018-01-31T11:00:00,N,N4,159.99999999999994
2018-01-31T12:00:00,N,N4,147.99999999999994
2018-01-31T13:00:00,N,N4,142.99999999999994
2018-01-31T14:00:00,N,N4,139.99999999999994
2018-01-31T15:00:00,N,N4,139.99999999999994
2018-01-31T16:00:00,N,N4,139.99999999999994
2018-01-31T17:00:00,N,N4,156.0
2018-01-31T18:00:00,N,N4,152.0
2018-01-31T19:00:00,N,N4,182.0
2018-01-31T20:00:00,N,N4,198.0
2018-01-31T21:00:00,N,N4,190.0
2018-01-31T22:00:00,N,N4,173.00000000000006
2018-01-31T23:00:00,N,N4,156.99999999999994
2018-02-01T00:00:00,N,N4,142.00000000000003
2018-02-01T01:00:00,N,N4,137.00000000000003
2018-02-01T02:00:00,N,N4,127.99999999999996
2018-02-01T03:00:00,N,N4,122.99999999999994
2018-02-01T04:00:00,N,N4,122.99999999999994
2018-02-01T05:00:00,N,N4,118.00000000000004
2018-02-01T06:00:00,N,N4,129.99999999999997
2018-02-01T07:00:00,N,N4,125.00000000000004
2018-02-01T08:00:00,N,N4,133.99999999999997
2018-02-01T09:00:00,N,N4,138.00000000000006
2018-02-01T10:00:00,N,N4,142.99999999999994
2018-02-01T11:00:00,N,N4,155.00000000000003
2018-02-01T12:00:00,N,N4,144.99999999999997
2018-02-01T13:00:00,N,N4,144.0
2018-02-01T14:00:00,N,N4,152.0
2018-02-01T15:00:00,N,N4,154.00000000000006
2018-02-01T16:00:00,N,N4,147.99999999999994
2018-02-01T17:00:00,N,N4,147.99999999999994
2018-02-01T18:00:00,N,N4,146.0
2018-02-01T19:00:00,N,N4,169.0
2018-02-01T20:00:00,N,N4,205.00000000000009
2018-02-01T21:00:00,N,N4,194.00000000000003
2018-02-01T22:00:00,N,N4,173.00000000000006
2018-02-01T23:00:00,N,N4,156.99999999999994
2018-02-02T00:00:00,N,N4,142.99999999999994
2018-02-02T01:00:00,N,N4,131.99999999999997
2018-02-02T02:00:00,N,N4,127.0
2018-02-02T03:00:00,N,N4,122.00000000000004
2018-02-02T04:00:00,N,N4,122.00000000000004
2018-02-02T05:00:00,N,N4,122.00000000000004
2018-02-02T06:00:00,N,N4,133.0
2018-02-02T07:00:00,N,N4,127.0
2018-02-02T08:00:00,N,N4,142.00000000000003
2018-02-02T09:00:00,N,N4,144.0
2018-02-02T10:00:00,N,N4,154.00000000000006
2018-02-02T11:00:00,N,N4,159.99999999999994
2018-02-02T12:00:00,N,N4,156.0
2018-02-02T13:00:00,N,N4,152.99999999999997
2018-02-02T14:00:00,N,N4,154.00000000000006
2018-02-02T15:00:00,N,N4,152.0
2018-02-02T16:00:00,N,N4,144.99999999999997
2018-02-02T17:00:00,N,N4,149.99999999999997
2018-02-02T18:00:00,N,N4,156.99999999999994
2018-02-02T19:00:00,N,N4,164.00000000000006
2018-02-02T20:00:00,N,N4,203.0
2018-02-02T21:00:00,N,N4,187.00000000000003
2018-02-02T22:00:00,N,N4,167.00000000000006
2018-02-02T23:00:00,N,N4,156.99999999999994
2018-02-03T00:00:00,N,N4,138.00000000000006
2018-02-03T01:00:00,N,N4,129.99999999999997
2018-02-03T02:00:00,N,N4,125.00000000000004
2018-02-03T03:00:00,N,N4,119.99999999999996
2018-02-03T04:00:00,N,N4,115.0
2018-02-03T05:00:00,N,N4,104.99999999999996
2018-02-03T06:00:00,N,N4,118.00000000000004
2018-02-03T07:00:00,N,N4,129.99999999999997
2018-02-03T08:00:00,N,N4,136.00000000000006
2018-02-03T09:00:00,N,N4,139.99999999999994
2018-02-03T10:00:00,N,N4,149.0
2018-02-03T11:00:00,N,N4,111.99999999999996
2018-02-03T12:00:00,N,N4,146.99999999999997
2018-02-03T13:00:00,N,N4,147.99999999999994
2018-02-03T14:00:00,N,N4,147.99999999999994
2018-02-03T15:00:00,N,N4,142.99999999999994
2018-02-03T16:00:00,N,N4,138.00000000000006
2018-02-03T17:00:00,N,N4,133.0
2018-02-03T18:00:00,N,N4,133.99999999999997
2018-02-03T19:00:00,N,N4,159.99999999999994
2018-02-03T20:00:00,N,N4,184.99999999999991
2018-02-03T21:00:00,N,N4,170.00000000000006
2018-02-03T22:00:00,N,N4,159.0
2018-02-03T23:00:00,N,N4,144.0
2018-02-04T00:00:00,N,N4,133.0
2018-02-04T01:00:00,N,N4,127.0
2018-02-04T02:00:00,N,N4,117.00000000000004
2018-02-04T03:00:00,N,N4,116.0
2018-02-04T04:00:00,N,N4,110.99999999999996
2018-02-04T05:00:00,N,N4,110.99999999999989
2018-02-04T06:00:00,N,N4,116.0
2018-02-04T07:00:00,N,N4,122.00000000000004
2018-02-04T08:00:00,N,N4,126.0
2018-02-04T09:00:00,N,N4,137.00000000000003
2018-02-04T10:00:00,N,N4,142.00000000000003
2018-02-04T11:00:00,N,N4,155.00000000000003
2018-02-04T12:00:00,N,N4,142.99999999999994
2018-02-04T13:00:00,N,N4,133.99999999999997
2018-02-04T14:00:00,N,N4,133.99999999999997
2018-02-04T15:00:00,N,N4,127.99999999999996
2018-02-04T16:00:00,N,N4,122.00000000000004
2018-02-04T17:00:00,N,N4,122.99999999999994
2018-02-04T18:00:00,N,N4,127.99999999999996
2018-02-04T19:00:00,N,N4,161.00000000000003
2018-02-04T20:00:00,N,N4,184.00000000000009
2018-02-04T21:00:00,N,N4,179.0
2018-02-04T22:00:00,N,N4,167.00000000000006
2018-02-04T23:00:00,N,N4,142.00000000000003
2018-02-05T00:00:00,N,N4,135.00000000000003
2018-02-05T01:00:00,N,N4,125.00000000000004
2018-02-05T02:00:00,N,N4,122.99999999999994
2018-02-05T03:00:00,N,N4,121.00000000000004
2018-02-05T04:00:00,N,N4,118.00000000000004
2018-02-05T05:00:00,N,N4,122.99999999999994
2018-02-05T06:00:00,N,N4,126.0
2018-02-05T07:00:00,N,N4,127.0
2018-02-05T08:00:00,N,N4,136.00000000000006
2018-02-05T09:00:00,N,N4,142.99999999999994
2018-02-05T10:00:00,N,N4,147.99999999999994
2018-02-05T11:00:00,N,N4,159.99999999999994
2018-02-05T12:00:00,N,N4,147.99999999999994
2018-02-05T13:00:00,N,N4,146.99999999999997
2018-02-05T14:00:00,N,N4,158.00000000000003
2018-02-05T15:00:00,N,N4,158.00000000000003
2018-02-05T16:00:00,N,N4,144.99999999999997
2018-02-05T17:00:00,N,N4,149.99999999999997
2018-02-05T18:00:00,N,N4,149.99999999999997
2018-02-05T19:00:00,N,N4,171.99999999999994
2018-02-05T20:00:00,N,N4,199.0
2018-02-05T21:00:00,N,N4,199.0
2018-02-05T22:00:00,N,N4,179.0
2018-02-05T23:00:00,N,N4,158.00000000000003
2018-02-06T00:00:00,N,N4,144.0
2018-02-06T01:00:00,N,N4,133.99999999999997
2018-02-06T02:00:00,N,N4,128.99999999999997
2018-02-06T03:00:00,N,N4,124.00000000000004
2018-02-06T04:00:00,N,N4,124.00000000000004
2018-02-06T05:00:00,N,N4,124.00000000000004
2018-02-06T06:00:00,N,N4,133.0
2018-02-06T07:00:00,N,N4,128.99999999999997
2018-02-06T08:00:00,N,N4,142.99999999999994
2018-02-06T09:00:00,N,N4,146.0
2018-02-06T10:00:00,N,N4,154.00000000000006
2018-02-06T11:00:00,N,N4,147.99999999999994
2018-02-06T12:00:00,N,N4,149.0
2018-02-06T13:00:00,N,N4,147.99999999999994
2018-02-06T14:00:00,N,N4,149.99999999999997
2018-02-06T15:00:00,N,N4,152.0
2018-02-06T16:00:00,N,N4,138.99999999999997
2018-02-06T17:00:00,N,N4,144.0
2018-02-06T18:00:00,N,N4,142.99999999999994
2018-02-06T19:00:00,N,N4,114.00000000000004
2018-02-06T20:00:00,N,N4,141.00000000000003
2018-02-06T21:00:00,N,N4,129.99999999999997
2018-02-06T22:00:00,N,N4,119.99999999999996
2018-02-06T23:00:00,N,N4,110.00000000000004
2018-02-07T00:00:00,N,N4,94.0
2018-02-07T01:00:00,N,N4,88.00000000000003
2018-02-07T02:00:00,N,N4,85.99999999999997
2018-02-07T03:00:00,N,N4,82.00000000000001
2018-02-07T04:00:00,N,N4,79.99999999999997
2018-02-07T05:00:00,N,N4,79.99999999999997
2018-02-07T06:00:00,N,N4,85.00000000000001
2018-02-07T07:00:00,N,N4,87.0
2018-02-07T08:00:00,N,N4,105.99999999999996
2018-02-07T09:00:00,N,N4,105.99999999999996
2018-02-07T10:00:00,N,N4,110.00000000000004
2018-02-07T11:00:00,N,N4,124.00000000000004
2018-02-07T12:00:00,N,N4,118.00000000000004
2018-02-07T13:00:00,N,N4,124.00000000000004
2018-02-07T14:00:00,N,N4,122.00000000000004
2018-02-07T15:00:00,N,N4,108.00000000000004
2018-02-07T16:00:00,N,N4,110.99999999999996
2018-02-07T17:00:00,N,N4,110.99999999999996
2018-02-07T18:00:00,N,N4,110.99999999999996
2018-02-07T19:00:00,N,N4,113.00000000000004
2018-02-07T20:00:00,N,N4,138.00000000000006
2018-02-07T21:00:00,N,N4,131.99999999999997
2018-02-07T22:00:00,N,N4,119.00000000000004
2018-02-07T23:00:00,N,N4,108.99999999999996
2018-02-08T00:00:00,N,N4,98.00000000000004
2018-02-08T01:00:00,N,N4,92.0
2018-02-08T02:00:00,N,N4,90.0
2018-02-08T03:00:00,N,N4,85.00000000000001
2018-02-08T04:00:00,N,N4,83.00000000000003
2018-02-08T05:00:00,N,N4,83.00000000000003
2018-02-08T06:00:00,N,N4,88.00000000000003
2018-02-08T07:00:00,N,N4,88.00000000000003
2018-02-08T08:00:00,N,N4,104.0
2018-02-08T09:00:00,N,N4,104.0
2018-02-08T10:00:00,N,N4,111.99999999999996
2018-02-08T11:00:00,N,N4,121.00000000000004
2018-02-08T12:00:00,N,N4,114.00000000000004
2018-02-08T13:00:00,N,N4,124.00000000000004
2018-02-08T14:00:00,N,N4,127.99999999999996
2018-02-08T15:00:00,N,N4,121.00000000000004
2018-02-08T16:00:00,N,N4,117.00000000000004
2018-02-08T17:00:00,N,N4,117.00000000000004
2018-02-08T18:00:00,N,N4,117.00000000000004
2018-02-08T19:00:00,N,N4,129.99999999999997
2018-02-08T20:00:00,N,N4,151.0
2018-02-08T21:00:00,N,N4,151.0
2018-02-08T22:00:00,N,N4,136.00000000000006
2018-02-08T23:00:00,N,N4,118.00000000000004
2018-02-09T00:00:00,N,N4,108.00000000000004
2018-02-09T01:00:00,N,N4,102.00000000000004
2018-02-09T02:00:00,N,N4,98.00000000000004
2018-02-09T03:00:00,N,N4,95.0
2018-02-09T04:00:00,N,N4,90.0
2018-02-09T05:00:00,N,N4,88.00000000000003
2018-02-09T06:00:00,N,N4,88.99999999999999
2018-02-09T07:00:00,N,N4,110.99999999999996
2018-02-09T08:00:00,N,N4,110.99999999999996
2018-02-09T09:00:00,N,N4,119.99999999999996
2018-02-09T10:00:00,N,N4,122.00000000000004
2018-02-09T11:00:00,N,N4,128.99999999999997
2018-02-09T12:00:00,N,N4,127.0
2018-02-09T13:00:00,N,N4,128.99999999999997
2018-02-09T14:00:00,N,N4,142.99999999999994
2018-02-09T15:00:00,N,N4,129.99999999999997
2018-02-09T16:00:00,N,N4,125.00000000000004
2018-02-09T17:00:00,N,N4,125.00000000000004
2018-02-09T18:00:00,N,N4,129.99999999999997
2018-02-09T19:00:00,N,N4,135.00000000000003
2018-02-09T20:00:00,N,N4,125.00000000000004
2018-02-09T21:00:00,N,N4,119.99999999999996
2018-02-09T22:00:00,N,N4,114.00000000000004
2018-02-09T23:00:00,N,N4,98.00000000000004
2018-02-10T00:00:00,N,N4,87.0
2018-02-10T01:00:00,N,N4,77.00000000000001
2018-02-10T02:00:00,N,N4,77.00000000000001
2018-02-10T03:00:00,N,N4,77.00000000000001
2018-02-10T04:00:00,N,N4,72.0
2018-02-10T05:00:00,N,N4,72.0
2018-02-10T06:00:00,N,N4,77.00000000000001
2018-02-10T07:00:00,N,N4,82.00000000000001
2018-02-10T08:00:00,N,N4,99.0
2018-02-10T09:00:00,N,N4,103.0
2018-02-10T10:00:00,N,N4,110.99999999999996
2018-02-10T11:00:00,N,N4,117.00000000000004
2018-02-10T12:00:00,N,N4,106.99999999999996
2018-02-10T13:00:00,N,N4,111.99999999999996
2018-02-10T14:00:00,N,N4,111.99999999999996
2018-02-10T15:00:00,N,N4,113.00000000000004
2018-02-10T16:00:00,N,N4,114.00000000000004
2018-02-10T17:00:00,N,N4,104.99999999999996
2018-02-10T18:00:00,N,N4,119.99999999999996
2018-02-10T19:00:00,N,N4,126.0
2018-02-10T20:00:00,N,N4,133.11928783539472
2018-02-10T21:00:00,N,N4,112.6409313119676
2018-02-10T22:00:00,N,N4,96.68883472092324
2018-02-10T23:00:00,N,N4,82.30985533413181
2018-02-11T00:00:00,N,N4,71.0
2018-02-11T01:00:00,N,N4,71.0
2018-02-11T02:00:00,N,N4,65.99999999999997
2018-02-11T03:00:00,N,N4,65.99999999999997
2018-02-11T04:00:00,N,N4,65.99999999999997
2018-02-11T05:00:00,N,N4,65.99999999999997
2018-02-11T06:00:00,N,N4,71.68278667206684
2018-02-11T07:00:00,N,N4,72.0
2018-02-11T08:00:00,N,N4,87.0
2018-02-11T09:00:00,N,N4,92.0
2018-02-11T10:00:00,N,N4,97.0
2018-02-11T11:00:00,N,N4,101.99999999999996
2018-02-11T12:00:00,N,N4,97.0
2018-02-11T13:00:00,N,N4,92.0
2018-02-11T14:00:00,N,N4,92.0
2018-02-11T15:00:00,N,N4,92.0
2018-02-11T16:00:00,N,N4,87.0
2018-02-11T17:00:00,N,N4,92.0
2018-02-11T18:00:00,N,N4,92.0
2018-02-11T19:00:00,N,N4,105.7994764487378
2018-02-11T20:00:00,N,N4,118.56983796998564
2018-02-11T21:00:00,N,N4,104.99999999999996
2018-02-11T22:00:00,N,N4,100.00000000000004
2018-02-11T23:00:00,N,N4,90.0
2018-02-12T00:00:00,N,N4,85.00000000000001
2018-02-12T01:00:00,N,N4,79.99999999999997
2018-02-12T02:00:00,N,N4,79.99999999999997
2018-02-12T03:00:00,N,N4,74.99999999999997
2018-02-12T04:00:00,N,N4,74.99999999999997
2018-02-12T05:00:00,N,N4,70.00000000000003
2018-02-12T06:00:00,N,N4,79.99999999999997
2018-02-12T07:00:00,N,N4,81.00000000000003
2018-02-12T08:00:00,N,N4,95.0
2018-02-12T09:00:00,N,N4,98.00000000000004
2018-02-12T10:00:00,N,N4,98.00000000000004
2018-02-12T11:00:00,N,N4,105.99999999999996
2018-02-12T12:00:00,N,N4,95.0
2018-02-12T13:00:00,N,N4,86.02640234696825
2018-02-12T14:00:00,N,N4,88.99999999999999
2018-02-12T15:00:00,N,N4,93.00000000000004
2018-02-12T16:00:00,N,N4,92.0
2018-02-12T17:00:00,N,N4,94.0
2018-02-12T18:00:00,N,N4,97.0
2018-02-12T19:00:00,N,N4,106.99999999999996
2018-02-12T20:00:00,N,N4,122.99999999999994
2018-02-12T21:00:00,N,N4,106.99999999999996
2018-02-12T22:00:00,N,N4,87.0
2018-02-12T23:00:00,N,N4,78.19036337657515
2018-02-13T00:00:00,N,N4,72.0
2018-02-13T01:00:00,N,N4,72.0
2018-02-13T02:00:00,N,N4,70.00000000000003
2018-02-13T03:00:00,N,N4,66.99999999999997
2018-02-13T04:00:00,N,N4,65.99999999999997
2018-02-13T05:00:00,N,N4,65.99999999999997
2018-02-13T06:00:00,N,N4,76.0
2018-02-13T07:00:00,N,N4,78.0
2018-02-13T08:00:00,N,N4,95.0
2018-02-13T09:00:00,N,N4,88.00000000000003
2018-02-13T10:00:00,N,N4,93.00000000000004
2018-02-13T11:00:00,N,N4,113.43618979077438
2018-02-13T12:00:00,N,N4,118.00000000000004
2018-02-13T13:00:00,N,N4,111.99999999999996
2018-02-13T14:00:00,N,N4,138.99999999999997
2018-02-13T15:00:00,N,N4,142.00000000000003
2018-02-13T16:00:00,N,N4,144.99999999999997
2018-02-13T17:00:00,N,N4,146.99999999999997
2018-02-13T18:00:00,N,N4,147.99999999999994
2018-02-13T19:00:00,N,N4,166.00000000000006
2018-02-13T20:00:00,N,N4,171.99999999999994
2018-02-13T21:00:00,N,N4,151.0
2018-02-13T22:00:00,N,N4,129.99999999999997
2018-02-13T23:00:00,N,N4,115.0
2018-02-14T00:00:00,N,N4,104.0
2018-02-14T01:00:00,N,N4,96.0
2018-02-14T02:00:00,N,N4,96.0
2018-02-14T03:00:00,N,N4,96.0
2018-02-14T04:00:00,N,N4,96.0
2018-02-14T05:00:00,N,N4,96.0
2018-02-14T06:00:00,N,N4,105.99999999999996
2018-02-14T07:00:00,N,N4,108.99999999999989
2018-02-14T08:00:00,N,N4,127.0
2018-02-14T09:00:00,N,N4,135.00000000000003
2018-02-14T10:00:00,N,N4,146.0
2018-02-14T11:00:00,N,N4,152.0
2018-02-14T12:00:00,N,N4,138.99999999999997
2018-02-14T13:00:00,N,N4,108.99999999999996
2018-02-14T14:00:00,N,N4,116.0
2018-02-14T15:00:00,N,N4,118.00000000000004
2018-02-14T16:00:00,N,N4,118.00000000000004
2018-02-14T17:00:00,N,N4,122.99999999999994
2018-02-14T18:00:00,N,N4,119.00000000000004
2018-02-14T19:00:00,N,N4,135.00000000000003
2018-02-14T20:00:00,N,N4,149.99999999999997
2018-02-14T21:00:00,N,N4,142.00000000000003
2018-02-14T22:00:00,N,N4,122.00000000000004
2018-02-14T23:00:00,N,N4,111.99999999999996
2018-02-15T00:00:00,N,N4,106.99999999999996
2018-02-15T01:00:00,N,N4,96.0
2018-02-15T02:00:00,N,N4,94.0
2018-02-15T03:00:00,N,N4,90.0
2018-02-15T04:00:00,N,N4,85.00000000000001
2018-02-15T05:00:00,N,N4,82.00000000000001
2018-02-15T06:00:00,N,N4,92.0
2018-02-15T07:00:00,N,N4,93.00000000000004
2018-02-15T08:00:00,N,N4,110.99999999999996
2018-02-15T09:00:00,N,N4,108.99999999999996
2018-02-15T10:00:00,N,N4,143.3744033647003
2018-02-15T11:00:00,N,N4,184.00000000000009
2018-02-15T12:00:00,N,N4,174.0
2018-02-15T13:00:00,N,N4,161.99999999999994
2018-02-15T14:00:00,N,N4,166.08980293525045
2018-02-15T15:00:00,N,N4,161.66807161265666
2018-02-15T16:00:00,N,N4,159.14673194721712
2018-02-15T17:00:00,N,N4,165.32744115950152
2018-02-15T18:00:00,N,N4,174.96584414899516
2018-02-15T19:00:00,N,N4,188.12021309785408
2018-02-15T20:00:00,N,N4,198.93360241907305
2018-02-15T21:00:00,N,N4,179.67100945070436
2018-02-15T22:00:00,N,N4,165.21546005320596
2018-02-15T23:00:00,N,N4,152.2934032292359
2018-02-16T00:00:00,N,N4,142.66329498853582
2018-02-16T01:00:00,N,N4,136.00882514039577
2018-02-16T02:00:00,N,N4,131.38537221043742
2018-02-16T03:00:00,N,N4,128.7127509210233
2018-02-16T04:00:00,N,N4,126.71477754430865
2018-02-16T05:00:00,N,N4,127.27135029556774
2018-02-16T06:00:00,N,N4,136.2511791759948
2018-02-16T07:00:00,N,N4,137.89028137131294
2018-02-16T08:00:00,N,N4,147.78426857505048
2018-02-16T09:00:00,N,N4,150.34546276446412
2018-02-16T10:00:00,N,N4,156.96933068899364
2018-02-16T11:00:00,N,N4,166.74801300036577
2018-02-16T12:00:00,N,N4,157.73099014947144
2018-02-16T13:00:00,N,N4,146.99999999999997
2018-02-16T14:00:00,N,N4,158.00000000000003
2018-02-16T15:00:00,N,N4,147.99999999999994
2018-02-16T16:00:00,N,N4,146.99999999999997
2018-02-16T17:00:00,N,N4,149.99999999999997
2018-02-16T18:00:00,N,N4,152.99999999999997
2018-02-16T19:00:00,N,N4,175.00000000000009
2018-02-16T20:00:00,N,N4,203.0
2018-02-16T21:00:00,N,N4,183.00000000000009
2018-02-16T22:00:00,N,N4,164.00000000000006
2018-02-16T23:00:00,N,N4,154.00000000000006
2018-02-17T00:00:00,N,N4,142.00000000000003
2018-02-17T01:00:00,N,N4,136.00000000000006
2018-02-17T02:00:00,N,N4,131.99999999999997
2018-02-17T03:00:00,N,N4,126.0
2018-02-17T04:00:00,N,N4,119.99999999999996
2018-02-17T05:00:00,N,N4,116.0
2018-02-17T06:00:00,N,N4,133.0
2018-02-17T07:00:00,N,N4,126.0
2018-02-17T08:00:00,N,N4,142.99999999999994
2018-02-17T09:00:00,N,N4,138.99999999999997
2018-02-17T10:00:00,N,N4,138.99999999999997
2018-02-17T11:00:00,N,N4,138.00000000000006
2018-02-17T12:00:00,N,N4,135.00000000000003
2018-02-17T13:00:00,N,N4,124.00000000000004
2018-02-17T14:00:00,N,N4,119.99999999999996
2018-02-17T15:00:00,N,N4,118.00000000000004
2018-02-17T16:00:00,N,N4,118.00000000000004
2018-02-17T17:00:00,N,N4,121.00000000000004
2018-02-17T18:00:00,N,N4,128.99999999999997
2018-02-17T19:00:00,N,N4,149.0
2018-02-17T20:00:00,N,N4,171.99999999999994
2018-02-17T21:00:00,N,N4,146.0
2018-02-17T22:00:00,N,N4,129.99999999999997
2018-02-17T23:00:00,N,N4,119.99999999999996
2018-02-18T00:00:00,N,N4,113.00000000000004
2018-02-18T01:00:00,N,N4,113.00000000000004
2018-02-18T02:00:00,N,N4,108.00000000000004
2018-02-18T03:00:00,N,N4,108.00000000000004
2018-02-18T04:00:00,N,N4,103.0
2018-02-18T05:00:00,N,N4,103.0
2018-02-18T06:00:00,N,N4,108.00000000000004
2018-02-18T07:00:00,N,N4,113.00000000000004
2018-02-18T08:00:00,N,N4,113.00000000000004
2018-02-18T09:00:00,N,N4,117.00000000000004
2018-02-18T10:00:00,N,N4,136.00000000000006
2018-02-18T11:00:00,N,N4,141.00000000000003
2018-02-18T12:00:00,N,N4,124.00000000000004
2018-02-18T13:00:00,N,N4,111.99999999999996
2018-02-18T14:00:00,N,N4,101.00000000000004
2018-02-18T15:00:00,N,N4,96.0
2018-02-18T16:00:00,N,N4,96.0
2018-02-18T17:00:00,N,N4,111.99999999999996
2018-02-18T18:00:00,N,N4,122.00000000000004
2018-02-18T19:00:00,N,N4,127.99999999999996
2018-02-18T20:00:00,N,N4,128.99999999999997
2018-02-18T21:00:00,N,N4,119.99999999999996
2018-02-18T22:00:00,N,N4,104.99999999999996
2018-02-18T23:00:00,N,N4,100.00000000000004
2018-02-19T00:00:00,N,N4,95.0
2018-02-19T01:00:00,N,N4,95.0
2018-02-19T02:00:00,N,N4,93.00000000000004
2018-02-19T03:00:00,N,N4,90.0
2018-02-19T04:00:00,N,N4,90.0
2018-02-19T05:00:00,N,N4,90.0
2018-02-19T06:00:00,N,N4,112.08333333333331
2018-02-19T07:00:00,N,N4,113.5
2018-02-19T08:00:00,N,N4,122.83333333333331
2018-02-19T09:00:00,N,N4,99.79212761298608
2018-02-19T10:00:00,N,N4,115.12893612039436
2018-02-19T11:00:00,N,N4,133.99999999999997
2018-02-19T12:00:00,N,N4,122.00000000000004
2018-02-19T13:00:00,N,N4,110.00000000000004
2018-02-19T14:00:00,N,N4,116.0
2018-02-19T15:00:00,N,N4,114.00000000000004
2018-02-19T16:00:00,N,N4,111.99999999999996
2018-02-19T17:00:00,N,N4,124.00000000000004
2018-02-19T18:00:00,N,N4,129.99999999999997
2018-02-19T19:00:00,N,N4,155.00000000000003
2018-02-19T20:00:00,N,N4,163.0
2018-02-19T21:00:00,N,N4,129.99999999999997
2018-02-19T22:00:00,N,N4,118.00000000000004
2018-02-19T23:00:00,N,N4,106.99999999999996
2018-02-20T00:00:00,N,N4,101.99999999999996
2018-02-20T01:00:00,N,N4,101.99999999999996
2018-02-20T02:00:00,N,N4,97.0
2018-02-20T03:00:00,N,N4,97.0
2018-02-20T04:00:00,N,N4,96.99999999999991
2018-02-20T05:00:00,N,N4,96.99999999999991
2018-02-20T06:00:00,N,N4,111.99999999999996
2018-02-20T07:00:00,N,N4,113.00000000000004
2018-02-20T08:00:00,N,N4,126.0
2018-02-20T09:00:00,N,N4,125.00000000000004
2018-02-20T10:00:00,N,N4,130.00000000000009
2018-02-20T11:00:00,N,N4,142.99999999999994
2018-02-20T12:00:00,N,N4,127.99999999999996
2018-02-20T13:00:00,N,N4,104.0
2018-02-20T14:00:00,N,N4,119.00000000000004
2018-02-20T15:00:00,N,N4,122.00000000000004
2018-02-20T16:00:00,N,N4,119.99999999999996
2018-02-20T17:00:00,N,N4,133.0
2018-02-20T18:00:00,N,N4,125.00000000000004
2018-02-20T19:00:00,N,N4,161.99999999999994
2018-02-20T20:00:00,N,N4,167.00000000000006
2018-02-20T21:00:00,N,N4,152.0
2018-02-20T22:00:00,N,N4,131.99999999999997
2018-02-20T23:00:00,N,N4,131.99999999999997
2018-02-21T00:00:00,N,N4,131.99999999999997
2018-02-21T01:00:00,N,N4,106.99999999999996
2018-02-21T02:00:00,N,N4,101.00000000000004
2018-02-21T03:00:00,N,N4,101.00000000000004
2018-02-21T04:00:00,N,N4,101.00000000000004
2018-02-21T05:00:00,N,N4,101.00000000000004
2018-02-21T06:00:00,N,N4,117.00000000000004
2018-02-21T07:00:00,N,N4,110.99999999999996
2018-02-21T08:00:00,N,N4,127.0
2018-02-21T09:00:00,N,N4,127.0
2018-02-21T10:00:00,N,N4,139.99999999999994
2018-02-21T11:00:00,N,N4,151.0
2018-02-21T12:00:00,N,N4,127.0
2018-02-21T13:00:00,N,N4,118.00000000000004
2018-02-21T14:00:00,N,N4,127.99999999999996
2018-02-21T15:00:00,N,N4,133.0
2018-02-21T16:00:00,N,N4,137.00000000000003
2018-02-21T17:00:00,N,N4,138.00000000000006
2018-02-21T18:00:00,N,N4,146.99999999999997
2018-02-21T19:00:00,N,N4,152.99999999999997
2018-02-21T20:00:00,N,N4,191.0
2018-02-21T21:00:00,N,N4,164.99999999999994
2018-02-21T22:00:00,N,N4,144.99999999999997
2018-02-21T23:00:00,N,N4,124.00000000000004
2018-02-22T00:00:00,N,N4,116.0
2018-02-22T01:00:00,N,N4,111.99999999999996
2018-02-22T02:00:00,N,N4,108.00000000000004
2018-02-22T03:00:00,N,N4,103.0
2018-02-22T04:00:00,N,N4,104.0
2018-02-22T05:00:00,N,N4,111.99999999999996
2018-02-22T06:00:00,N,N4,128.99999999999997
2018-02-22T07:00:00,N,N4,142.99999999999994
2018-02-22T08:00:00,N,N4,156.99999999999994
2018-02-22T09:00:00,N,N4,146.99999999999997
2018-02-22T10:00:00,N,N4,155.00000000000003
2018-02-22T11:00:00,N,N4,186.00000000000009
2018-02-22T12:00:00,N,N4,171.00000000000009
2018-02-22T13:00:00,N,N4,156.0
2018-02-22T14:00:00,N,N4,165.11706691107705
2018-02-22T15:00:00,N,N4,165.46528978729827
2018-02-22T16:00:00,N,N4,167.99999999999997
2018-02-22T17:00:00,N,N4,175.00000000000009
2018-02-22T18:00:00,N,N4,171.99999999999994
2018-02-22T19:00:00,N,N4,175.00000000000009
2018-02-22T20:00:00,N,N4,193.3909771303624
2018-02-22T21:00:00,N,N4,184.99999999999991
2018-02-22T22:00:00,N,N4,136.00000000000006
2018-02-22T23:00:00,N,N4,122.00000000000004
2018-02-23T00:00:00,N,N4,108.00000000000004
2018-02-23T01:00:00,N,N4,101.00000000000004
2018-02-23T02:00:00,N,N4,98.00000000000004
2018-02-23T03:00:00,N,N4,98.00000000000004
2018-02-23T04:00:00,N,N4,98.00000000000004
2018-02-23T05:00:00,N,N4,104.99999999999996
2018-02-23T06:00:00,N,N4,110.00000000000004
2018-02-23T07:00:00,N,N4,116.0
2018-02-23T08:00:00,N,N4,128.99999999999997
2018-02-23T09:00:00,N,N4,137.00000000000003
2018-02-23T10:00:00,N,N4,137.00000000000003
2018-02-23T11:00:00,N,N4,144.99999999999997
2018-02-23T12:00:00,N,N4,138.99999999999997
2018-02-23T13:00:00,N,N4,127.0
2018-02-23T14:00:00,N,N4,138.00000000000006
2018-02-23T15:00:00,N,N4,139.99999999999994
2018-02-23T16:00:00,N,N4,136.00000000000006
2018-02-23T17:00:00,N,N4,129.99999999999997
2018-02-23T18:00:00,N,N4,146.0
2018-02-23T19:00:00,N,N4,154.00000000000006
2018-02-23T20:00:00,N,N4,195.99999999999991
2018-02-23T21:00:00,N,N4,170.00000000000006
2018-02-23T22:00:00,N,N4,147.99999999999994
2018-02-23T23:00:00,N,N4,133.0
2018-02-24T00:00:00,N,N4,119.99999999999996
2018-02-24T01:00:00,N,N4,110.00000000000004
2018-02-24T02:00:00,N,N4,110.00000000000004
2018-02-24T03:00:00,N,N4,92.0
2018-02-24T04:00:00,N,N4,92.0
2018-02-24T05:00:00,N,N4,92.0
2018-02-24T06:00:00,N,N4,114.00000000000004
2018-02-24T07:00:00,N,N4,108.00000000000004
2018-02-24T08:00:00,N,N4,130.99999999999994
2018-02-24T09:00:00,N,N4,128.99999999999997
2018-02-24T10:00:00,N,N4,128.99999999999997
2018-02-24T11:00:00,N,N4,128.99999999999997
2018-02-24T12:00:00,N,N4,141.00000000000003
2018-02-24T13:00:00,N,N4,141.00000000000003
2018-02-24T14:00:00,N,N4,142.00000000000003
2018-02-24T15:00:00,N,N4,142.00000000000003
2018-02-24T16:00:00,N,N4,137.00000000000003
2018-02-24T17:00:00,N,N4,137.00000000000003
2018-02-24T18:00:00,N,N4,139.99999999999994
2018-02-24T19:00:00,N,N4,152.0
2018-02-24T20:00:00,N,N4,194.00000000000003
2018-02-24T21:00:00,N,N4,174.0
2018-02-24T22:00:00,N,N4,156.99999999999994
2018-02-24T23:00:00,N,N4,142.00000000000003
2018-02-25T00:00:00,N,N4,131.99999999999997
2018-02-25T01:00:00,N,N4,111.99999999999996
2018-02-25T02:00:00,N,N4,106.99999999999996
2018-02-25T03:00:00,N,N4,101.99999999999996
2018-02-25T04:00:00,N,N4,101.99999999999996
2018-02-25T05:00:00,N,N4,102.00000000000004
2018-02-25T06:00:00,N,N4,108.00000000000004
2018-02-25T07:00:00,N,N4,108.00000000000004
2018-02-25T08:00:00,N,N4,119.99999999999996
2018-02-25T09:00:00,N,N4,121.00000000000004
2018-02-25T10:00:00,N,N4,121.00000000000004
2018-02-25T11:00:00,N,N4,144.0
2018-02-25T12:00:00,N,N4,138.99999999999997
2018-02-25T13:00:00,N,N4,138.99999999999997
2018-02-25T14:00:00,N,N4,124.00000000000004
2018-02-25T15:00:00,N,N4,124.00000000000004
2018-02-25T16:00:00,N,N4,125.00000000000004
2018-02-25T17:00:00,N,N4,122.00000000000004
2018-02-25T18:00:00,N,N4,130.99999999999994
2018-02-25T19:00:00,N,N4,170.00000000000006
2018-02-25T20:00:00,N,N4,180.0
2018-02-25T21:00:00,N,N4,180.0
2018-02-25T22:00:00,N,N4,155.00000000000003
2018-02-25T23:00:00,N,N4,144.0
2018-02-26T00:00:00,N,N4,133.99999999999997
2018-02-26T01:00:00,N,N4,119.99999999999996
2018-02-26T02:00:00,N,N4,118.00000000000004
2018-02-26T03:00:00,N,N4,115.0
2018-02-26T04:00:00,N,N4,113.00000000000004
2018-02-26T05:00:00,N,N4,113.00000000000004
2018-02-26T06:00:00,N,N4,122.99999999999994
2018-02-26T07:00:00,N,N4,130.99999999999994
2018-02-26T08:00:00,N,N4,131.99999999999997
2018-02-26T09:00:00,N,N4,137.00000000000003
2018-02-26T10:00:00,N,N4,146.0
2018-02-26T11:00:00,N,N4,151.0
2018-02-26T12:00:00,N,N4,151.0
2018-02-26T13:00:00,N,N4,144.99999999999997
2018-02-26T14:00:00,N,N4,146.99999999999997
2018-02-26T15:00:00,N,N4,137.00000000000003
2018-02-26T16:00:00,N,N4,137.00000000000003
2018-02-26T17:00:00,N,N4,141.00000000000003
2018-02-26T18:00:00,N,N4,146.99999999999997
2018-02-26T19:00:00,N,N4,147.99999999999994
2018-02-26T20:00:00,N,N4,197.0
2018-02-26T21:00:00,N,N4,175.00000000000009
2018-02-26T22:00:00,N,N4,156.99999999999994
2018-02-26T23:00:00,N,N4,135.00000000000003
2018-02-27T00:00:00,N,N4,130.00000000000009
2018-02-27T01:00:00,N,N4,119.99999999999996
2018-02-27T02:00:00,N,N4,115.0
2018-02-27T03:00:00,N,N4,111.99999999999996
2018-02-27T04:00:00,N,N4,111.99999999999996
2018-02-27T05:00:00,N,N4,111.99999999999996
2018-02-27T06:00:00,N,N4,114.00000000000004
2018-02-27T07:00:00,N,N4,110.00000000000004
2018-02-27T08:00:00,N,N4,133.99999999999997
2018-02-27T09:00:00,N,N4,133.0
2018-02-27T10:00:00,N,N4,144.99999999999997
2018-02-27T11:00:00,N,N4,156.99999999999994
2018-02-27T12:00:00,N,N4,152.0
2018-02-27T13:00:00,N,N4,137.00000000000003
2018-02-27T14:00:00,N,N4,149.99999999999997
2018-02-27T15:00:00,N,N4,142.99999999999994
2018-02-27T16:00:00,N,N4,142.99999999999994
2018-02-27T17:00:00,N,N4,127.99999999999996
2018-02-27T18:00:00,N,N4,133.99999999999997
2018-02-27T19:00:00,N,N4,176.99999999999994
2018-02-27T20:00:00,N,N4,156.99999999999994
2018-02-27T21:00:00,N,N4,124.3350828218647
2018-02-27T22:00:00,N,N4,98.00000000000004
2018-02-27T23:00:00,N,N4,98.00000000000004
2018-02-28T00:00:00,N,N4,88.00000000000003
2018-02-28T01:00:00,N,N4,83.00000000000003
2018-02-28T02:00:00,N,N4,83.00000000000003
2018-02-28T03:00:00,N,N4,78.0
2018-02-28T04:00:00,N,N4,78.0
2018-02-28T05:00:00,N,N4,78.0
2018-02-28T06:00:00,N,N4,98.00000000000004
2018-02-28T07:00:00,N,N4,95.0
2018-02-28T08:00:00,N,N4,110.00000000000004
2018-02-28T09:00:00,N,N4,114.00000000000004
2018-02-28T10:00:00,N,N4,137.00000000000003
2018-02-28T11:00:00,N,N4,152.0
2018-02-28T12:00:00,N,N4,146.0
2018-02-28T13:00:00,N,N4,127.0
2018-02-28T14:00:00,N,N4,142.99999999999994
2018-02-28T15:00:00,N,N4,138.99999999999997
2018-02-28T16:00:00,N,N4,138.00000000000006
2018-02-28T17:00:00,N,N4,142.99999999999994
2018-02-28T18:00:00,N,N4,152.99999999999997
2018-02-28T19:00:00,N,N4,177.99999999999997
2018-02-28T20:00:00,N,N4,177.99999999999997
2018-02-28T21:00:00,N,N4,159.99999999999994
2018-02-28T22:00:00,N,N4,147.99999999999994
2018-02-28T23:00:00,N,N4,131.99999999999997
2018-03-01T00:00:00,N,N4,117.00000000000004
2018-03-01T01:00:00,N,N4,111.99999999999996
2018-03-01T02:00:00,N,N4,110.00000000000004
2018-03-01T03:00:00,N,N4,110.00000000000004
2018-03-01T04:00:00,N,N4,110.00000000000004
2018-03-01T05:00:00,N,N4,110.00000000000004
2018-03-01T06:00:00,N,N4,119.99999999999996
2018-03-01T07:00:00,N,N4,122.00000000000004
2018-03-01T08:00:00,N,N4,133.99999999999997
2018-03-01T09:00:00,N,N4,135.00000000000003
2018-03-01T10:00:00,N,N4,138.99999999999997
2018-03-01T11:00:00,N,N4,159.99999999999994
2018-03-01T12:00:00,N,N4,155.00000000000003
2018-03-01T13:00:00,N,N4,138.00000000000006
2018-03-01T14:00:00,N,N4,147.99999999999994
2018-03-01T15:00:00,N,N4,138.00000000000006
2018-03-01T16:00:00,N,N4,122.99999999999994
2018-03-01T17:00:00,N,N4,128.99999999999997
2018-03-01T18:00:00,N,N4,128.99999999999997
2018-03-01T19:00:00,N,N4,146.0
2018-03-01T20:00:00,N,N4,164.00000000000006
2018-03-01T21:00:00,N,N4,131.99999999999997
2018-03-01T22:00:00,N,N4,122.00000000000004
2018-03-01T23:00:00,N,N4,116.0
2018-03-02T00:00:00,N,N4,110.00000000000004
2018-03-02T01:00:00,N,N4,110.00000000000004
2018-03-02T02:00:00,N,N4,104.99999999999996
2018-03-02T03:00:00,N,N4,104.0
2018-03-02T04:00:00,N,N4,104.0
2018-03-02T05:00:00,N,N4,108.99999999999996
2018-03-02T06:00:00,N,N4,130.99999999999994
2018-03-02T07:00:00,N,N4,117.00000000000004
2018-03-02T08:00:00,N,N4,137.00000000000003
2018-03-02T09:00:00,N,N4,149.99999999999997
2018-03-02T10:00:00,N,N4,152.0
2018-03-02T11:00:00,N,N4,171.99999999999994
2018-03-02T12:00:00,N,N4,152.99999999999997
2018-03-02T13:00:00,N,N4,138.99999999999997
2018-03-02T14:00:00,N,N4,156.0
2018-03-02T15:00:00,N,N4,149.0
2018-03-02T16:00:00,N,N4,139.99999999999994
2018-03-02T17:00:00,N,N4,152.0
2018-03-02T18:00:00,N,N4,154.00000000000006
2018-03-02T19:00:00,N,N4,184.99999999999991
2018-03-02T20:00:00,N,N4,183.00000000000009
2018-03-02T21:00:00,N,N4,156.0
2018-03-02T22:00:00,N,N4,146.99999999999997
2018-03-02T23:00:00,N,N4,131.99999999999997
2018-03-03T00:00:00,N,N4,127.0
2018-03-03T01:00:00,N,N4,122.00000000000004
2018-03-03T02:00:00,N,N4,116.0
2018-03-03T03:00:00,N,N4,114.00000000000004
2018-03-03T04:00:00,N,N4,114.00000000000004
2018-03-03T05:00:00,N,N4,114.00000000000004
2018-03-03T06:00:00,N,N4,125.00000000000004
2018-03-03T07:00:00,N,N4,135.00000000000003
2018-03-03T08:00:00,N,N4,139.99999999999994
2018-03-03T09:00:00,N,N4,146.0
2018-03-03T10:00:00,N,N4,159.0
2018-03-03T11:00:00,N,N4,175.00000000000009
2018-03-03T12:00:00,N,N4,152.99999999999997
2018-03-03T13:00:00,N,N4,152.99999999999997
2018-03-03T14:00:00,N,N4,146.0
2018-03-03T15:00:00,N,N4,138.99999999999997
2018-03-03T16:00:00,N,N4,129.99999999999997
2018-03-03T17:00:00,N,N4,131.99999999999997
2018-03-03T18:00:00,N,N4,131.99999999999997
2018-03-03T19:00:00,N,N4,147.99999999999994
2018-03-03T20:00:00,N,N4,144.99999999999997
2018-03-03T21:00:00,N,N4,127.99999999999996
2018-03-03T22:00:00,N,N4,118.00000000000004
2018-03-03T23:00:00,N,N4,113.00000000000004
2018-03-04T00:00:00,N,N4,108.00000000000004
2018-03-04T01:00:00,N,N4,103.0000000000001
2018-03-04T02:00:00,N,N4,98.00000000000004
2018-03-04T03:00:00,N,N4,98.00000000000004
2018-03-04T04:00:00,N,N4,98.00000000000004
2018-03-04T05:00:00,N,N4,98.00000000000004
2018-03-04T06:00:00,N,N4,104.0
2018-03-04T07:00:00,N,N4,110.00000000000004
2018-03-04T08:00:00,N,N4,115.0
2018-03-04T09:00:00,N,N4,116.0
2018-03-04T10:00:00,N,N4,127.0
2018-03-04T11:00:00,N,N4,138.00000000000006
2018-03-04T12:00:00,N,N4,131.99999999999997
2018-03-04T13:00:00,N,N4,122.00000000000004
2018-03-04T14:00:00,N,N4,115.0
2018-03-04T15:00:00,N,N4,105.99999999999996
2018-03-04T16:00:00,N,N4,96.0
2018-03-04T17:00:00,N,N4,103.0
2018-03-04T18:00:00,N,N4,117.00000000000004
2018-03-04T19:00:00,N,N4,147.99999999999994
2018-03-04T20:00:00,N,N4,147.99999999999994
2018-03-04T21:00:00,N,N4,138.00000000000006
2018-03-04T22:00:00,N,N4,122.00000000000004
2018-03-04T23:00:00,N,N4,111.99999999999996
2018-03-05T00:00:00,N,N4,106.99999999999996
2018-03-05T01:00:00,N,N4,101.99999999999996
2018-03-05T02:00:00,N,N4,101.99999999999996
2018-03-05T03:00:00,N,N4,101.99999999999996
2018-03-05T04:00:00,N,N4,101.99999999999996
2018-03-05T05:00:00,N,N4,102.00000000000004
2018-03-05T06:00:00,N,N4,118.00000000000004
2018-03-05T07:00:00,N,N4,116.0
2018-03-05T08:00:00,N,N4,131.99999999999997
2018-03-05T09:00:00,N,N4,127.0
2018-03-05T10:00:00,N,N4,152.0
2018-03-05T11:00:00,N,N4,154.00000000000006
2018-03-05T12:00:00,N,N4,152.0
2018-03-05T13:00:00,N,N4,139.99999999999994
2018-03-05T14:00:00,N,N4,137.00000000000003
2018-03-05T15:00:00,N,N4,130.99999999999994
2018-03-05T16:00:00,N,N4,130.99999999999994
2018-03-05T17:00:00,N,N4,136.00000000000006
2018-03-05T18:00:00,N,N4,144.0
2018-03-05T19:00:00,N,N4,189.00000000000003
2018-03-05T20:00:00,N,N4,189.00000000000003
2018-03-05T21:00:00,N,N4,174.0
2018-03-05T22:00:00,N,N4,146.99999999999997
2018-03-05T23:00:00,N,N4,146.99999999999997
2018-03-06T00:00:00,N,N4,122.00000000000004
2018-03-06T01:00:00,N,N4,117.00000000000004
2018-03-06T02:00:00,N,N4,111.99999999999996
2018-03-06T03:00:00,N,N4,111.99999999999996
2018-03-06T04:00:00,N,N4,111.99999999999996
2018-03-06T05:00:00,N,N4,111.99999999999996
2018-03-06T06:00:00,N,N4,127.99999999999996
2018-03-06T07:00:00,N,N4,126.0
2018-03-06T08:00:00,N,N4,137.00000000000003
2018-03-06T09:00:00,N,N4,137.00000000000003
2018-03-06T10:00:00,N,N4,146.99999999999997
2018-03-06T11:00:00,N,N4,161.00000000000003
2018-03-06T12:00:00,N,N4,149.99999999999997
2018-03-06T13:00:00,N,N4,137.00000000000003
2018-03-06T14:00:00,N,N4,137.00000000000003
2018-03-06T15:00:00,N,N4,135.00000000000003
2018-03-06T16:00:00,N,N4,135.00000000000003
2018-03-06T17:00:00,N,N4,137.00000000000003
2018-03-06T18:00:00,N,N4,144.99999999999997
2018-03-06T19:00:00,N,N4,193.0
2018-03-06T20:00:00,N,N4,184.00000000000009
2018-03-06T21:00:00,N,N4,155.00000000000003
2018-03-06T22:00:00,N,N4,138.00000000000006
2018-03-06T23:00:00,N,N4,133.0
2018-03-07T00:00:00,N,N4,122.99999999999994
2018-03-07T01:00:00,N,N4,117.00000000000004
2018-03-07T02:00:00,N,N4,111.99999999999996
2018-03-07T03:00:00,N,N4,111.99999999999996
2018-03-07T04:00:00,N,N4,111.99999999999996
2018-03-07T05:00:00,N,N4,112.00000000000006
2018-03-07T06:00:00,N,N4,127.99999999999996
2018-03-07T07:00:00,N,N4,127.99999999999996
2018-03-07T08:00:00,N,N4,130.99999999999994
2018-03-07T09:00:00,N,N4,133.0
2018-03-07T10:00:00,N,N4,139.99999999999994
2018-03-07T11:00:00,N,N4,149.99999999999997
2018-03-07T12:00:00,N,N4,142.99999999999994
2018-03-07T13:00:00,N,N4,121.00000000000004
2018-03-07T14:00:00,N,N4,135.00000000000003
2018-03-07T15:00:00,N,N4,126.0
2018-03-07T16:00:00,N,N4,129.99999999999997
2018-03-07T17:00:00,N,N4,129.99999999999997
2018-03-07T18:00:00,N,N4,146.0
2018-03-07T19:00:00,N,N4,186.00000000000009
2018-03-07T20:00:00,N,N4,180.0
2018-03-07T21:00:00,N,N4,154.00000000000006
2018-03-07T22:00:00,N,N4,138.99999999999997
2018-03-07T23:00:00,N,N4,124.00000000000004
2018-03-08T00:00:00,N,N4,117.00000000000004
2018-03-08T01:00:00,N,N4,106.99999999999996
2018-03-08T02:00:00,N,N4,101.99999999999996
2018-03-08T03:00:00,N,N4,102.00000000000004
2018-03-08T04:00:00,N,N4,101.99999999999996
2018-03-08T05:00:00,N,N4,106.99999999999996
2018-03-08T06:00:00,N,N4,119.99999999999996
2018-03-08T07:00:00,N,N4,116.0
2018-03-08T08:00:00,N,N4,124.00000000000004
2018-03-08T09:00:00,N,N4,122.00000000000004
2018-03-08T10:00:00,N,N4,122.99999999999994
2018-03-08T11:00:00,N,N4,141.00000000000003
2018-03-08T12:00:00,N,N4,135.00000000000003
2018-03-08T13:00:00,N,N4,117.00000000000004
2018-03-08T14:00:00,N,N4,128.99999999999997
2018-03-08T15:00:00,N,N4,124.00000000000004
2018-03-08T16:00:00,N,N4,131.99999999999997
2018-03-08T17:00:00,N,N4,133.99999999999997
2018-03-08T18:00:00,N,N4,142.99999999999994
2018-03-08T19:00:00,N,N4,183.00000000000009
2018-03-08T20:00:00,N,N4,183.00000000000009
2018-03-08T21:00:00,N,N4,156.0
2018-03-08T22:00:00,N,N4,135.00000000000003
2018-03-08T23:00:00,N,N4,125.00000000000004
2018-03-09T00:00:00,N,N4,115.0
2018-03-09T01:00:00,N,N4,108.99999999999996
2018-03-09T02:00:00,N,N4,107.7821143508698
2018-03-09T03:00:00,N,N4,106.3927292434186
2018-03-09T04:00:00,N,N4,104.97623146202572
2018-03-09T05:00:00,N,N4,108.27261252463065
2018-03-09T06:00:00,N,N4,120.6042649313329
2018-03-09T07:00:00,N,N4,117.00000000000004
2018-03-09T08:00:00,N,N4,127.0
2018-03-09T09:00:00,N,N4,130.99999999999994
2018-03-09T10:00:00,N,N4,135.00000000000003
2018-03-09T11:00:00,N,N4,144.99999999999997
2018-03-09T12:00:00,N,N4,127.99999999999996
2018-03-09T13:00:00,N,N4,127.0
2018-03-09T14:00:00,N,N4,138.00000000000006
2018-03-09T15:00:00,N,N4,133.99999999999997
2018-03-09T16:00:00,N,N4,127.99999999999996
2018-03-09T17:00:00,N,N4,136.00000000000006
2018-03-09T18:00:00,N,N4,135.00000000000003
2018-03-09T19:00:00,N,N4,180.0
2018-03-09T20:00:00,N,N4,180.0
2018-03-09T21:00:00,N,N4,163.0
2018-03-09T22:00:00,N,N4,147.99999999999994
2018-03-09T23:00:00,N,N4,131.99999999999997
2018-03-10T00:00:00,N,N4,126.0
2018-03-10T01:00:00,N,N4,119.99999999999996
2018-03-10T02:00:00,N,N4,115.0
2018-03-10T03:00:00,N,N4,110.00000000000004
2018-03-10T04:00:00,N,N4,105.99999999999996
2018-03-10T05:00:00,N,N4,105.99999999999996
2018-03-10T06:00:00,N,N4,126.0
2018-03-10T07:00:00,N,N4,125.00000000000004
2018-03-10T08:00:00,N,N4,133.0
2018-03-10T09:00:00,N,N4,131.99999999999997
2018-03-10T10:00:00,N,N4,138.00000000000006
2018-03-10T11:00:00,N,N4,144.0
2018-03-10T12:00:00,N,N4,135.00000000000003
2018-03-10T13:00:00,N,N4,131.99999999999997
2018-03-10T14:00:00,N,N4,135.00000000000003
2018-03-10T15:00:00,N,N4,118.00000000000004
2018-03-10T16:00:00,N,N4,125.00000000000004
2018-03-10T17:00:00,N,N4,127.0
2018-03-10T18:00:00,N,N4,133.0
2018-03-10T19:00:00,N,N4,181.00000000000009
2018-03-10T20:00:00,N,N4,181.00000000000009
2018-03-10T21:00:00,N,N4,171.00000000000009
2018-03-10T22:00:00,N,N4,155.00000000000003
2018-03-10T23:00:00,N,N4,155.00000000000003
2018-03-11T00:00:00,N,N4,127.99999999999996
2018-03-11T01:00:00,N,N4,118.00000000000004
2018-03-11T02:00:00,N,N4,118.00000000000004
2018-03-11T03:00:00,N,N4,118.00000000000004
2018-03-11T04:00:00,N,N4,118.00000000000004
2018-03-11T05:00:00,N,N4,118.00000000000004
2018-03-11T06:00:00,N,N4,108.99999999999996
2018-03-11T07:00:00,N,N4,119.99999999999996
2018-03-11T08:00:00,N,N4,119.99999999999996
2018-03-11T09:00:00,N,N4,125.00000000000004
2018-03-11T10:00:00,N,N4,129.99999999999997
2018-03-11T11:00:00,N,N4,138.99999999999997
2018-03-11T12:00:00,N,N4,135.00000000000003
2018-03-11T13:00:00,N,N4,122.99999999999994
2018-03-11T14:00:00,N,N4,111.99999999999996
2018-03-11T15:00:00,N,N4,111.99999999999996
2018-03-11T16:00:00,N,N4,111.99999999999996
2018-03-11T17:00:00,N,N4,110.00000000000004
2018-03-11T18:00:00,N,N4,121.00000000000004
2018-03-11T19:00:00,N,N4,175.00000000000009
2018-03-11T20:00:00,N,N4,180.0
2018-03-11T21:00:00,N,N4,164.99999999999994
2018-03-11T22:00:00,N,N4,149.0
2018-03-11T23:00:00,N,N4,136.9999999999999
2018-03-12T00:00:00,N,N4,131.99999999999997
2018-03-12T01:00:00,N,N4,122.00000000000004
2018-03-12T02:00:00,N,N4,118.00000000000004
2018-03-12T03:00:00,N,N4,115.0
2018-03-12T04:00:00,N,N4,115.0
2018-03-12T05:00:00,N,N4,115.0
2018-03-12T06:00:00,N,N4,119.99999999999996
2018-03-12T07:00:00,N,N4,119.99999999999996
2018-03-12T08:00:00,N,N4,137.00000000000003
2018-03-12T09:00:00,N,N4,144.0
2018-03-12T10:00:00,N,N4,149.99999999999997
2018-03-12T11:00:00,N,N4,158.00000000000003
2018-03-12T12:00:00,N,N4,146.0
2018-03-12T13:00:00,N,N4,136.00000000000006
2018-03-12T14:00:00,N,N4,152.0
2018-03-12T15:00:00,N,N4,141.00000000000003
2018-03-12T16:00:00,N,N4,139.99999999999994
2018-03-12T17:00:00,N,N4,142.00000000000003
2018-03-12T18:00:00,N,N4,142.99999999999994
2018-03-12T19:00:00,N,N4,170.00000000000006
2018-03-12T20:00:00,N,N4,202.00000000000009
2018-03-12T21:00:00,N,N4,183.00000000000009
2018-03-12T22:00:00,N,N4,159.0
2018-03-12T23:00:00,N,N4,138.00000000000006
2018-03-13T00:00:00,N,N4,133.99999999999997
2018-03-13T01:00:00,N,N4,126.0
2018-03-13T02:00:00,N,N4,126.0
2018-03-13T03:00:00,N,N4,115.0
2018-03-13T04:00:00,N,N4,115.0
2018-03-13T05:00:00,N,N4,122.00000000000004
2018-03-13T06:00:00,N,N4,130.99999999999994
2018-03-13T07:00:00,N,N4,129.99999999999997
2018-03-13T08:00:00,N,N4,142.00000000000003
2018-03-13T09:00:00,N,N4,146.99999999999997
2018-03-13T10:00:00,N,N4,152.99999999999997
2018-03-13T11:00:00,N,N4,164.99999999999994
2018-03-13T12:00:00,N,N4,155.00000000000003
2018-03-13T13:00:00,N,N4,146.99999999999997
2018-03-13T14:00:00,N,N4,152.0
2018-03-13T15:00:00,N,N4,146.99999999999997
2018-03-13T16:00:00,N,N4,136.00000000000006
2018-03-13T17:00:00,N,N4,147.99999999999994
2018-03-13T18:00:00,N,N4,147.99999999999994
2018-03-13T19:00:00,N,N4,180.0
2018-03-13T20:00:00,N,N4,187.00000000000003
2018-03-13T21:00:00,N,N4,167.99999999999997
2018-03-13T22:00:00,N,N4,155.00000000000003
2018-03-13T23:00:00,N,N4,142.00000000000003
2018-03-14T00:00:00,N,N4,130.99999999999994
2018-03-14T01:00:00,N,N4,126.0
2018-03-14T02:00:00,N,N4,122.00000000000004
2018-03-14T03:00:00,N,N4,121.00000000000004
2018-03-14T04:00:00,N,N4,116.0
2018-03-14T05:00:00,N,N4,119.99999999999996
2018-03-14T06:00:00,N,N4,130.99999999999994
2018-03-14T07:00:00,N,N4,128.99999999999997
2018-03-14T08:00:00,N,N4,142.00000000000003
2018-03-14T09:00:00,N,N4,147.99999999999994
2018-03-14T10:00:00,N,N4,156.0
2018-03-14T11:00:00,N,N4,169.0
2018-03-14T12:00:00,N,N4,159.0
2018-03-14T13:00:00,N,N4,159.0
2018-03-14T14:00:00,N,N4,155.00000000000003
2018-03-14T15:00:00,N,N4,147.99999999999994
2018-03-14T16:00:00,N,N4,147.99999999999994
2018-03-14T17:00:00,N,N4,155.00000000000003
2018-03-14T18:00:00,N,N4,144.0
2018-03-14T19:00:00,N,N4,184.99999999999991
2018-03-14T20:00:00,N,N4,144.99999999999997
2018-03-14T21:00:00,N,N4,146.99999999999997
2018-03-14T22:00:00,N,N4,133.99999999999997
2018-03-14T23:00:00,N,N4,115.0
2018-03-15T00:00:00,N,N4,115.0
2018-03-15T01:00:00,N,N4,110.00000000000004
2018-03-15T02:00:00,N,N4,104.99999999999996
2018-03-15T03:00:00,N,N4,104.0
2018-03-15T04:00:00,N,N4,104.0
2018-03-15T05:00:00,N,N4,104.99999999999996
2018-03-15T06:00:00,N,N4,119.99999999999996
2018-03-15T07:00:00,N,N4,118.00000000000004
2018-03-15T08:00:00,N,N4,137.00000000000003
2018-03-15T09:00:00,N,N4,142.99999999999994
2018-03-15T10:00:00,N,N4,146.0
2018-03-15T11:00:00,N,N4,164.00000000000006
2018-03-15T12:00:00,N,N4,138.00000000000006
2018-03-15T13:00:00,N,N4,118.50439065579944
2018-03-15T14:00:00,N,N4,115.8751317205943
2018-03-15T15:00:00,N,N4,104.98344728366165
2018-03-15T16:00:00,N,N4,97.0
2018-03-15T17:00:00,N,N4,111.99999999999996
2018-03-15T18:00:00,N,N4,122.00000000000004
2018-03-15T19:00:00,N,N4,152.99999999999997
2018-03-15T20:00:00,N,N4,142.00000000000003
2018-03-15T21:00:00,N,N4,116.0
2018-03-15T22:00:00,N,N4,110.99999999999996
2018-03-15T23:00:00,N,N4,96.0
2018-03-16T00:00:00,N,N4,96.0
2018-03-16T01:00:00,N,N4,90.99999999999996
2018-03-16T02:00:00,N,N4,85.00000000000001
2018-03-16T03:00:00,N,N4,85.00000000000001
2018-03-16T04:00:00,N,N4,85.00000000000001
2018-03-16T05:00:00,N,N4,85.00000000000001
2018-03-16T06:00:00,N,N4,110.99999999999996
2018-03-16T07:00:00,N,N4,110.00000000000004
2018-03-16T08:00:00,N,N4,113.00000000000004
2018-03-16T09:00:00,N,N4,121.00000000000004
2018-03-16T10:00:00,N,N4,122.99999999999994
2018-03-16T11:00:00,N,N4,139.99999999999994
2018-03-16T12:00:00,N,N4,135.00000000000003
2018-03-16T13:00:00,N,N4,116.0
2018-03-16T14:00:00,N,N4,127.0
2018-03-16T15:00:00,N,N4,129.99999999999997
2018-03-16T16:00:00,N,N4,124.00000000000004
2018-03-16T17:00:00,N,N4,137.00000000000003
2018-03-16T18:00:00,N,N4,146.0
2018-03-16T19:00:00,N,N4,182.0
2018-03-16T20:00:00,N,N4,182.0
2018-03-16T21:00:00,N,N4,173.00000000000006
2018-03-16T22:00:00,N,N4,163.0
2018-03-16T23:00:00,N,N4,146.99999999999997
2018-03-17T00:00:00,N,N4,137.00000000000003
2018-03-17T01:00:00,N,N4,127.0
2018-03-17T02:00:00,N,N4,119.99999999999996
2018-03-17T03:00:00,N,N4,119.99999999999996
2018-03-17T04:00:00,N,N4,119.99999999999996
2018-03-17T05:00:00,N,N4,119.99999999999996
2018-03-17T06:00:00,N,N4,126.0
2018-03-17T07:00:00,N,N4,131.99999999999997
2018-03-17T08:00:00,N,N4,135.00000000000003
2018-03-17T09:00:00,N,N4,135.00000000000003
2018-03-17T10:00:00,N,N4,149.0
2018-03-17T11:00:00,N,N4,144.99999999999997
2018-03-17T12:00:00,N,N4,144.99999999999997
2018-03-17T13:00:00,N,N4,146.99999999999997
2018-03-17T14:00:00,N,N4,144.0
2018-03-17T15:00:00,N,N4,137.00000000000003
2018-03-17T16:00:00,N,N4,133.99999999999997
2018-03-17T17:00:00,N,N4,130.00000000000009
2018-03-17T18:00:00,N,N4,135.00000000000003
2018-03-17T19:00:00,N,N4,182.0
2018-03-17T20:00:00,N,N4,182.0
2018-03-17T21:00:00,N,N4,161.99999999999994
2018-03-17T22:00:00,N,N4,146.99999999999997
2018-03-17T23:00:00,N,N4,146.99999999999997
2018-03-18T00:00:00,N,N4,129.99999999999997
2018-03-18T01:00:00,N,N4,125.00000000000004
2018-03-18T02:00:00,N,N4,119.99999999999996
2018-03-18T03:00:00,N,N4,115.0
2018-03-18T04:00:00,N,N4,115.0
2018-03-18T05:00:00,N,N4,115.0
2018-03-18T06:00:00,N,N4,110.00000000000004
2018-03-18T07:00:00,N,N4,110.00000000000004
2018-03-18T08:00:00,N,N4,114.00000000000004
2018-03-18T09:00:00,N,N4,114.00000000000004
2018-03-18T10:00:00,N,N4,124.00000000000004
2018-03-18T11:00:00,N,N4,144.99999999999997
2018-03-18T12:00:00,N,N4,127.99999999999996
2018-03-18T13:00:00,N,N4,122.00000000000004
2018-03-18T14:00:00,N,N4,116.0
2018-03-18T15:00:00,N,N4,111.99999999999996
2018-03-18T16:00:00,N,N4,113.00000000000004
2018-03-18T17:00:00,N,N4,113.00000000000004
2018-03-18T18:00:00,N,N4,125.00000000000004
2018-03-18T19:00:00,N,N4,180.0
2018-03-18T20:00:00,N,N4,184.99999999999991
2018-03-18T21:00:00,N,N4,175.00000000000009
2018-03-18T22:00:00,N,N4,164.99999999999994
2018-03-18T23:00:00,N,N4,149.99999999999997
2018-03-19T00:00:00,N,N4,138.99999999999997
2018-03-19T01:00:00,N,N4,133.99999999999997
2018-03-19T02:00:00,N,N4,128.99999999999997
2018-03-19T03:00:00,N,N4,128.99999999999997
2018-03-19T04:00:00,N,N4,119.99999999999996
2018-03-19T05:00:00,N,N4,119.99999999999996
2018-03-19T06:00:00,N,N4,129.99999999999997
2018-03-19T07:00:00,N,N4,135.00000000000003
2018-03-19T08:00:00,N,N4,142.00000000000003
2018-03-19T09:00:00,N,N4,139.99999999999994
2018-03-19T10:00:00,N,N4,144.0
2018-03-19T11:00:00,N,N4,155.00000000000003
2018-03-19T12:00:00,N,N4,144.0
2018-03-19T13:00:00,N,N4,137.00000000000003
2018-03-19T14:00:00,N,N4,144.99999999999997
2018-03-19T15:00:00,N,N4,138.00000000000006
2018-03-19T16:00:00,N,N4,136.00000000000006
2018-03-19T17:00:00,N,N4,133.99999999999997
2018-03-19T18:00:00,N,N4,138.00000000000006
2018-03-19T19:00:00,N,N4,189.00000000000003
2018-03-19T20:00:00,N,N4,182.0
2018-03-19T21:00:00,N,N4,154.00000000000006
2018-03-19T22:00:00,N,N4,137.00000000000003
2018-03-19T23:00:00,N,N4,127.99999999999996
2018-03-20T00:00:00,N,N4,118.00000000000004
2018-03-20T01:00:00,N,N4,111.99999999999996
2018-03-20T02:00:00,N,N4,106.99999999999996
2018-03-20T03:00:00,N,N4,106.99999999999996
2018-03-20T04:00:00,N,N4,106.99999999999996
2018-03-20T05:00:00,N,N4,111.99999999999996
2018-03-20T06:00:00,N,N4,115.0
2018-03-20T07:00:00,N,N4,129.99999999999997
2018-03-20T08:00:00,N,N4,133.0
2018-03-20T09:00:00,N,N4,128.99999999999997
2018-03-20T10:00:00,N,N4,129.99999999999997
2018-03-20T11:00:00,N,N4,146.0
2018-03-20T12:00:00,N,N4,139.99999999999994
2018-03-20T13:00:00,N,N4,114.00000000000004
2018-03-20T14:00:00,N,N4,119.00000000000004
2018-03-20T15:00:00,N,N4,118.00000000000004
2018-03-20T16:00:00,N,N4,117.00000000000004
2018-03-20T17:00:00,N,N4,119.00000000000004
2018-03-20T18:00:00,N,N4,133.99999999999997
2018-03-20T19:00:00,N,N4,158.00000000000003
2018-03-20T20:00:00,N,N4,156.0
2018-03-20T21:00:00,N,N4,141.00000000000003
2018-03-20T22:00:00,N,N4,110.00000000000004
2018-03-20T23:00:00,N,N4,110.00000000000004
2018-03-21T00:00:00,N,N4,104.99999999999989
2018-03-21T01:00:00,N,N4,101.00000000000004
2018-03-21T02:00:00,N,N4,90.0
2018-03-21T03:00:00,N,N4,90.0
2018-03-21T04:00:00,N,N4,90.0
2018-03-21T05:00:00,N,N4,95.0
2018-03-21T06:00:00,N,N4,119.00000000000004
2018-03-21T07:00:00,N,N4,115.0
2018-03-21T08:00:00,N,N4,129.99999999999997
2018-03-21T09:00:00,N,N4,129.99999999999997
2018-03-21T10:00:00,N,N4,133.99999999999997
2018-03-21T11:00:00,N,N4,144.0
2018-03-21T12:00:00,N,N4,121.00000000000004
2018-03-21T13:00:00,N,N4,101.00000000000004
2018-03-21T14:00:00,N,N4,108.00000000000004
2018-03-21T15:00:00,N,N4,108.00000000000004
2018-03-21T16:00:00,N,N4,104.99999999999996
2018-03-21T17:00:00,N,N4,104.99999999999996
2018-03-21T18:00:00,N,N4,126.0
2018-03-21T19:00:00,N,N4,146.99999999999997
2018-03-21T20:00:00,N,N4,167.99999999999997
2018-03-21T21:00:00,N,N4,139.99999999999994
2018-03-21T22:00:00,N,N4,122.00000000000004
2018-03-21T23:00:00,N,N4,116.0
2018-03-22T00:00:00,N,N4,110.00000000000004
2018-03-22T01:00:00,N,N4,104.99999999999996
2018-03-22T02:00:00,N,N4,100.00000000000004
2018-03-22T03:00:00,N,N4,100.00000000000004
2018-03-22T04:00:00,N,N4,100.00000000000004
2018-03-22T05:00:00,N,N4,100.00000000000004
2018-03-22T06:00:00,N,N4,115.0
2018-03-22T07:00:00,N,N4,117.00000000000004
2018-03-22T08:00:00,N,N4,118.00000000000004
2018-03-22T09:00:00,N,N4,121.00000000000004
2018-03-22T10:00:00,N,N4,127.0
2018-03-22T11:00:00,N,N4,144.0
2018-03-22T12:00:00,N,N4,133.0
2018-03-22T13:00:00,N,N4,119.99999999999996
2018-03-22T14:00:00,N,N4,136.00000000000006
2018-03-22T15:00:00,N,N4,137.00000000000003
2018-03-22T16:00:00,N,N4,128.99999999999997
2018-03-22T17:00:00,N,N4,138.00000000000006
2018-03-22T18:00:00,N,N4,144.99999999999997
2018-03-22T19:00:00,N,N4,193.0
2018-03-22T20:00:00,N,N4,193.0
2018-03-22T21:00:00,N,N4,167.99999999999997
2018-03-22T22:00:00,N,N4,152.0
2018-03-22T23:00:00,N,N4,139.99999999999994
2018-03-23T00:00:00,N,N4,129.99999999999997
2018-03-23T01:00:00,N,N4,125.00000000000004
2018-03-23T02:00:00,N,N4,119.99999999999996
2018-03-23T03:00:00,N,N4,119.99999999999996
2018-03-23T04:00:00,N,N4,115.0
2018-03-23T05:00:00,N,N4,115.0
2018-03-23T06:00:00,N,N4,141.00000000000003
2018-03-23T07:00:00,N,N4,133.0
2018-03-23T08:00:00,N,N4,131.99999999999997
2018-03-23T09:00:00,N,N4,137.00000000000003
2018-03-23T10:00:00,N,N4,144.0
2018-03-23T11:00:00,N,N4,149.99999999999997
2018-03-23T12:00:00,N,N4,152.99999999999997
2018-03-23T13:00:00,N,N4,139.99999999999994
2018-03-23T14:00:00,N,N4,154.00000000000006
2018-03-23T15:00:00,N,N4,141.00000000000003
2018-03-23T16:00:00,N,N4,144.99999999999997
2018-03-23T17:00:00,N,N4,141.5
2018-03-23T18:00:00,N,N4,160.41666666666666
2018-03-23T19:00:00,N,N4,187.00000000000003
2018-03-23T20:00:00,N,N4,176.99999999999994
2018-03-23T21:00:00,N,N4,176.99999999999994
2018-03-23T22:00:00,N,N4,135.00000000000003
2018-03-23T23:00:00,N,N4,135.00000000000003
2018-03-24T00:00:00,N,N4,129.99999999999997
2018-03-24T01:00:00,N,N4,124.00000000000004
2018-03-24T02:00:00,N,N4,118.00000000000004
2018-03-24T03:00:00,N,N4,118.00000000000004
2018-03-24T04:00:00,N,N4,118.00000000000004
2018-03-24T05:00:00,N,N4,118.00000000000004
2018-03-24T06:00:00,N,N4,117.00000000000004
2018-03-24T07:00:00,N,N4,129.99999999999997
2018-03-24T08:00:00,N,N4,135.00000000000003
2018-03-24T09:00:00,N,N4,139.99999999999994
2018-03-24T10:00:00,N,N4,141.00000000000003
2018-03-24T11:00:00,N,N4,156.99999999999994
2018-03-24T12:00:00,N,N4,144.99999999999997
2018-03-24T13:00:00,N,N4,136.00000000000006
2018-03-24T14:00:00,N,N4,119.99999999999996
2018-03-24T15:00:00,N,N4,110.00000000000004
2018-03-24T16:00:00,N,N4,110.00000000000004
2018-03-24T17:00:00,N,N4,115.0
2018-03-24T18:00:00,N,N4,121.00000000000004
2018-03-24T19:00:00,N,N4,163.0
2018-03-24T20:00:00,N,N4,163.0
2018-03-24T21:00:00,N,N4,131.99999999999997
2018-03-24T22:00:00,N,N4,119.99999999999996
2018-03-24T23:00:00,N,N4,100.00000000000004
2018-03-25T00:00:00,N,N4,95.0
2018-03-25T01:00:00,N,N4,88.00000000000003
2018-03-25T02:00:00,N,N4,85.99999999999997
2018-03-25T03:00:00,N,N4,85.00000000000001
2018-03-25T04:00:00,N,N4,85.00000000000001
2018-03-25T05:00:00,N,N4,88.00000000000003
2018-03-25T06:00:00,N,N4,103.0
2018-03-25T07:00:00,N,N4,108.00000000000004
2018-03-25T08:00:00,N,N4,108.99999999999989
2018-03-25T09:00:00,N,N4,108.99999999999996
2018-03-25T10:00:00,N,N4,115.0
2018-03-25T11:00:00,N,N4,121.00000000000004
2018-03-25T12:00:00,N,N4,121.00000000000004
2018-03-25T13:00:00,N,N4,94.0
2018-03-25T14:00:00,N,N4,83.00000000000003
2018-03-25T15:00:00,N,N4,83.00000000000003
2018-03-25T16:00:00,N,N4,83.00000000000003
2018-03-25T17:00:00,N,N4,108.00000000000004
2018-03-25T18:00:00,N,N4,139.99999999999994
2018-03-25T19:00:00,N,N4,139.99999999999994
2018-03-25T20:00:00,N,N4,110.00000000000004
2018-03-25T21:00:00,N,N4,95.0
2018-03-25T22:00:00,N,N4,88.00000000000003
2018-03-25T23:00:00,N,N4,83.99999999999999
2018-03-26T00:00:00,N,N4,79.99999999999997
2018-03-26T01:00:00,N,N4,79.99999999999997
2018-03-26T02:00:00,N,N4,72.0
2018-03-26T03:00:00,N,N4,72.0
2018-03-26T04:00:00,N,N4,72.99999999999999
2018-03-26T05:00:00,N,N4,87.0
2018-03-26T06:00:00,N,N4,104.99999999999989
2018-03-26T07:00:00,N,N4,104.99999999999989
2018-03-26T08:00:00,N,N4,110.99999999999996
2018-03-26T09:00:00,N,N4,110.00000000000004
2018-03-26T10:00:00,N,N4,117.00000000000004
2018-03-26T11:00:00,N,N4,121.00000000000004
2018-03-26T12:00:00,N,N4,108.00000000000004
2018-03-26T13:00:00,N,N4,98.00000000000004
2018-03-26T14:00:00,N,N4,108.99999999999996
2018-03-26T15:00:00,N,N4,110.00000000000004
2018-03-26T16:00:00,N,N4,104.99999999999996
2018-03-26T17:00:00,N,N4,127.99999999999996
2018-03-26T18:00:00,N,N4,179.0
2018-03-26T19:00:00,N,N4,164.99999999999994
2018-03-26T20:00:00,N,N4,137.00000000000003
2018-03-26T21:00:00,N,N4,110.00000000000004
2018-03-26T22:00:00,N,N4,104.0
2018-03-26T23:00:00,N,N4,98.00000000000004
2018-03-27T00:00:00,N,N4,92.0
2018-03-27T01:00:00,N,N4,92.0
2018-03-27T02:00:00,N,N4,90.0
2018-03-27T03:00:00,N,N4,88.00000000000003
2018-03-27T04:00:00,N,N4,88.00000000000003
2018-03-27T05:00:00,N,N4,103.0000000000001
2018-03-27T06:00:00,N,N4,119.00000000000004
2018-03-27T07:00:00,N,N4,104.99999999999996
2018-03-27T08:00:00,N,N4,119.00000000000004
2018-03-27T09:00:00,N,N4,110.00000000000004
2018-03-27T10:00:00,N,N4,117.00000000000004
2018-03-27T11:00:00,N,N4,127.99999999999996
2018-03-27T12:00:00,N,N4,108.99999999999996
2018-03-27T13:00:00,N,N4,90.99999999999996
2018-03-27T14:00:00,N,N4,101.00000000000004
2018-03-27T15:00:00,N,N4,104.0
2018-03-27T16:00:00,N,N4,110.00000000000004
2018-03-27T17:00:00,N,N4,138.00000000000006
2018-03-27T18:00:00,N,N4,155.00000000000003
2018-03-27T19:00:00,N,N4,138.99999999999997
2018-03-27T20:00:00,N,N4,122.00000000000004
2018-03-27T21:00:00,N,N4,104.99999999999996
2018-03-27T22:00:00,N,N4,99.0
2018-03-27T23:00:00,N,N4,88.00000000000003
2018-03-28T00:00:00,N,N4,88.00000000000003
2018-03-28T01:00:00,N,N4,83.00000000000003
2018-03-28T02:00:00,N,N4,83.00000000000003
2018-03-28T03:00:00,N,N4,83.00000000000003
2018-03-28T04:00:00,N,N4,83.00000000000003
2018-03-28T05:00:00,N,N4,83.00000000000003
2018-03-28T06:00:00,N,N4,110.00000000000004
2018-03-28T07:00:00,N,N4,121.00000000000004
2018-03-28T08:00:00,N,N4,121.00000000000004
2018-03-28T09:00:00,N,N4,125.00000000000004
2018-03-28T10:00:00,N,N4,130.99999999999994
2018-03-28T11:00:00,N,N4,130.99999999999994
2018-03-28T12:00:00,N,N4,121.00000000000004
2018-03-28T13:00:00,N,N4,105.99999999999996
2018-03-28T14:00:00,N,N4,108.00000000000004
2018-03-28T15:00:00,N,N4,104.0
2018-03-28T16:00:00,N,N4,122.00000000000004
2018-03-28T17:00:00,N,N4,126.0
2018-03-28T18:00:00,N,N4,167.00000000000006
2018-03-28T19:00:00,N,N4,158.00000000000003
2018-03-28T20:00:00,N,N4,138.99999999999997
2018-03-28T21:00:00,N,N4,119.00000000000004
2018-03-28T22:00:00,N,N4,108.99999999999996
2018-03-28T23:00:00,N,N4,99.0
2018-03-29T00:00:00,N,N4,99.0
2018-03-29T01:00:00,N,N4,94.0
2018-03-29T02:00:00,N,N4,94.0
2018-03-29T03:00:00,N,N4,94.0
2018-03-29T04:00:00,N,N4,94.0
2018-03-29T05:00:00,N,N4,94.0
2018-03-29T06:00:00,N,N4,106.99999999999996
2018-03-29T07:00:00,N,N4,118.00000000000004
2018-03-29T08:00:00,N,N4,127.0
2018-03-29T09:00:00,N,N4,129.99999999999997
2018-03-29T10:00:00,N,N4,135.00000000000003
2018-03-29T11:00:00,N,N4,146.0
2018-03-29T12:00:00,N,N4,133.99999999999997
2018-03-29T13:00:00,N,N4,116.0
2018-03-29T14:00:00,N,N4,113.00000000000004
2018-03-29T15:00:00,N,N4,110.99999999999996
2018-03-29T16:00:00,N,N4,111.99999999999996
2018-03-29T17:00:00,N,N4,130.99999999999994
2018-03-29T18:00:00,N,N4,167.00000000000006
2018-03-29T19:00:00,N,N4,138.00000000000006
2018-03-29T20:00:00,N,N4,127.0
2018-03-29T21:00:00,N,N4,117.00000000000004
2018-03-29T22:00:00,N,N4,106.99999999999996
2018-03-29T23:00:00,N,N4,101.99999999999996
2018-03-30T00:00:00,N,N4,98.00000000000004
2018-03-30T01:00:00,N,N4,93.00000000000004
2018-03-30T02:00:00,N,N4,93.00000000000004
2018-03-30T03:00:00,N,N4,93.00000000000004
2018-03-30T04:00:00,N,N4,93.00000000000004
2018-03-30T05:00:00,N,N4,93.00000000000004
2018-03-30T06:00:00,N,N4,98.00000000000004
2018-03-30T07:00:00,N,N4,110.00000000000004
2018-03-30T08:00:00,N,N4,104.99999999999996
2018-03-30T09:00:00,N,N4,104.0
2018-03-30T10:00:00,N,N4,106.99999999999996
2018-03-30T11:00:00,N,N4,104.99999999999996
2018-03-30T12:00:00,N,N4,100.00000000000004
2018-03-30T13:00:00,N,N4,88.00000000000003
2018-03-30T14:00:00,N,N4,88.00000000000003
2018-03-30T15:00:00,N,N4,90.0
2018-03-30T16:00:00,N,N4,95.0
2018-03-30T17:00:00,N,N4,121.00000000000004
2018-03-30T18:00:00,N,N4,144.0
2018-03-30T19:00:00,N,N4,129.99999999999997
2018-03-30T20:00:00,N,N4,115.0
2018-03-30T21:00:00,N,N4,110.00000000000004
2018-03-30T22:00:00,N,N4,99.0
2018-03-30T23:00:00,N,N4,98.00000000000004
2018-03-31T00:00:00,N,N4,93.00000000000004
2018-03-31T01:00:00,N,N4,94.0
2018-03-31T02:00:00,N,N4,94.0
2018-03-31T03:00:00,N,N4,94.0
2018-03-31T04:00:00,N,N4,94.0
2018-03-31T05:00:00,N,N4,94.0
2018-03-31T06:00:00,N,N4,110.00000000000004
2018-03-31T07:00:00,N,N4,111.99999999999996
2018-03-31T08:00:00,N,N4,117.00000000000004
2018-03-31T09:00:00,N,N4,122.00000000000004
2018-03-31T10:00:00,N,N4,125.00000000000004
2018-03-31T11:00:00,N,N4,125.00000000000004
2018-03-31T12:00:00,N,N4,114.00000000000004
2018-03-31T13:00:00,N,N4,103.0
2018-03-31T14:00:00,N,N4,98.00000000000004
2018-03-31T15:00:00,N,N4,103.0
2018-03-31T16:00:00,N,N4,104.0
2018-03-31T17:00:00,N,N4,137.00000000000003
2018-03-31T18:00:00,N,N4,164.00000000000006
2018-03-31T19:00:00,N,N4,152.99999999999997
2018-03-31T20:00:00,N,N4,122.00000000000004
2018-03-31T21:00:00,N,N4,96.0
2018-03-31T22:00:00,N,N4,96.0
2018-03-31T23:00:00,N,N4,90.99999999999996
2018-04-01T00:00:00,N,N4,85.99999999999997
2018-04-01T01:00:00,N,N4,79.99999999999997
2018-04-01T02:00:00,N,N4,79.99999999999997
2018-04-01T03:00:00,N,N4,79.99999999999997
2018-04-01T04:00:00,N,N4,79.99999999999997
2018-04-01T05:00:00,N,N4,79.99999999999997
2018-04-01T06:00:00,N,N4,92.0
2018-04-01T07:00:00,N,N4,99.0
2018-04-01T08:00:00,N,N4,101.99999999999996
2018-04-01T09:00:00,N,N4,110.00000000000004
2018-04-01T10:00:00,N,N4,110.00000000000004
2018-04-01T11:00:00,N,N4,113.00000000000004
2018-04-01T12:00:00,N,N4,113.00000000000004
2018-04-01T13:00:00,N,N4,88.99999999999999
2018-04-01T14:00:00,N,N4,83.99999999999999
2018-04-01T15:00:00,N,N4,83.99999999999999
2018-04-01T16:00:00,N,N4,82.00000000000001
2018-04-01T17:00:00,N,N4,111.99999999999996
2018-04-01T18:00:00,N,N4,154.00000000000006
2018-04-01T19:00:00,N,N4,138.99999999999997
2018-04-01T20:00:00,N,N4,124.00000000000004
2018-04-01T21:00:00,N,N4,108.99999999999996
2018-04-01T22:00:00,N,N4,108.99999999999996
2018-04-01T23:00:00,N,N4,94.0
2018-04-02T00:00:00,N,N4,94.0
2018-04-02T01:00:00,N,N4,94.0
2018-04-02T02:00:00,N,N4,94.0
2018-04-02T03:00:00,N,N4,94.0
2018-04-02T04:00:00,N,N4,94.0
2018-04-02T05:00:00,N,N4,94.0
2018-04-02T06:00:00,N,N4,113.00000000000004
2018-04-02T07:00:00,N,N4,111.99999999999996
2018-04-02T08:00:00,N,N4,121.00000000000004
2018-04-02T09:00:00,N,N4,122.00000000000004
2018-04-02T10:00:00,N,N4,131.99999999999997
2018-04-02T11:00:00,N,N4,136.00000000000006
2018-04-02T12:00:00,N,N4,116.0
2018-04-02T13:00:00,N,N4,105.99999999999996
2018-04-02T14:00:00,N,N4,116.0
2018-04-02T15:00:00,N,N4,110.99999999999996
2018-04-02T16:00:00,N,N4,114.00000000000004
2018-04-02T17:00:00,N,N4,129.99999999999997
2018-04-02T18:00:00,N,N4,184.00000000000009
2018-04-02T19:00:00,N,N4,169.0
2018-04-02T20:00:00,N,N4,142.99999999999994
2018-04-02T21:00:00,N,N4,128.99999999999997
2018-04-02T22:00:00,N,N4,110.00000000000004
2018-04-02T23:00:00,N,N4,104.0
2018-04-03T00:00:00,N,N4,98.00000000000004
2018-04-03T01:00:00,N,N4,96.99999999999991
2018-04-03T02:00:00,N,N4,95.0
2018-04-03T03:00:00,N,N4,95.0
2018-04-03T04:00:00,N,N4,95.0
2018-04-03T05:00:00,N,N4,98.00000000000004
2018-04-03T06:00:00,N,N4,116.0
2018-04-03T07:00:00,N,N4,118.00000000000004
2018-04-03T08:00:00,N,N4,115.0
2018-04-03T09:00:00,N,N4,115.0
2018-04-03T10:00:00,N,N4,127.0
2018-04-03T11:00:00,N,N4,137.00000000000003
2018-04-03T12:00:00,N,N4,122.00000000000004
2018-04-03T13:00:00,N,N4,108.00000000000004
2018-04-03T14:00:00,N,N4,118.00000000000004
2018-04-03T15:00:00,N,N4,111.99999999999996
2018-04-03T16:00:00,N,N4,108.00000000000004
2018-04-03T17:00:00,N,N4,142.99999999999994
2018-04-03T18:00:00,N,N4,180.0
2018-04-03T19:00:00,N,N4,159.0
2018-04-03T20:00:00,N,N4,144.99999999999997
2018-04-03T21:00:00,N,N4,119.00000000000004
2018-04-03T22:00:00,N,N4,108.99999999999989
2018-04-03T23:00:00,N,N4,101.00000000000004
2018-04-04T00:00:00,N,N4,97.0
2018-04-04T01:00:00,N,N4,97.0
2018-04-04T02:00:00,N,N4,93.00000000000004
2018-04-04T03:00:00,N,N4,92.0
2018-04-04T04:00:00,N,N4,93.00000000000004
2018-04-04T05:00:00,N,N4,108.00000000000004
2018-04-04T06:00:00,N,N4,119.00000000000004
2018-04-04T07:00:00,N,N4,117.00000000000004
2018-04-04T08:00:00,N,N4,121.00000000000004
2018-04-04T09:00:00,N,N4,121.00000000000004
2018-04-04T10:00:00,N,N4,127.99999999999996
2018-04-04T11:00:00,N,N4,139.99999999999994
2018-04-04T12:00:00,N,N4,129.99999999999997
2018-04-04T13:00:00,N,N4,114.00000000000004
2018-04-04T14:00:00,N,N4,122.00000000000004
2018-04-04T15:00:00,N,N4,127.0
2018-04-04T16:00:00,N,N4,122.99999999999994
2018-04-04T17:00:00,N,N4,134.99999999999991
2018-04-04T18:00:00,N,N4,182.0
2018-04-04T19:00:00,N,N4,161.99999999999994
2018-04-04T20:00:00,N,N4,142.00000000000003
2018-04-04T21:00:00,N,N4,128.99999999999997
2018-04-04T22:00:00,N,N4,111.99999999999996
2018-04-04T23:00:00,N,N4,106.99999999999996
2018-04-05T00:00:00,N,N4,101.00000000000004
2018-04-05T01:00:00,N,N4,101.00000000000004
2018-04-05T02:00:00,N,N4,94.0
2018-04-05T03:00:00,N,N4,94.0
2018-04-05T04:00:00,N,N4,94.0
2018-04-05T05:00:00,N,N4,108.99999999999996
2018-04-05T06:00:00,N,N4,119.00000000000004
2018-04-05T07:00:00,N,N4,115.0
2018-04-05T08:00:00,N,N4,110.99999999999996
2018-04-05T09:00:00,N,N4,113.00000000000004
2018-04-05T10:00:00,N,N4,126.0
2018-04-05T11:00:00,N,N4,138.99999999999997
2018-04-05T12:00:00,N,N4,128.99999999999997
2018-04-05T13:00:00,N,N4,116.0
2018-04-05T14:00:00,N,N4,122.00000000000004
2018-04-05T15:00:00,N,N4,118.00000000000004
2018-04-05T16:00:00,N,N4,114.00000000000004
2018-04-05T17:00:00,N,N4,144.99999999999997
2018-04-05T18:00:00,N,N4,183.00000000000009
2018-04-05T19:00:00,N,N4,163.0
2018-04-05T20:00:00,N,N4,146.99999999999997
2018-04-05T21:00:00,N,N4,118.00000000000004
2018-04-05T22:00:00,N,N4,115.0
2018-04-05T23:00:00,N,N4,106.99999999999996
2018-04-06T00:00:00,N,N4,101.00000000000004
2018-04-06T01:00:00,N,N4,101.00000000000004
2018-04-06T02:00:00,N,N4,101.00000000000004
2018-04-06T03:00:00,N,N4,96.0
2018-04-06T04:00:00,N,N4,96.0
2018-04-06T05:00:00,N,N4,110.99999999999996
2018-04-06T06:00:00,N,N4,122.00000000000004
2018-04-06T07:00:00,N,N4,115.0
2018-04-06T08:00:00,N,N4,117.00000000000004
2018-04-06T09:00:00,N,N4,124.00000000000004
2018-04-06T10:00:00,N,N4,129.99999999999997
2018-04-06T11:00:00,N,N4,133.99999999999997
2018-04-06T12:00:00,N,N4,119.99999999999996
2018-04-06T13:00:00,N,N4,111.99999999999996
2018-04-06T14:00:00,N,N4,119.00000000000004
2018-04-06T15:00:00,N,N4,116.0
2018-04-06T16:00:00,N,N4,119.99999999999996
2018-04-06T17:00:00,N,N4,139.99999999999994
2018-04-06T18:00:00,N,N4,182.0
2018-04-06T19:00:00,N,N4,170.00000000000006
2018-04-06T20:00:00,N,N4,144.0
2018-04-06T21:00:00,N,N4,127.0
2018-04-06T22:00:00,N,N4,117.00000000000004
2018-04-06T23:00:00,N,N4,111.99999999999996
2018-04-07T00:00:00,N,N4,106.99999999999996
2018-04-07T01:00:00,N,N4,102.00000000000004
2018-04-07T02:00:00,N,N4,98.00000000000004
2018-04-07T03:00:00,N,N4,98.00000000000004
2018-04-07T04:00:00,N,N4,98.00000000000004
2018-04-07T05:00:00,N,N4,98.00000000000004
2018-04-07T06:00:00,N,N4,117.66666666666669
2018-04-07T07:00:00,N,N4,115.0
2018-04-07T08:00:00,N,N4,118.00000000000004
2018-04-07T09:00:00,N,N4,125.00000000000004
2018-04-07T10:00:00,N,N4,135.00000000000003
2018-04-07T11:00:00,N,N4,136.00000000000006
2018-04-07T12:00:00,N,N4,124.00000000000004
2018-04-07T13:00:00,N,N4,114.00000000000004
2018-04-07T14:00:00,N,N4,119.00000000000004
2018-04-07T15:00:00,N,N4,119.00000000000004
2018-04-07T16:00:00,N,N4,119.00000000000004
2018-04-07T17:00:00,N,N4,125.00000000000004
2018-04-07T18:00:00,N,N4,180.0
2018-04-07T19:00:00,N,N4,166.00000000000006
2018-04-07T20:00:00,N,N4,144.99999999999997
2018-04-07T21:00:00,N,N4,127.0
2018-04-07T22:00:00,N,N4,116.0
2018-04-07T23:00:00,N,N4,110.00000000000004
2018-04-08T00:00:00,N,N4,100.00000000000004
2018-04-08T01:00:00,N,N4,93.00000000000004
2018-04-08T02:00:00,N,N4,90.0
2018-04-08T03:00:00,N,N4,90.0
2018-04-08T04:00:00,N,N4,90.0
2018-04-08T05:00:00,N,N4,90.0
2018-04-08T06:00:00,N,N4,97.0
2018-04-08T07:00:00,N,N4,101.99999999999996
2018-04-08T08:00:00,N,N4,108.00000000000004
2018-04-08T09:00:00,N,N4,104.0
2018-04-08T10:00:00,N,N4,113.00000000000004
2018-04-08T11:00:00,N,N4,119.00000000000004
2018-04-08T12:00:00,N,N4,113.00000000000004
2018-04-08T13:00:00,N,N4,108.00000000000004
2018-04-08T14:00:00,N,N4,103.0
2018-04-08T15:00:00,N,N4,97.0
2018-04-08T16:00:00,N,N4,103.0
2018-04-08T17:00:00,N,N4,108.99999999999996
2018-04-08T18:00:00,N,N4,161.00000000000003
2018-04-08T19:00:00,N,N4,149.99999999999997
2018-04-08T20:00:00,N,N4,136.00000000000006
2018-04-08T21:00:00,N,N4,125.00000000000004
2018-04-08T22:00:00,N,N4,115.0
2018-04-08T23:00:00,N,N4,110.00000000000004
2018-04-09T00:00:00,N,N4,104.99999999999996
2018-04-09T01:00:00,N,N4,104.99999999999996
2018-04-09T02:00:00,N,N4,101.99999999999996
2018-04-09T03:00:00,N,N4,101.99999999999996
2018-04-09T04:00:00,N,N4,101.99999999999996
2018-04-09T05:00:00,N,N4,105.99999999999996
2018-04-09T06:00:00,N,N4,119.00000000000004
2018-04-09T07:00:00,N,N4,113.00000000000004
2018-04-09T08:00:00,N,N4,118.00000000000004
2018-04-09T09:00:00,N,N4,125.00000000000004
2018-04-09T10:00:00,N,N4,130.99999999999994
2018-04-09T11:00:00,N,N4,142.00000000000003
2018-04-09T12:00:00,N,N4,135.00000000000003
2018-04-09T13:00:00,N,N4,119.00000000000004
2018-04-09T14:00:00,N,N4,127.99999999999996
2018-04-09T15:00:00,N,N4,127.99999999999996
2018-04-09T16:00:00,N,N4,125.00000000000004
2018-04-09T17:00:00,N,N4,129.99999999999997
2018-04-09T18:00:00,N,N4,184.00000000000009
2018-04-09T19:00:00,N,N4,164.00000000000006
2018-04-09T20:00:00,N,N4,149.0
2018-04-09T21:00:00,N,N4,125.00000000000004
2018-04-09T22:00:00,N,N4,119.99999999999996
2018-04-09T23:00:00,N,N4,110.00000000000004
2018-04-10T00:00:00,N,N4,104.99999999999996
2018-04-10T01:00:00,N,N4,100.00000000000004
2018-04-10T02:00:00,N,N4,100.00000000000004
2018-04-10T03:00:00,N,N4,100.00000000000004
2018-04-10T04:00:00,N,N4,100.00000000000004
2018-04-10T05:00:00,N,N4,108.99999999999996
2018-04-10T06:00:00,N,N4,121.00000000000004
2018-04-10T07:00:00,N,N4,116.0
2018-04-10T08:00:00,N,N4,118.00000000000004
2018-04-10T09:00:00,N,N4,122.99999999999994
2018-04-10T10:00:00,N,N4,133.0
2018-04-10T11:00:00,N,N4,144.99999999999997
2018-04-10T12:00:00,N,N4,127.99999999999996
2018-04-10T13:00:00,N,N4,119.00000000000004
2018-04-10T14:00:00,N,N4,133.99999999999997
2018-04-10T15:00:00,N,N4,124.00000000000004
2018-04-10T16:00:00,N,N4,130.99999999999994
2018-04-10T17:00:00,N,N4,127.0
2018-04-10T18:00:00,N,N4,181.00000000000009
2018-04-10T19:00:00,N,N4,171.00000000000009
2018-04-10T20:00:00,N,N4,156.0
2018-04-10T21:00:00,N,N4,136.00000000000006
2018-04-10T22:00:00,N,N4,126.0
2018-04-10T23:00:00,N,N4,121.00000000000004
2018-04-11T00:00:00,N,N4,116.0
2018-04-11T01:00:00,N,N4,110.99999999999996
2018-04-11T02:00:00,N,N4,108.99999999999996
2018-04-11T03:00:00,N,N4,108.99999999999989
2018-04-11T04:00:00,N,N4,108.99999999999989
2018-04-11T05:00:00,N,N4,110.00000000000004
2018-04-11T06:00:00,N,N4,115.0
2018-04-11T07:00:00,N,N4,114.00000000000004
2018-04-11T08:00:00,N,N4,122.00000000000004
2018-04-11T09:00:00,N,N4,133.0
2018-04-11T10:00:00,N,N4,142.99999999999994
2018-04-11T11:00:00,N,N4,151.0
2018-04-11T12:00:00,N,N4,141.00000000000003
2018-04-11T13:00:00,N,N4,126.0
2018-04-11T14:00:00,N,N4,135.00000000000003
2018-04-11T15:00:00,N,N4,129.99999999999997
2018-04-11T16:00:00,N,N4,131.99999999999997
2018-04-11T17:00:00,N,N4,142.00000000000003
2018-04-11T18:00:00,N,N4,188.0
2018-04-11T19:00:00,N,N4,179.0
2018-04-11T20:00:00,N,N4,179.0
2018-04-11T21:00:00,N,N4,144.0
2018-04-11T22:00:00,N,N4,133.99999999999997
2018-04-11T23:00:00,N,N4,124.00000000000004
2018-04-12T00:00:00,N,N4,113.99999999999991
2018-04-12T01:00:00,N,N4,108.00000000000004
2018-04-12T02:00:00,N,N4,104.99999999999996
2018-04-12T03:00:00,N,N4,104.99999999999996
2018-04-12T04:00:00,N,N4,110.00000000000004
2018-04-12T05:00:00,N,N4,114.00000000000004
2018-04-12T06:00:00,N,N4,125.00000000000004
2018-04-12T07:00:00,N,N4,122.00000000000004
2018-04-12T08:00:00,N,N4,121.00000000000004
2018-04-12T09:00:00,N,N4,136.00000000000006
2018-04-12T10:00:00,N,N4,142.00000000000003
2018-04-12T11:00:00,N,N4,151.0
2018-04-12T12:00:00,N,N4,137.00000000000003
2018-04-12T13:00:00,N,N4,129.99999999999997
2018-04-12T14:00:00,N,N4,133.0
2018-04-12T15:00:00,N,N4,130.99999999999994
2018-04-12T16:00:00,N,N4,129.99999999999997
2018-04-12T17:00:00,N,N4,156.0
2018-04-12T18:00:00,N,N4,187.00000000000003
2018-04-12T19:00:00,N,N4,175.99999999999991
2018-04-12T20:00:00,N,N4,161.99999999999994
2018-04-12T21:00:00,N,N4,144.99999999999997
2018-04-12T22:00:00,N,N4,129.99999999999997
2018-04-12T23:00:00,N,N4,122.00000000000004
2018-04-13T00:00:00,N,N4,110.99999999999996
2018-04-13T01:00:00,N,N4,110.99999999999996
2018-04-13T02:00:00,N,N4,104.0
2018-04-13T03:00:00,N,N4,104.0
2018-04-13T04:00:00,N,N4,104.0
2018-04-13T05:00:00,N,N4,114.00000000000004
2018-04-13T06:00:00,N,N4,127.0
2018-04-13T07:00:00,N,N4,119.00000000000004
2018-04-13T08:00:00,N,N4,131.99999999999997
2018-04-13T09:00:00,N,N4,137.00000000000003
2018-04-13T10:00:00,N,N4,137.00000000000003
2018-04-13T11:00:00,N,N4,149.99999999999997
2018-04-13T12:00:00,N,N4,149.99999999999997
2018-04-13T13:00:00,N,N4,135.00000000000003
2018-04-13T14:00:00,N,N4,137.00000000000003
2018-04-13T15:00:00,N,N4,130.99999999999994
2018-04-13T16:00:00,N,N4,133.99999999999997
2018-04-13T17:00:00,N,N4,166.00000000000006
2018-04-13T18:00:00,N,N4,184.99999999999991
2018-04-13T19:00:00,N,N4,156.99999999999994
2018-04-13T20:00:00,N,N4,152.0
2018-04-13T21:00:00,N,N4,128.99999999999997
2018-04-13T22:00:00,N,N4,119.00000000000004
2018-04-13T23:00:00,N,N4,110.99999999999996
2018-04-14T00:00:00,N,N4,105.99999999999996
2018-04-14T01:00:00,N,N4,101.00000000000004
2018-04-14T02:00:00,N,N4,101.00000000000004
2018-04-14T03:00:00,N,N4,100.00000000000004
2018-04-14T04:00:00,N,N4,96.0
2018-04-14T05:00:00,N,N4,106.99999999999996
2018-04-14T06:00:00,N,N4,110.99999999999996
2018-04-14T07:00:00,N,N4,122.99999999999994
2018-04-14T08:00:00,N,N4,121.00000000000004
2018-04-14T09:00:00,N,N4,126.0
2018-04-14T10:00:00,N,N4,128.99999999999997
2018-04-14T11:00:00,N,N4,138.99999999999997
2018-04-14T12:00:00,N,N4,138.99999999999997
2018-04-14T13:00:00,N,N4,126.0
2018-04-14T14:00:00,N,N4,115.0
2018-04-14T15:00:00,N,N4,110.00000000000004
2018-04-14T16:00:00,N,N4,110.00000000000004
2018-04-14T17:00:00,N,N4,135.00000000000003
2018-04-14T18:00:00,N,N4,159.99999999999994
2018-04-14T19:00:00,N,N4,144.99999999999997
2018-04-14T20:00:00,N,N4,126.0
2018-04-14T21:00:00,N,N4,114.00000000000004
2018-04-14T22:00:00,N,N4,106.99999999999996
2018-04-14T23:00:00,N,N4,101.99999999999996
2018-04-15T00:00:00,N,N4,96.0
2018-04-15T01:00:00,N,N4,96.0
2018-04-15T02:00:00,N,N4,90.0
2018-04-15T03:00:00,N,N4,90.0
2018-04-15T04:00:00,N,N4,87.0
2018-04-15T05:00:00,N,N4,96.99999999999991
2018-04-15T06:00:00,N,N4,103.0
2018-04-15T07:00:00,N,N4,108.00000000000004
2018-04-15T08:00:00,N,N4,108.00000000000004
2018-04-15T09:00:00,N,N4,100.00000000000004
2018-04-15T10:00:00,N,N4,114.00000000000004
2018-04-15T11:00:00,N,N4,125.00000000000004
2018-04-15T12:00:00,N,N4,115.0
2018-04-15T13:00:00,N,N4,103.0
2018-04-15T14:00:00,N,N4,95.0
2018-04-15T15:00:00,N,N4,90.0
2018-04-15T16:00:00,N,N4,90.99999999999996
2018-04-15T17:00:00,N,N4,105.99999999999996
2018-04-15T18:00:00,N,N4,155.00000000000003
2018-04-15T19:00:00,N,N4,142.00000000000003
2018-04-15T20:00:00,N,N4,126.0
2018-04-15T21:00:00,N,N4,121.00000000000004
2018-04-15T22:00:00,N,N4,110.99999999999996
2018-04-15T23:00:00,N,N4,101.99999999999996
2018-04-16T00:00:00,N,N4,96.0
2018-04-16T01:00:00,N,N4,96.0
2018-04-16T02:00:00,N,N4,96.0
2018-04-16T03:00:00,N,N4,83.00000000000003
2018-04-16T04:00:00,N,N4,83.00000000000003
2018-04-16T05:00:00,N,N4,83.00000000000003
2018-04-16T06:00:00,N,N4,115.0
2018-04-16T07:00:00,N,N4,110.00000000000004
2018-04-16T08:00:00,N,N4,115.0
2018-04-16T09:00:00,N,N4,115.0
2018-04-16T10:00:00,N,N4,122.99999999999994
2018-04-16T11:00:00,N,N4,138.99999999999997
2018-04-16T12:00:00,N,N4,124.00000000000004
2018-04-16T13:00:00,N,N4,108.00000000000004
2018-04-16T14:00:00,N,N4,127.0
2018-04-16T15:00:00,N,N4,117.00000000000004
2018-04-16T16:00:00,N,N4,116.0
2018-04-16T17:00:00,N,N4,138.99999999999997
2018-04-16T18:00:00,N,N4,175.00000000000009
2018-04-16T19:00:00,N,N4,155.00000000000003
2018-04-16T20:00:00,N,N4,135.00000000000003
2018-04-16T21:00:00,N,N4,124.00000000000004
2018-04-16T22:00:00,N,N4,113.00000000000004
2018-04-16T23:00:00,N,N4,108.00000000000004
2018-04-17T00:00:00,N,N4,102.00000000000004
2018-04-17T01:00:00,N,N4,97.0
2018-04-17T02:00:00,N,N4,94.0
2018-04-17T03:00:00,N,N4,94.0
2018-04-17T04:00:00,N,N4,94.0
2018-04-17T05:00:00,N,N4,94.0
2018-04-17T06:00:00,N,N4,116.0
2018-04-17T07:00:00,N,N4,108.00000000000004
2018-04-17T08:00:00,N,N4,117.00000000000004
2018-04-17T09:00:00,N,N4,113.00000000000004
2018-04-17T10:00:00,N,N4,127.0
2018-04-17T11:00:00,N,N4,129.99999999999997
2018-04-17T12:00:00,N,N4,122.00000000000004
2018-04-17T13:00:00,N,N4,105.99999999999996
2018-04-17T14:00:00,N,N4,119.99999999999996
2018-04-17T15:00:00,N,N4,113.00000000000004
2018-04-17T16:00:00,N,N4,122.00000000000004
2018-04-17T17:00:00,N,N4,124.00000000000004
2018-04-17T18:00:00,N,N4,175.00000000000009
2018-04-17T19:00:00,N,N4,149.0
2018-04-17T20:00:00,N,N4,133.99999999999997
2018-04-17T21:00:00,N,N4,119.00000000000004
2018-04-17T22:00:00,N,N4,108.00000000000004
2018-04-17T23:00:00,N,N4,103.0
2018-04-18T00:00:00,N,N4,98.00000000000004
2018-04-18T01:00:00,N,N4,93.00000000000004
2018-04-18T02:00:00,N,N4,90.0
2018-04-18T03:00:00,N,N4,82.00000000000001
2018-04-18T04:00:00,N,N4,82.00000000000001
2018-04-18T05:00:00,N,N4,81.99999999999994
2018-04-18T06:00:00,N,N4,111.99999999999996
2018-04-18T07:00:00,N,N4,110.00000000000004
2018-04-18T08:00:00,N,N4,118.00000000000004
2018-04-18T09:00:00,N,N4,119.99999999999996
2018-04-18T10:00:00,N,N4,131.99999999999997
2018-04-18T11:00:00,N,N4,141.00000000000003
2018-04-18T12:00:00,N,N4,124.00000000000004
2018-04-18T13:00:00,N,N4,111.99999999999996
2018-04-18T14:00:00,N,N4,119.99999999999996
2018-04-18T15:00:00,N,N4,122.00000000000004
2018-04-18T16:00:00,N,N4,122.99999999999994
2018-04-18T17:00:00,N,N4,122.99999999999994
2018-04-18T18:00:00,N,N4,175.99999999999991
2018-04-18T19:00:00,N,N4,175.99999999999991
2018-04-18T20:00:00,N,N4,175.99999999999991
2018-04-18T21:00:00,N,N4,127.0
2018-04-18T22:00:00,N,N4,116.0
2018-04-18T23:00:00,N,N4,105.99999999999996
2018-04-19T00:00:00,N,N4,105.99999999999996
2018-04-19T01:00:00,N,N4,100.00000000000004
2018-04-19T02:00:00,N,N4,100.00000000000004
2018-04-19T03:00:00,N,N4,100.00000000000004
2018-04-19T04:00:00,N,N4,100.00000000000004
2018-04-19T05:00:00,N,N4,105.99999999999996
2018-04-19T06:00:00,N,N4,118.00000000000004
2018-04-19T07:00:00,N,N4,119.00000000000004
2018-04-19T08:00:00,N,N4,116.0
2018-04-19T09:00:00,N,N4,125.00000000000004
2018-04-19T10:00:00,N,N4,129.99999999999997
2018-04-19T11:00:00,N,N4,144.99999999999997
2018-04-19T12:00:00,N,N4,128.99999999999997
2018-04-19T13:00:00,N,N4,116.0
2018-04-19T14:00:00,N,N4,122.00000000000004
2018-04-19T15:00:00,N,N4,122.00000000000004
2018-04-19T16:00:00,N,N4,125.00000000000004
2018-04-19T17:00:00,N,N4,133.0
2018-04-19T18:00:00,N,N4,177.99999999999997
2018-04-19T19:00:00,N,N4,167.00000000000006
2018-04-19T20:00:00,N,N4,144.99999999999997
2018-04-19T21:00:00,N,N4,133.99999999999997
2018-04-19T22:00:00,N,N4,119.00000000000004
2018-04-19T23:00:00,N,N4,108.00000000000004
2018-04-20T00:00:00,N,N4,108.00000000000004
2018-04-20T01:00:00,N,N4,103.0000000000001
2018-04-20T02:00:00,N,N4,103.0
2018-04-20T03:00:00,N,N4,103.0
2018-04-20T04:00:00,N,N4,103.0
2018-04-20T05:00:00,N,N4,103.0
2018-04-20T06:00:00,N,N4,119.99999999999996
2018-04-20T07:00:00,N,N4,116.0
2018-04-20T08:00:00,N,N4,122.99999999999994
2018-04-20T09:00:00,N,N4,127.0
2018-04-20T10:00:00,N,N4,135.00000000000003
2018-04-20T11:00:00,N,N4,154.00000000000006
2018-04-20T12:00:00,N,N4,144.0
2018-04-20T13:00:00,N,N4,127.99999999999996
2018-04-20T14:00:00,N,N4,135.00000000000003
2018-04-20T15:00:00,N,N4,125.00000000000004
2018-04-20T16:00:00,N,N4,115.0
2018-04-20T17:00:00,N,N4,117.00000000000004
2018-04-20T18:00:00,N,N4,167.99999999999997
2018-04-20T19:00:00,N,N4,152.99999999999997
2018-04-20T20:00:00,N,N4,135.00000000000003
2018-04-20T21:00:00,N,N4,118.00000000000004
2018-04-20T22:00:00,N,N4,106.99999999999996
2018-04-20T23:00:00,N,N4,102.00000000000004
2018-04-21T00:00:00,N,N4,97.0
2018-04-21T01:00:00,N,N4,96.99999999999991
2018-04-21T02:00:00,N,N4,97.0
2018-04-21T03:00:00,N,N4,96.99999999999991
2018-04-21T04:00:00,N,N4,97.0
2018-04-21T05:00:00,N,N4,97.0
2018-04-21T06:00:00,N,N4,106.99999999999996
2018-04-21T07:00:00,N,N4,111.99999999999996
2018-04-21T08:00:00,N,N4,113.00000000000004
2018-04-21T09:00:00,N,N4,117.00000000000004
2018-04-21T10:00:00,N,N4,133.99999999999997
2018-04-21T11:00:00,N,N4,139.99999999999994
2018-04-21T12:00:00,N,N4,130.99999999999994
2018-04-21T13:00:00,N,N4,130.99999999999994
2018-04-21T14:00:00,N,N4,125.00000000000004
2018-04-21T15:00:00,N,N4,116.0
2018-04-21T16:00:00,N,N4,116.0
2018-04-21T17:00:00,N,N4,171.99999999999994
2018-04-21T18:00:00,N,N4,166.00000000000006
2018-04-21T19:00:00,N,N4,146.0
2018-04-21T20:00:00,N,N4,135.00000000000003
2018-04-21T21:00:00,N,N4,116.0
2018-04-21T22:00:00,N,N4,110.99999999999996
2018-04-21T23:00:00,N,N4,104.0
2018-04-22T00:00:00,N,N4,97.0
2018-04-22T01:00:00,N,N4,97.0
2018-04-22T02:00:00,N,N4,93.00000000000004
2018-04-22T03:00:00,N,N4,92.0
2018-04-22T04:00:00,N,N4,93.00000000000004
2018-04-22T05:00:00,N,N4,96.99999999999991
2018-04-22T06:00:00,N,N4,108.00000000000004
2018-04-22T07:00:00,N,N4,103.0
2018-04-22T08:00:00,N,N4,103.0
2018-04-22T09:00:00,N,N4,110.00000000000004
2018-04-22T10:00:00,N,N4,110.00000000000004
2018-04-22T11:00:00,N,N4,110.00000000000004
2018-04-22T12:00:00,N,N4,122.00000000000004
2018-04-22T13:00:00,N,N4,122.00000000000004
2018-04-22T14:00:00,N,N4,111.99999999999996
2018-04-22T15:00:00,N,N4,105.99999999999996
2018-04-22T16:00:00,N,N4,106.99999999999996
2018-04-22T17:00:00,N,N4,144.99999999999997
2018-04-22T18:00:00,N,N4,167.99999999999997
2018-04-22T19:00:00,N,N4,155.00000000000003
2018-04-22T20:00:00,N,N4,137.00000000000003
2018-04-22T21:00:00,N,N4,124.00000000000004
2018-04-22T22:00:00,N,N4,113.00000000000004
2018-04-22T23:00:00,N,N4,106.99999999999996
2018-04-23T00:00:00,N,N4,102.00000000000004
2018-04-23T01:00:00,N,N4,98.00000000000004
2018-04-23T02:00:00,N,N4,99.0
2018-04-23T03:00:00,N,N4,99.0
2018-04-23T04:00:00,N,N4,99.0
2018-04-23T05:00:00,N,N4,108.99999999999996
2018-04-23T06:00:00,N,N4,125.00000000000004
2018-04-23T07:00:00,N,N4,119.00000000000004
2018-04-23T08:00:00,N,N4,125.00000000000004
2018-04-23T09:00:00,N,N4,129.99999999999997
2018-04-23T10:00:00,N,N4,136.00000000000006
2018-04-23T11:00:00,N,N4,155.00000000000003
2018-04-23T12:00:00,N,N4,138.00000000000006
2018-04-23T13:00:00,N,N4,130.99999999999994
2018-04-23T14:00:00,N,N4,137.00000000000003
2018-04-23T15:00:00,N,N4,131.99999999999997
2018-04-23T16:00:00,N,N4,135.00000000000003
2018-04-23T17:00:00,N,N4,135.00000000000003
2018-04-23T18:00:00,N,N4,182.0000000000001
2018-04-23T19:00:00,N,N4,156.99999999999994
2018-04-23T20:00:00,N,N4,146.99999999999997
2018-04-23T21:00:00,N,N4,127.0
2018-04-23T22:00:00,N,N4,115.0
2018-04-23T23:00:00,N,N4,110.00000000000004
2018-04-24T00:00:00,N,N4,104.99999999999996
2018-04-24T01:00:00,N,N4,100.00000000000004
2018-04-24T02:00:00,N,N4,100.00000000000004
2018-04-24T03:00:00,N,N4,100.00000000000004
2018-04-24T04:00:00,N,N4,100.00000000000004
2018-04-24T05:00:00,N,N4,115.0
2018-04-24T06:00:00,N,N4,128.99999999999997
2018-04-24T07:00:00,N,N4,130.99999999999994
2018-04-24T08:00:00,N,N4,127.0
2018-04-24T09:00:00,N,N4,127.0
2018-04-24T10:00:00,N,N4,138.00000000000006
2018-04-24T11:00:00,N,N4,146.0
2018-04-24T12:00:00,N,N4,141.00000000000003
2018-04-24T13:00:00,N,N4,124.00000000000004
2018-04-24T14:00:00,N,N4,137.00000000000003
2018-04-24T15:00:00,N,N4,129.99999999999997
2018-04-24T16:00:00,N,N4,131.99999999999997
2018-04-24T17:00:00,N,N4,184.99999999999991
2018-04-24T18:00:00,N,N4,190.0
2018-04-24T19:00:00,N,N4,161.99999999999994
2018-04-24T20:00:00,N,N4,146.99999999999997
2018-04-24T21:00:00,N,N4,131.99999999999997
2018-04-24T22:00:00,N,N4,121.00000000000004
2018-04-24T23:00:00,N,N4,108.00000000000004
2018-04-25T00:00:00,N,N4,101.99999999999996
2018-04-25T01:00:00,N,N4,102.00000000000004
2018-04-25T02:00:00,N,N4,102.00000000000004
2018-04-25T03:00:00,N,N4,101.99999999999996
2018-04-25T04:00:00,N,N4,106.99999999999996
2018-04-25T05:00:00,N,N4,111.99999999999996
2018-04-25T06:00:00,N,N4,128.99999999999997
2018-04-25T07:00:00,N,N4,122.99999999999994
2018-04-25T08:00:00,N,N4,125.00000000000004
2018-04-25T09:00:00,N,N4,122.99999999999994
2018-04-25T10:00:00,N,N4,131.99999999999997
2018-04-25T11:00:00,N,N4,149.99999999999997
2018-04-25T12:00:00,N,N4,135.00000000000003
2018-04-25T13:00:00,N,N4,122.99999999999994
2018-04-25T14:00:00,N,N4,128.99999999999997
2018-04-25T15:00:00,N,N4,126.0
2018-04-25T16:00:00,N,N4,122.00000000000004
2018-04-25T17:00:00,N,N4,159.99999999999994
2018-04-25T18:00:00,N,N4,176.99999999999994
2018-04-25T19:00:00,N,N4,161.00000000000003
2018-04-25T20:00:00,N,N4,144.99999999999997
2018-04-25T21:00:00,N,N4,127.0
2018-04-25T22:00:00,N,N4,115.0
2018-04-25T23:00:00,N,N4,110.00000000000004
2018-04-26T00:00:00,N,N4,104.99999999999996
2018-04-26T01:00:00,N,N4,100.00000000000004
2018-04-26T02:00:00,N,N4,100.00000000000004
2018-04-26T03:00:00,N,N4,100.00000000000004
2018-04-26T04:00:00,N,N4,100.00000000000004
2018-04-26T05:00:00,N,N4,102.00000000000004
2018-04-26T06:00:00,N,N4,121.00000000000004
2018-04-26T07:00:00,N,N4,114.00000000000004
2018-04-26T08:00:00,N,N4,118.00000000000004
2018-04-26T09:00:00,N,N4,127.0
2018-04-26T10:00:00,N,N4,133.0
2018-04-26T11:00:00,N,N4,144.99999999999997
2018-04-26T12:00:00,N,N4,138.99999999999997
2018-04-26T13:00:00,N,N4,127.0
2018-04-26T14:00:00,N,N4,136.00000000000006
2018-04-26T15:00:00,N,N4,133.0
2018-04-26T16:00:00,N,N4,127.0
2018-04-26T17:00:00,N,N4,133.99999999999997
2018-04-26T18:00:00,N,N4,179.0
2018-04-26T19:00:00,N,N4,159.0
2018-04-26T20:00:00,N,N4,144.99999999999997
2018-04-26T21:00:00,N,N4,125.00000000000004
2018-04-26T22:00:00,N,N4,115.0
2018-04-26T23:00:00,N,N4,110.00000000000004
2018-04-27T00:00:00,N,N4,104.99999999999996
2018-04-27T01:00:00,N,N4,100.00000000000004
2018-04-27T02:00:00,N,N4,100.00000000000004
2018-04-27T03:00:00,N,N4,100.00000000000004
2018-04-27T04:00:00,N,N4,100.00000000000004
2018-04-27T05:00:00,N,N4,104.99999999999996
2018-04-27T06:00:00,N,N4,119.99999999999996
2018-04-27T07:00:00,N,N4,119.00000000000004
2018-04-27T08:00:00,N,N4,119.99999999999996
2018-04-27T09:00:00,N,N4,122.99999999999994
2018-04-27T10:00:00,N,N4,127.99999999999996
2018-04-27T11:00:00,N,N4,142.00000000000003
2018-04-27T12:00:00,N,N4,138.99999999999997
2018-04-27T13:00:00,N,N4,124.00000000000004
2018-04-27T14:00:00,N,N4,131.99999999999997
2018-04-27T15:00:00,N,N4,127.0
2018-04-27T16:00:00,N,N4,135.00000000000003
2018-04-27T17:00:00,N,N4,144.99999999999997
2018-04-27T18:00:00,N,N4,192.0
2018-04-27T19:00:00,N,N4,167.00000000000006
2018-04-27T20:00:00,N,N4,152.0
2018-04-27T21:00:00,N,N4,128.99999999999997
2018-04-27T22:00:00,N,N4,119.99999999999996
2018-04-27T23:00:00,N,N4,108.99999999999996
2018-04-28T00:00:00,N,N4,106.99999999999996
2018-04-28T01:00:00,N,N4,106.99999999999996
2018-04-28T02:00:00,N,N4,100.00000000000004
2018-04-28T03:00:00,N,N4,105.99999999999996
2018-04-28T04:00:00,N,N4,110.00000000000004
2018-04-28T05:00:00,N,N4,110.00000000000004
2018-04-28T06:00:00,N,N4,121.00000000000004
2018-04-28T07:00:00,N,N4,135.00000000000003
2018-04-28T08:00:00,N,N4,135.00000000000003
2018-04-28T09:00:00,N,N4,135.00000000000003
2018-04-28T10:00:00,N,N4,135.00000000000003
2018-04-28T11:00:00,N,N4,142.00000000000003
2018-04-28T12:00:00,N,N4,144.99999999999997
2018-04-28T13:00:00,N,N4,135.00000000000003
2018-04-28T14:00:00,N,N4,128.99999999999997
2018-04-28T15:00:00,N,N4,127.99999999999996
2018-04-28T16:00:00,N,N4,124.00000000000004
2018-04-28T17:00:00,N,N4,161.99999999999994
2018-04-28T18:00:00,N,N4,177.99999999999997
2018-04-28T19:00:00,N,N4,166.00000000000006
2018-04-28T20:00:00,N,N4,149.99999999999997
2018-04-28T21:00:00,N,N4,130.99999999999994
2018-04-28T22:00:00,N,N4,118.00000000000004
2018-04-28T23:00:00,N,N4,113.00000000000004
2018-04-29T00:00:00,N,N4,108.00000000000004
2018-04-29T01:00:00,N,N4,103.0
2018-04-29T02:00:00,N,N4,103.0
2018-04-29T03:00:00,N,N4,97.0
2018-04-29T04:00:00,N,N4,97.0
2018-04-29T05:00:00,N,N4,97.0
2018-04-29T06:00:00,N,N4,105.99999999999996
2018-04-29T07:00:00,N,N4,111.99999999999996
2018-04-29T08:00:00,N,N4,111.99999999999996
2018-04-29T09:00:00,N,N4,118.00000000000004
2018-04-29T10:00:00,N,N4,118.00000000000004
2018-04-29T11:00:00,N,N4,129.99999999999997
2018-04-29T12:00:00,N,N4,122.99999999999994
2018-04-29T13:00:00,N,N4,111.99999999999996
2018-04-29T14:00:00,N,N4,106.99999999999996
2018-04-29T15:00:00,N,N4,100.00000000000004
2018-04-29T16:00:00,N,N4,104.99999999999996
2018-04-29T17:00:00,N,N4,138.00000000000006
2018-04-29T18:00:00,N,N4,166.00000000000006
2018-04-29T19:00:00,N,N4,159.99999999999994
2018-04-29T20:00:00,N,N4,144.99999999999997
2018-04-29T21:00:00,N,N4,122.99999999999994
2018-04-29T22:00:00,N,N4,113.00000000000004
2018-04-29T23:00:00,N,N4,110.00000000000004
2018-04-30T00:00:00,N,N4,105.99999999999996
2018-04-30T01:00:00,N,N4,101.00000000000004
2018-04-30T02:00:00,N,N4,98.00000000000004
2018-04-30T03:00:00,N,N4,104.99999999999996
2018-04-30T04:00:00,N,N4,104.99999999999996
2018-04-30T05:00:00,N,N4,104.99999999999996
2018-04-30T06:00:00,N,N4,126.0
2018-04-30T07:00:00,N,N4,124.00000000000004
2018-04-30T08:00:00,N,N4,138.00000000000006
2018-04-30T09:00:00,N,N4,133.0
2018-04-30T10:00:00,N,N4,146.99999999999997
2018-04-30T11:00:00,N,N4,156.0
2018-04-30T12:00:00,N,N4,144.99999999999997
2018-04-30T13:00:00,N,N4,133.0
2018-04-30T14:00:00,N,N4,141.00000000000003
2018-04-30T15:00:00,N,N4,136.00000000000006
2018-04-30T16:00:00,N,N4,144.99999999999997
2018-04-30T17:00:00,N,N4,144.99999999999997
2018-04-30T18:00:00,N,N4,191.0
2018-04-30T19:00:00,N,N4,171.99999999999994
2018-04-30T20:00:00,N,N4,152.0
2018-04-30T21:00:00,N,N4,133.0
2018-04-30T22:00:00,N,N4,119.00000000000004
2018-04-30T23:00:00,N,N4,113.00000000000004
2018-05-01T00:00:00,N,N4,108.99999999999996
2018-05-01T01:00:00,N,N4,104.0
2018-05-01T02:00:00,N,N4,104.0
2018-05-01T03:00:00,N,N4,104.0
2018-05-01T04:00:00,N,N4,104.0
2018-05-01T05:00:00,N,N4,104.0
2018-05-01T06:00:00,N,N4,119.00000000000004
2018-05-01T07:00:00,N,N4,119.00000000000004
2018-05-01T08:00:00,N,N4,122.99999999999994
2018-05-01T09:00:00,N,N4,110.99999999999996
2018-05-01T10:00:00,N,N4,119.00000000000004
2018-05-01T11:00:00,N,N4,129.99999999999997
2018-05-01T12:00:00,N,N4,127.0
2018-05-01T13:00:00,N,N4,114.00000000000004
2018-05-01T14:00:00,N,N4,110.99999999999996
2018-05-01T15:00:00,N,N4,111.99999999999996
2018-05-01T16:00:00,N,N4,114.00000000000004
2018-05-01T17:00:00,N,N4,139.99999999999994
2018-05-01T18:00:00,N,N4,180.0
2018-05-01T19:00:00,N,N4,163.0
2018-05-01T20:00:00,N,N4,149.99999999999997
2018-05-01T21:00:00,N,N4,135.00000000000003
2018-05-01T22:00:00,N,N4,125.00000000000004
2018-05-01T23:00:00,N,N4,114.00000000000004
2018-05-02T00:00:00,N,N4,108.00000000000004
2018-05-02T01:00:00,N,N4,104.99999999999996
2018-05-02T02:00:00,N,N4,101.99999999999996
2018-05-02T03:00:00,N,N4,101.99999999999996
2018-05-02T04:00:00,N,N4,102.00000000000004
2018-05-02T05:00:00,N,N4,106.99999999999996
2018-05-02T06:00:00,N,N4,122.99999999999994
2018-05-02T07:00:00,N,N4,115.0
2018-05-02T08:00:00,N,N4,127.0
2018-05-02T09:00:00,N,N4,127.99999999999996
2018-05-02T10:00:00,N,N4,136.00000000000006
2018-05-02T11:00:00,N,N4,146.99999999999997
2018-05-02T12:00:00,N,N4,138.99999999999997
2018-05-02T13:00:00,N,N4,124.00000000000004
2018-05-02T14:00:00,N,N4,138.00000000000006
2018-05-02T15:00:00,N,N4,136.00000000000006
2018-05-02T16:00:00,N,N4,130.99999999999994
2018-05-02T17:00:00,N,N4,139.99999999999994
2018-05-02T18:00:00,N,N4,184.99999999999991
2018-05-02T19:00:00,N,N4,167.99999999999997
2018-05-02T20:00:00,N,N4,142.00000000000003
2018-05-02T21:00:00,N,N4,127.0
2018-05-02T22:00:00,N,N4,122.00000000000004
2018-05-02T23:00:00,N,N4,111.99999999999996
2018-05-03T00:00:00,N,N4,106.99999999999996
2018-05-03T01:00:00,N,N4,101.00000000000004
2018-05-03T02:00:00,N,N4,101.00000000000004
2018-05-03T03:00:00,N,N4,101.00000000000004
2018-05-03T04:00:00,N,N4,101.00000000000004
2018-05-03T05:00:00,N,N4,118.00000000000004
2018-05-03T06:00:00,N,N4,128.99999999999997
2018-05-03T07:00:00,N,N4,122.99999999999994
2018-05-03T08:00:00,N,N4,129.99999999999997
2018-05-03T09:00:00,N,N4,130.99999999999994
2018-05-03T10:00:00,N,N4,142.99999999999994
2018-05-03T11:00:00,N,N4,163.0
2018-05-03T12:00:00,N,N4,146.0
2018-05-03T13:00:00,N,N4,133.99999999999997
2018-05-03T14:00:00,N,N4,137.00000000000003
2018-05-03T15:00:00,N,N4,138.00000000000006
2018-05-03T16:00:00,N,N4,139.99999999999994
2018-05-03T17:00:00,N,N4,146.0
2018-05-03T18:00:00,N,N4,193.0
2018-05-03T19:00:00,N,N4,175.00000000000009
2018-05-03T20:00:00,N,N4,146.99999999999997
2018-05-03T21:00:00,N,N4,136.00000000000006
2018-05-03T22:00:00,N,N4,122.99999999999994
2018-05-03T23:00:00,N,N4,111.99999999999996
2018-05-04T00:00:00,N,N4,104.0
2018-05-04T01:00:00,N,N4,101.00000000000004
2018-05-04T02:00:00,N,N4,100.00000000000004
2018-05-04T03:00:00,N,N4,100.00000000000004
2018-05-04T04:00:00,N,N4,100.00000000000004
2018-05-04T05:00:00,N,N4,100.00000000000004
2018-05-04T06:00:00,N,N4,117.00000000000004
2018-05-04T07:00:00,N,N4,114.00000000000004
2018-05-04T08:00:00,N,N4,119.99999999999996
2018-05-04T09:00:00,N,N4,119.00000000000004
2018-05-04T10:00:00,N,N4,133.99999999999997
2018-05-04T11:00:00,N,N4,146.99999999999997
2018-05-04T12:00:00,N,N4,133.0
2018-05-04T13:00:00,N,N4,122.00000000000004
2018-05-04T14:00:00,N,N4,128.99999999999997
2018-05-04T15:00:00,N,N4,121.00000000000004
2018-05-04T16:00:00,N,N4,127.99999999999996
2018-05-04T17:00:00,N,N4,167.00000000000006
2018-05-04T18:00:00,N,N4,177.99999999999997
2018-05-04T19:00:00,N,N4,159.99999999999994
2018-05-04T20:00:00,N,N4,139.99999999999994
2018-05-04T21:00:00,N,N4,122.99999999999994
2018-05-04T22:00:00,N,N4,113.00000000000004
2018-05-04T23:00:00,N,N4,108.00000000000004
2018-05-05T00:00:00,N,N4,103.0
2018-05-05T01:00:00,N,N4,97.0
2018-05-05T02:00:00,N,N4,97.0
2018-05-05T03:00:00,N,N4,96.99999999999991
2018-05-05T04:00:00,N,N4,97.0
2018-05-05T05:00:00,N,N4,106.99999999999996
2018-05-05T06:00:00,N,N4,125.00000000000004
2018-05-05T07:00:00,N,N4,121.00000000000004
2018-05-05T08:00:00,N,N4,122.99999999999994
2018-05-05T09:00:00,N,N4,122.99999999999994
2018-05-05T10:00:00,N,N4,127.0
2018-05-05T11:00:00,N,N4,135.00000000000003
2018-05-05T12:00:00,N,N4,124.00000000000004
2018-05-05T13:00:00,N,N4,104.0
2018-05-05T14:00:00,N,N4,99.0
2018-05-05T15:00:00,N,N4,104.0
2018-05-05T16:00:00,N,N4,104.0
2018-05-05T17:00:00,N,N4,159.99999999999994
2018-05-05T18:00:00,N,N4,159.99999999999994
2018-05-05T19:00:00,N,N4,129.99999999999997
2018-05-05T20:00:00,N,N4,119.00000000000004
2018-05-05T21:00:00,N,N4,108.00000000000004
2018-05-05T22:00:00,N,N4,98.00000000000004
2018-05-05T23:00:00,N,N4,93.00000000000004
2018-05-06T00:00:00,N,N4,88.00000000000003
2018-05-06T01:00:00,N,N4,88.00000000000003
2018-05-06T02:00:00,N,N4,88.00000000000003
2018-05-06T03:00:00,N,N4,85.00000000000001
2018-05-06T04:00:00,N,N4,85.00000000000001
2018-05-06T05:00:00,N,N4,85.00000000000001
2018-05-06T06:00:00,N,N4,90.16666666666669
2018-05-06T07:00:00,N,N4,96.58333333333331
2018-05-06T08:00:00,N,N4,101.99999999999996
2018-05-06T09:00:00,N,N4,101.99999999999996
2018-05-06T10:00:00,N,N4,111.99999999999996
2018-05-06T11:00:00,N,N4,118.00000000000004
2018-05-06T12:00:00,N,N4,103.0
2018-05-06T13:00:00,N,N4,93.00000000000004
2018-05-06T14:00:00,N,N4,83.00000000000003
2018-05-06T15:00:00,N,N4,81.00000000000003
2018-05-06T16:00:00,N,N4,88.99999999999999
2018-05-06T17:00:00,N,N4,114.00000000000004
2018-05-06T18:00:00,N,N4,144.99999999999997
2018-05-06T19:00:00,N,N4,144.99999999999997
2018-05-06T20:00:00,N,N4,110.00000000000004
2018-05-06T21:00:00,N,N4,94.0
2018-05-06T22:00:00,N,N4,88.99999999999999
2018-05-06T23:00:00,N,N4,83.99999999999999
2018-05-07T00:00:00,N,N4,83.99999999999999
2018-05-07T01:00:00,N,N4,83.99999999999999
2018-05-07T02:00:00,N,N4,83.99999999999999
2018-05-07T03:00:00,N,N4,85.00000000000001
2018-05-07T04:00:00,N,N4,88.99999999999999
2018-05-07T05:00:00,N,N4,90.0
2018-05-07T06:00:00,N,N4,110.00000000000004
2018-05-07T07:00:00,N,N4,104.99999999999996
2018-05-07T08:00:00,N,N4,110.00000000000004
2018-05-07T09:00:00,N,N4,113.00000000000004
2018-05-07T10:00:00,N,N4,127.99999999999996
2018-05-07T11:00:00,N,N4,127.99999999999996
2018-05-07T12:00:00,N,N4,126.0
2018-05-07T13:00:00,N,N4,100.00000000000004
2018-05-07T14:00:00,N,N4,114.00000000000004
2018-05-07T15:00:00,N,N4,104.99999999999996
2018-05-07T16:00:00,N,N4,119.99999999999996
2018-05-07T17:00:00,N,N4,166.00000000000006
2018-05-07T18:00:00,N,N4,176.99999999999994
2018-05-07T19:00:00,N,N4,152.0
2018-05-07T20:00:00,N,N4,127.0
2018-05-07T21:00:00,N,N4,122.00000000000004
2018-05-07T22:00:00,N,N4,111.99999999999996
2018-05-07T23:00:00,N,N4,101.99999999999996
2018-05-08T00:00:00,N,N4,97.0
2018-05-08T01:00:00,N,N4,97.0
2018-05-08T02:00:00,N,N4,96.99999999999991
2018-05-08T03:00:00,N,N4,97.0
2018-05-08T04:00:00,N,N4,97.0
2018-05-08T05:00:00,N,N4,97.0
2018-05-08T06:00:00,N,N4,117.00000000000004
2018-05-08T07:00:00,N,N4,115.0
2018-05-08T08:00:00,N,N4,119.00000000000004
2018-05-08T09:00:00,N,N4,115.0
2018-05-08T10:00:00,N,N4,127.0000000000001
2018-05-08T11:00:00,N,N4,133.99999999999997
2018-05-08T12:00:00,N,N4,122.99999999999994
2018-05-08T13:00:00,N,N4,101.99999999999996
2018-05-08T14:00:00,N,N4,111.99999999999996
2018-05-08T15:00:00,N,N4,110.00000000000004
2018-05-08T16:00:00,N,N4,101.00000000000004
2018-05-08T17:00:00,N,N4,163.0
2018-05-08T18:00:00,N,N4,169.0
2018-05-08T19:00:00,N,N4,154.00000000000006
2018-05-08T20:00:00,N,N4,133.99999999999997
2018-05-08T21:00:00,N,N4,114.00000000000004
2018-05-08T22:00:00,N,N4,108.99999999999996
2018-05-08T23:00:00,N,N4,99.0
2018-05-09T00:00:00,N,N4,94.0
2018-05-09T01:00:00,N,N4,94.0
2018-05-09T02:00:00,N,N4,88.99999999999999
2018-05-09T03:00:00,N,N4,88.99999999999999
2018-05-09T04:00:00,N,N4,88.9999999999999
2018-05-09T05:00:00,N,N4,104.0
2018-05-09T06:00:00,N,N4,119.00000000000004
2018-05-09T07:00:00,N,N4,108.00000000000004
2018-05-09T08:00:00,N,N4,117.00000000000004
2018-05-09T09:00:00,N,N4,121.00000000000004
2018-05-09T10:00:00,N,N4,124.00000000000004
2018-05-09T11:00:00,N,N4,136.00000000000006
2018-05-09T12:00:00,N,N4,127.0
2018-05-09T13:00:00,N,N4,108.99999999999996
2018-05-09T14:00:00,N,N4,110.00000000000004
2018-05-09T15:00:00,N,N4,115.0
2018-05-09T16:00:00,N,N4,115.0
2018-05-09T17:00:00,N,N4,174.0
2018-05-09T18:00:00,N,N4,174.0
2018-05-09T19:00:00,N,N4,144.99999999999997
2018-05-09T20:00:00,N,N4,139.99999999999994
2018-05-09T21:00:00,N,N4,122.00000000000004
2018-05-09T22:00:00,N,N4,106.99999999999996
2018-05-09T23:00:00,N,N4,106.99999999999996
2018-05-10T00:00:00,N,N4,97.0
2018-05-10T01:00:00,N,N4,96.99999999999991
2018-05-10T02:00:00,N,N4,92.0
2018-05-10T03:00:00,N,N4,92.0
2018-05-10T04:00:00,N,N4,92.0
2018-05-10T05:00:00,N,N4,92.0
2018-05-10T06:00:00,N,N4,122.00000000000004
2018-05-10T07:00:00,N,N4,110.00000000000004
2018-05-10T08:00:00,N,N4,125.00000000000004
2018-05-10T09:00:00,N,N4,122.99999999999994
2018-05-10T10:00:00,N,N4,128.99999999999997
2018-05-10T11:00:00,N,N4,139.99999999999994
2018-05-10T12:00:00,N,N4,128.99999999999997
2018-05-10T13:00:00,N,N4,110.00000000000004
2018-05-10T14:00:00,N,N4,121.00000000000004
2018-05-10T15:00:00,N,N4,118.00000000000004
2018-05-10T16:00:00,N,N4,118.00000000000004
2018-05-10T17:00:00,N,N4,173.00000000000006
2018-05-10T18:00:00,N,N4,179.0
2018-05-10T19:00:00,N,N4,159.0
2018-05-10T20:00:00,N,N4,142.00000000000003
2018-05-10T21:00:00,N,N4,110.00000000000004
2018-05-10T22:00:00,N,N4,110.00000000000004
2018-05-10T23:00:00,N,N4,105.99999999999996
2018-05-11T00:00:00,N,N4,93.00000000000004
2018-05-11T01:00:00,N,N4,85.99999999999997
2018-05-11T02:00:00,N,N4,86.00000000000004
2018-05-11T03:00:00,N,N4,81.00000000000003
2018-05-11T04:00:00,N,N4,81.00000000000003
2018-05-11T05:00:00,N,N4,81.00000000000003
2018-05-11T06:00:00,N,N4,101.99999999999996
2018-05-11T07:00:00,N,N4,108.99999999999996
2018-05-11T08:00:00,N,N4,114.00000000000004
2018-05-11T09:00:00,N,N4,117.00000000000004
2018-05-11T10:00:00,N,N4,125.00000000000004
2018-05-11T11:00:00,N,N4,131.99999999999997
2018-05-11T12:00:00,N,N4,110.99999999999996
2018-05-11T13:00:00,N,N4,93.00000000000004
2018-05-11T14:00:00,N,N4,100.00000000000004
2018-05-11T15:00:00,N,N4,96.0
2018-05-11T16:00:00,N,N4,126.0
2018-05-11T17:00:00,N,N4,163.0
2018-05-11T18:00:00,N,N4,163.0
2018-05-11T19:00:00,N,N4,133.0
2018-05-11T20:00:00,N,N4,119.00000000000004
2018-05-11T21:00:00,N,N4,104.0
2018-05-11T22:00:00,N,N4,104.0
2018-05-11T23:00:00,N,N4,94.0
2018-05-12T00:00:00,N,N4,88.99999999999999
2018-05-12T01:00:00,N,N4,88.99999999999999
2018-05-12T02:00:00,N,N4,88.99999999999999
2018-05-12T03:00:00,N,N4,88.99999999999999
2018-05-12T04:00:00,N,N4,88.9999999999999
2018-05-12T05:00:00,N,N4,88.99999999999999
2018-05-12T06:00:00,N,N4,113.00000000000004
2018-05-12T07:00:00,N,N4,113.00000000000004
2018-05-12T08:00:00,N,N4,122.00000000000004
2018-05-12T09:00:00,N,N4,119.99999999999996
2018-05-12T10:00:00,N,N4,119.99999999999996
2018-05-12T11:00:00,N,N4,117.00000000000004
2018-05-12T12:00:00,N,N4,101.00000000000004
2018-05-12T13:00:00,N,N4,96.0
2018-05-12T14:00:00,N,N4,92.0
2018-05-12T15:00:00,N,N4,92.0
2018-05-12T16:00:00,N,N4,97.0
2018-05-12T17:00:00,N,N4,154.00000000000006
2018-05-12T18:00:00,N,N4,154.00000000000006
2018-05-12T19:00:00,N,N4,139.99999999999994
2018-05-12T20:00:00,N,N4,115.0
2018-05-12T21:00:00,N,N4,100.00000000000004
2018-05-12T22:00:00,N,N4,95.0
2018-05-12T23:00:00,N,N4,90.0
2018-05-13T00:00:00,N,N4,90.0
2018-05-13T01:00:00,N,N4,85.00000000000001
2018-05-13T02:00:00,N,N4,79.99999999999997
2018-05-13T03:00:00,N,N4,79.99999999999997
2018-05-13T04:00:00,N,N4,79.99999999999997
2018-05-13T05:00:00,N,N4,85.00000000000001
2018-05-13T06:00:00,N,N4,95.0
2018-05-13T07:00:00,N,N4,96.0
2018-05-13T08:00:00,N,N4,96.0
2018-05-13T09:00:00,N,N4,85.00000000000001
2018-05-13T10:00:00,N,N4,95.0
2018-05-13T11:00:00,N,N4,100.00000000000004
2018-05-13T12:00:00,N,N4,100.00000000000004
2018-05-13T13:00:00,N,N4,85.00000000000001
2018-05-13T14:00:00,N,N4,79.0
2018-05-13T15:00:00,N,N4,79.99999999999997
2018-05-13T16:00:00,N,N4,88.99999999999999
2018-05-13T17:00:00,N,N4,139.99999999999994
2018-05-13T18:00:00,N,N4,149.99999999999997
2018-05-13T19:00:00,N,N4,129.99999999999997
2018-05-13T20:00:00,N,N4,115.0
2018-05-13T21:00:00,N,N4,97.0
2018-05-13T22:00:00,N,N4,90.0
2018-05-13T23:00:00,N,N4,85.99999999999997
2018-05-14T00:00:00,N,N4,81.00000000000003
2018-05-14T01:00:00,N,N4,81.00000000000003
2018-05-14T02:00:00,N,N4,79.99999999999997
2018-05-14T03:00:00,N,N4,79.99999999999997
2018-05-14T04:00:00,N,N4,81.99999999999994
2018-05-14T05:00:00,N,N4,92.0
2018-05-14T06:00:00,N,N4,114.00000000000004
2018-05-14T07:00:00,N,N4,111.99999999999996
2018-05-14T08:00:00,N,N4,110.00000000000004
2018-05-14T09:00:00,N,N4,104.99999999999996
2018-05-14T10:00:00,N,N4,104.99999999999996
2018-05-14T11:00:00,N,N4,110.00000000000004
2018-05-14T12:00:00,N,N4,104.99999999999996
2018-05-14T13:00:00,N,N4,95.0
2018-05-14T14:00:00,N,N4,101.99999999999996
2018-05-14T15:00:00,N,N4,101.99999999999996
2018-05-14T16:00:00,N,N4,108.00000000000004
2018-05-14T17:00:00,N,N4,175.00000000000009
2018-05-14T18:00:00,N,N4,174.0
2018-05-14T19:00:00,N,N4,149.0
2018-05-14T20:00:00,N,N4,133.0
2018-05-14T21:00:00,N,N4,116.0
2018-05-14T22:00:00,N,N4,105.99999999999996
2018-05-14T23:00:00,N,N4,95.0
2018-05-15T00:00:00,N,N4,95.0
2018-05-15T01:00:00,N,N4,90.0
2018-05-15T02:00:00,N,N4,90.0
2018-05-15T03:00:00,N,N4,90.0
2018-05-15T04:00:00,N,N4,90.0
2018-05-15T05:00:00,N,N4,90.0
2018-05-15T06:00:00,N,N4,110.00000000000004
2018-05-15T07:00:00,N,N4,110.00000000000004
2018-05-15T08:00:00,N,N4,122.00000000000004
2018-05-15T09:00:00,N,N4,117.00000000000004
2018-05-15T10:00:00,N,N4,129.99999999999997
2018-05-15T11:00:00,N,N4,122.99999999999994
2018-05-15T12:00:00,N,N4,101.99999999999996
2018-05-15T13:00:00,N,N4,77.00000000000001
2018-05-15T14:00:00,N,N4,74.99999999999997
2018-05-15T15:00:00,N,N4,79.99999999999997
2018-05-15T16:00:00,N,N4,90.0
2018-05-15T17:00:00,N,N4,149.0
2018-05-15T18:00:00,N,N4,142.99999999999994
2018-05-15T19:00:00,N,N4,122.00000000000004
2018-05-15T20:00:00,N,N4,106.99999999999996
2018-05-15T21:00:00,N,N4,98.00000000000004
2018-05-15T22:00:00,N,N4,88.00000000000003
2018-05-15T23:00:00,N,N4,83.00000000000003
2018-05-16T00:00:00,N,N4,83.00000000000003
2018-05-16T01:00:00,N,N4,83.00000000000003
2018-05-16T02:00:00,N,N4,79.99999999999997
2018-05-16T03:00:00,N,N4,79.99999999999997
2018-05-16T04:00:00,N,N4,79.99999999999997
2018-05-16T05:00:00,N,N4,79.99999999999997
2018-05-16T06:00:00,N,N4,100.00000000000004
2018-05-16T07:00:00,N,N4,108.99999999999996
2018-05-16T08:00:00,N,N4,117.00000000000004
2018-05-16T09:00:00,N,N4,114.00000000000004
2018-05-16T10:00:00,N,N4,121.00000000000004
2018-05-16T11:00:00,N,N4,127.0
2018-05-16T12:00:00,N,N4,121.00000000000004
2018-05-16T13:00:00,N,N4,100.00000000000004
2018-05-16T14:00:00,N,N4,104.99999999999996
2018-05-16T15:00:00,N,N4,105.99999999999996
2018-05-16T16:00:00,N,N4,111.99999999999996
2018-05-16T17:00:00,N,N4,180.0
2018-05-16T18:00:00,N,N4,180.0
2018-05-16T19:00:00,N,N4,149.99999999999997
2018-05-16T20:00:00,N,N4,124.00000000000004
2018-05-16T21:00:00,N,N4,108.00000000000004
2018-05-16T22:00:00,N,N4,98.00000000000004
2018-05-16T23:00:00,N,N4,98.00000000000004
2018-05-17T00:00:00,N,N4,98.00000000000004
2018-05-17T01:00:00,N,N4,87.0
2018-05-17T02:00:00,N,N4,85.00000000000001
2018-05-17T03:00:00,N,N4,85.00000000000001
2018-05-17T04:00:00,N,N4,85.00000000000001
2018-05-17T05:00:00,N,N4,85.00000000000001
2018-05-17T06:00:00,N,N4,95.0
2018-05-17T07:00:00,N,N4,111.99999999999996
2018-05-17T08:00:00,N,N4,111.99999999999996
2018-05-17T09:00:00,N,N4,117.00000000000004
2018-05-17T10:00:00,N,N4,119.99999999999996
2018-05-17T11:00:00,N,N4,129.99999999999997
2018-05-17T12:00:00,N,N4,124.00000000000004
2018-05-17T13:00:00,N,N4,96.0
2018-05-17T14:00:00,N,N4,99.0
2018-05-17T15:00:00,N,N4,100.00000000000004
2018-05-17T16:00:00,N,N4,105.99999999999996
2018-05-17T17:00:00,N,N4,161.99999999999994
2018-05-17T18:00:00,N,N4,161.99999999999994
2018-05-17T19:00:00,N,N4,138.00000000000006
2018-05-17T20:00:00,N,N4,119.00000000000004
2018-05-17T21:00:00,N,N4,101.99999999999996
2018-05-17T22:00:00,N,N4,101.99999999999996
2018-05-17T23:00:00,N,N4,97.0
2018-05-18T00:00:00,N,N4,92.0
2018-05-18T01:00:00,N,N4,92.0
2018-05-18T02:00:00,N,N4,92.0
2018-05-18T03:00:00,N,N4,92.0
2018-05-18T04:00:00,N,N4,92.0
2018-05-18T05:00:00,N,N4,101.00000000000004
2018-05-18T06:00:00,N,N4,122.00000000000004
2018-05-18T07:00:00,N,N4,115.0
2018-05-18T08:00:00,N,N4,118.00000000000004
2018-05-18T09:00:00,N,N4,118.00000000000004
2018-05-18T10:00:00,N,N4,129.99999999999997
2018-05-18T11:00:00,N,N4,138.99999999999997
2018-05-18T12:00:00,N,N4,128.99999999999997
2018-05-18T13:00:00,N,N4,108.99999999999996
2018-05-18T14:00:00,N,N4,101.99999999999996
2018-05-18T15:00:00,N,N4,111.99999999999996
2018-05-18T16:00:00,N,N4,119.00000000000004
2018-05-18T17:00:00,N,N4,152.0
2018-05-18T18:00:00,N,N4,144.99999999999997
2018-05-18T19:00:00,N,N4,118.00000000000004
2018-05-18T20:00:00,N,N4,96.0
2018-05-18T21:00:00,N,N4,85.99999999999997
2018-05-18T22:00:00,N,N4,81.00000000000003
2018-05-18T23:00:00,N,N4,76.0
2018-05-19T00:00:00,N,N4,76.0
2018-05-19T01:00:00,N,N4,76.0
2018-05-19T02:00:00,N,N4,72.0
2018-05-19T03:00:00,N,N4,72.0
2018-05-19T04:00:00,N,N4,72.0
2018-05-19T05:00:00,N,N4,76.0
2018-05-19T06:00:00,N,N4,104.99999999999996
2018-05-19T07:00:00,N,N4,110.00000000000004
2018-05-19T08:00:00,N,N4,116.0
2018-05-19T09:00:00,N,N4,114.00000000000004
2018-05-19T10:00:00,N,N4,119.00000000000004
2018-05-19T11:00:00,N,N4,122.99999999999994
2018-05-19T12:00:00,N,N4,108.99999999999996
2018-05-19T13:00:00,N,N4,95.0
2018-05-19T14:00:00,N,N4,88.99999999999999
2018-05-19T15:00:00,N,N4,97.0
2018-05-19T16:00:00,N,N4,110.00000000000004
2018-05-19T17:00:00,N,N4,161.00000000000003
2018-05-19T18:00:00,N,N4,161.00000000000003
2018-05-19T19:00:00,N,N4,130.99999999999994
2018-05-19T20:00:00,N,N4,108.99999999999996
2018-05-19T21:00:00,N,N4,99.0
2018-05-19T22:00:00,N,N4,88.00000000000003
2018-05-19T23:00:00,N,N4,83.00000000000003
2018-05-20T00:00:00,N,N4,83.00000000000003
2018-05-20T01:00:00,N,N4,83.00000000000003
2018-05-20T02:00:00,N,N4,83.00000000000003
2018-05-20T03:00:00,N,N4,83.00000000000003
2018-05-20T04:00:00,N,N4,83.00000000000003
2018-05-20T05:00:00,N,N4,83.00000000000003
2018-05-20T06:00:00,N,N4,88.00000000000003
2018-05-20T07:00:00,N,N4,104.0
2018-05-20T08:00:00,N,N4,103.0
2018-05-20T09:00:00,N,N4,101.00000000000004
2018-05-20T10:00:00,N,N4,103.0
2018-05-20T11:00:00,N,N4,115.0
2018-05-20T12:00:00,N,N4,104.0
2018-05-20T13:00:00,N,N4,104.0
2018-05-20T14:00:00,N,N4,78.0
2018-05-20T15:00:00,N,N4,78.0
2018-05-20T16:00:00,N,N4,88.99999999999999
2018-05-20T17:00:00,N,N4,152.99999999999997
2018-05-20T18:00:00,N,N4,146.99999999999997
2018-05-20T19:00:00,N,N4,125.00000000000004
2018-05-20T20:00:00,N,N4,113.00000000000004
2018-05-20T21:00:00,N,N4,98.00000000000004
2018-05-20T22:00:00,N,N4,92.0
2018-05-20T23:00:00,N,N4,87.0
2018-05-21T00:00:00,N,N4,82.00000000000001
2018-05-21T01:00:00,N,N4,82.00000000000001
2018-05-21T02:00:00,N,N4,79.99999999999997
2018-05-21T03:00:00,N,N4,79.99999999999997
2018-05-21T04:00:00,N,N4,79.99999999999997
2018-05-21T05:00:00,N,N4,85.00000000000001
2018-05-21T06:00:00,N,N4,119.00000000000004
2018-05-21T07:00:00,N,N4,102.16666666666669
2018-05-21T08:00:00,N,N4,107.83333333333331
2018-05-21T09:00:00,N,N4,108.91666666666664
2018-05-21T10:00:00,N,N4,114.08333333333331
2018-05-21T11:00:00,N,N4,123.16666666666669
2018-05-21T12:00:00,N,N4,112.16666666666669
2018-05-21T13:00:00,N,N4,99.08333333333331
2018-05-21T14:00:00,N,N4,107.66666666666669
2018-05-21T15:00:00,N,N4,99.0
2018-05-21T16:00:00,N,N4,108.00000000000004
2018-05-21T17:00:00,N,N4,171.99999999999994
2018-05-21T18:00:00,N,N4,167.99999999999997
2018-05-21T19:00:00,N,N4,144.0
2018-05-21T20:00:00,N,N4,122.00000000000004
2018-05-21T21:00:00,N,N4,106.99999999999996
2018-05-21T22:00:00,N,N4,97.0
2018-05-21T23:00:00,N,N4,90.0
2018-05-22T00:00:00,N,N4,83.99999999999999
2018-05-22T01:00:00,N,N4,83.99999999999999
2018-05-22T02:00:00,N,N4,83.99999999999999
2018-05-22T03:00:00,N,N4,83.99999999999999
2018-05-22T04:00:00,N,N4,83.99999999999999
2018-05-22T05:00:00,N,N4,87.0
2018-05-22T06:00:00,N,N4,117.00000000000004
2018-05-22T07:00:00,N,N4,118.00000000000004
2018-05-22T08:00:00,N,N4,119.99999999999996
2018-05-22T09:00:00,N,N4,110.00000000000004
2018-05-22T10:00:00,N,N4,117.00000000000004
2018-05-22T11:00:00,N,N4,124.00000000000004
2018-05-22T12:00:00,N,N4,115.0
2018-05-22T13:00:00,N,N4,98.00000000000004
2018-05-22T14:00:00,N,N4,93.00000000000004
2018-05-22T15:00:00,N,N4,95.0
2018-05-22T16:00:00,N,N4,108.00000000000004
2018-05-22T17:00:00,N,N4,184.00000000000009
2018-05-22T18:00:00,N,N4,173.00000000000006
2018-05-22T19:00:00,N,N4,156.0
2018-05-22T20:00:00,N,N4,133.99999999999997
2018-05-22T21:00:00,N,N4,111.99999999999996
2018-05-22T22:00:00,N,N4,95.0
2018-05-22T23:00:00,N,N4,88.99999999999999
2018-05-23T00:00:00,N,N4,88.99999999999999
2018-05-23T01:00:00,N,N4,88.99999999999999
2018-05-23T02:00:00,N,N4,83.00000000000003
2018-05-23T03:00:00,N,N4,83.00000000000003
2018-05-23T04:00:00,N,N4,83.00000000000003
2018-05-23T05:00:00,N,N4,99.0
2018-05-23T06:00:00,N,N4,119.99999999999996
2018-05-23T07:00:00,N,N4,119.99999999999996
2018-05-23T08:00:00,N,N4,110.99999999999996
2018-05-23T09:00:00,N,N4,116.0
2018-05-23T10:00:00,N,N4,116.0
2018-05-23T11:00:00,N,N4,131.99999999999997
2018-05-23T12:00:00,N,N4,118.00000000000004
2018-05-23T13:00:00,N,N4,92.0
2018-05-23T14:00:00,N,N4,98.00000000000004
2018-05-23T15:00:00,N,N4,95.0
2018-05-23T16:00:00,N,N4,103.0
2018-05-23T17:00:00,N,N4,175.99999999999991
2018-05-23T18:00:00,N,N4,171.99999999999994
2018-05-23T19:00:00,N,N4,137.00000000000003
2018-05-23T20:00:00,N,N4,116.0
2018-05-23T21:00:00,N,N4,104.99999999999996
2018-05-23T22:00:00,N,N4,90.0
2018-05-23T23:00:00,N,N4,85.00000000000001
2018-05-24T00:00:00,N,N4,85.00000000000001
2018-05-24T01:00:00,N,N4,85.00000000000001
2018-05-24T02:00:00,N,N4,79.99999999999997
2018-05-24T03:00:00,N,N4,79.99999999999997
2018-05-24T04:00:00,N,N4,83.99999999999999
2018-05-24T05:00:00,N,N4,96.99999999999991
2018-05-24T06:00:00,N,N4,111.99999999999996
2018-05-24T07:00:00,N,N4,110.00000000000004
2018-05-24T08:00:00,N,N4,117.00000000000004
2018-05-24T09:00:00,N,N4,110.00000000000004
2018-05-24T10:00:00,N,N4,116.0
2018-05-24T11:00:00,N,N4,122.99999999999994
2018-05-24T12:00:00,N,N4,108.00000000000004
2018-05-24T13:00:00,N,N4,94.0
2018-05-24T14:00:00,N,N4,90.0
2018-05-24T15:00:00,N,N4,96.0
2018-05-24T16:00:00,N,N4,113.00000000000004
2018-05-24T17:00:00,N,N4,167.00000000000006
2018-05-24T18:00:00,N,N4,175.99999999999991
2018-05-24T19:00:00,N,N4,136.00000000000006
2018-05-24T20:00:00,N,N4,116.0
2018-05-24T21:00:00,N,N4,104.99999999999996
2018-05-24T22:00:00,N,N4,97.0
2018-05-24T23:00:00,N,N4,88.99999999999999
2018-05-25T00:00:00,N,N4,88.00000000000003
2018-05-25T01:00:00,N,N4,83.99999999999999
2018-05-25T02:00:00,N,N4,83.00000000000003
2018-05-25T03:00:00,N,N4,82.00000000000001
2018-05-25T04:00:00,N,N4,87.0
2018-05-25T05:00:00,N,N4,97.0
2018-05-25T06:00:00,N,N4,119.99999999999996
2018-05-25T07:00:00,N,N4,121.00000000000004
2018-05-25T08:00:00,N,N4,117.00000000000004
2018-05-25T09:00:00,N,N4,118.00000000000004
2018-05-25T10:00:00,N,N4,117.00000000000004
2018-05-25T11:00:00,N,N4,127.0
2018-05-25T12:00:00,N,N4,117.00000000000004
2018-05-25T13:00:00,N,N4,95.0
2018-05-25T14:00:00,N,N4,98.00000000000004
2018-05-25T15:00:00,N,N4,105.99999999999996
2018-05-25T16:00:00,N,N4,108.99999999999996
2018-05-25T17:00:00,N,N4,169.0
2018-05-25T18:00:00,N,N4,161.00000000000003
2018-05-25T19:00:00,N,N4,138.00000000000006
2018-05-25T20:00:00,N,N4,117.00000000000004
2018-05-25T21:00:00,N,N4,105.99999999999996
2018-05-25T22:00:00,N,N4,95.0
2018-05-25T23:00:00,N,N4,85.00000000000001
2018-05-26T00:00:00,N,N4,83.00000000000003
2018-05-26T01:00:00,N,N4,83.00000000000003
2018-05-26T02:00:00,N,N4,79.99999999999997
2018-05-26T03:00:00,N,N4,79.99999999999997
2018-05-26T04:00:00,N,N4,79.99999999999997
2018-05-26T05:00:00,N,N4,79.99999999999997
2018-05-26T06:00:00,N,N4,111.99999999999996
2018-05-26T07:00:00,N,N4,117.00000000000004
2018-05-26T08:00:00,N,N4,111.99999999999996
2018-05-26T09:00:00,N,N4,104.99999999999996
2018-05-26T10:00:00,N,N4,119.00000000000004
2018-05-26T11:00:00,N,N4,125.00000000000004
2018-05-26T12:00:00,N,N4,108.99999999999996
2018-05-26T13:00:00,N,N4,98.00000000000004
2018-05-26T14:00:00,N,N4,98.00000000000004
2018-05-26T15:00:00,N,N4,97.0
2018-05-26T16:00:00,N,N4,108.99999999999996
2018-05-26T17:00:00,N,N4,164.99999999999994
2018-05-26T18:00:00,N,N4,164.99999999999994
2018-05-26T19:00:00,N,N4,133.0
2018-05-26T20:00:00,N,N4,117.00000000000004
2018-05-26T21:00:00,N,N4,108.00000000000004
2018-05-26T22:00:00,N,N4,97.0
2018-05-26T23:00:00,N,N4,97.0
2018-05-27T00:00:00,N,N4,97.0
2018-05-27T01:00:00,N,N4,85.99999999999997
2018-05-27T02:00:00,N,N4,85.00000000000001
2018-05-27T03:00:00,N,N4,85.00000000000001
2018-05-27T04:00:00,N,N4,85.00000000000001
2018-05-27T05:00:00,N,N4,85.00000000000001
2018-05-27T06:00:00,N,N4,96.0
2018-05-27T07:00:00,N,N4,101.99999999999996
2018-05-27T08:00:00,N,N4,105.99999999999996
2018-05-27T09:00:00,N,N4,101.99999999999996
2018-05-27T10:00:00,N,N4,108.99999999999989
2018-05-27T11:00:00,N,N4,114.00000000000004
2018-05-27T12:00:00,N,N4,104.0
2018-05-27T13:00:00,N,N4,94.0
2018-05-27T14:00:00,N,N4,83.00000000000003
2018-05-27T15:00:00,N,N4,71.0
2018-05-27T16:00:00,N,N4,85.99999999999997
2018-05-27T17:00:00,N,N4,147.99999999999994
2018-05-27T18:00:00,N,N4,147.99999999999994
2018-05-27T19:00:00,N,N4,115.0
2018-05-27T20:00:00,N,N4,101.99999999999996
2018-05-27T21:00:00,N,N4,92.0
2018-05-27T22:00:00,N,N4,82.00000000000001
2018-05-27T23:00:00,N,N4,82.00000000000001
2018-05-28T00:00:00,N,N4,77.00000000000001
2018-05-28T01:00:00,N,N4,76.0
2018-05-28T02:00:00,N,N4,76.0
2018-05-28T03:00:00,N,N4,76.0
2018-05-28T04:00:00,N,N4,76.0
2018-05-28T05:00:00,N,N4,81.00000000000003
2018-05-28T06:00:00,N,N4,106.99999999999996
2018-05-28T07:00:00,N,N4,100.00000000000004
2018-05-28T08:00:00,N,N4,105.99999999999996
2018-05-28T09:00:00,N,N4,111.99999999999996
2018-05-28T10:00:00,N,N4,110.99999999999996
2018-05-28T11:00:00,N,N4,131.99999999999997
2018-05-28T12:00:00,N,N4,119.00000000000004
2018-05-28T13:00:00,N,N4,100.00000000000004
2018-05-28T14:00:00,N,N4,110.99999999999996
2018-05-28T15:00:00,N,N4,110.00000000000004
2018-05-28T16:00:00,N,N4,127.0
2018-05-28T17:00:00,N,N4,177.99999999999997
2018-05-28T18:00:00,N,N4,169.0
2018-05-28T19:00:00,N,N4,138.00000000000006
2018-05-28T20:00:00,N,N4,119.99999999999996
2018-05-28T21:00:00,N,N4,99.0
2018-05-28T22:00:00,N,N4,94.0
2018-05-28T23:00:00,N,N4,83.99999999999999
2018-05-29T00:00:00,N,N4,83.99999999999999
2018-05-29T01:00:00,N,N4,78.0
2018-05-29T02:00:00,N,N4,78.0
2018-05-29T03:00:00,N,N4,78.0
2018-05-29T04:00:00,N,N4,79.99999999999997
2018-05-29T05:00:00,N,N4,88.00000000000003
2018-05-29T06:00:00,N,N4,114.00000000000004
2018-05-29T07:00:00,N,N4,108.99999999999996
2018-05-29T08:00:00,N,N4,113.00000000000004
2018-05-29T09:00:00,N,N4,111.99999999999996
2018-05-29T10:00:00,N,N4,117.00000000000004
2018-05-29T11:00:00,N,N4,129.99999999999997
2018-05-29T12:00:00,N,N4,115.0
2018-05-29T13:00:00,N,N4,95.0
2018-05-29T14:00:00,N,N4,103.0
2018-05-29T15:00:00,N,N4,101.00000000000004
2018-05-29T16:00:00,N,N4,105.99999999999996
2018-05-29T17:00:00,N,N4,161.99999999999994
2018-05-29T18:00:00,N,N4,159.99999999999994
2018-05-29T19:00:00,N,N4,139.99999999999994
2018-05-29T20:00:00,N,N4,119.99999999999996
2018-05-29T21:00:00,N,N4,104.99999999999996
2018-05-29T22:00:00,N,N4,100.00000000000004
2018-05-29T23:00:00,N,N4,90.0
2018-05-30T00:00:00,N,N4,90.0
2018-05-30T01:00:00,N,N4,85.00000000000001
2018-05-30T02:00:00,N,N4,85.00000000000001
2018-05-30T03:00:00,N,N4,85.00000000000001
2018-05-30T04:00:00,N,N4,85.00000000000001
2018-05-30T05:00:00,N,N4,95.0
2018-05-30T06:00:00,N,N4,119.00000000000004
2018-05-30T07:00:00,N,N4,110.00000000000004
2018-05-30T08:00:00,N,N4,113.00000000000004
2018-05-30T09:00:00,N,N4,111.99999999999996
2018-05-30T10:00:00,N,N4,127.99999999999996
2018-05-30T11:00:00,N,N4,126.0
2018-05-30T12:00:00,N,N4,121.00000000000004
2018-05-30T13:00:00,N,N4,96.99999999999991
2018-05-30T14:00:00,N,N4,103.0
2018-05-30T15:00:00,N,N4,104.99999999999996
2018-05-30T16:00:00,N,N4,103.0
2018-05-30T17:00:00,N,N4,171.00000000000009
2018-05-30T18:00:00,N,N4,167.00000000000006
2018-05-30T19:00:00,N,N4,138.00000000000006
2018-05-30T20:00:00,N,N4,122.00000000000004
2018-05-30T21:00:00,N,N4,111.99999999999996
2018-05-30T22:00:00,N,N4,101.00000000000004
2018-05-30T23:00:00,N,N4,95.0
2018-05-31T00:00:00,N,N4,90.0
2018-05-31T01:00:00,N,N4,90.0
2018-05-31T02:00:00,N,N4,90.0
2018-05-31T03:00:00,N,N4,90.0
2018-05-31T04:00:00,N,N4,95.0
2018-05-31T05:00:00,N,N4,100.00000000000004
2018-05-31T06:00:00,N,N4,117.00000000000004
2018-05-31T07:00:00,N,N4,119.99999999999996
2018-05-31T08:00:00,N,N4,119.00000000000004
2018-05-31T09:00:00,N,N4,119.99999999999996
2018-05-31T10:00:00,N,N4,124.00000000000004
2018-05-31T11:00:00,N,N4,133.0
2018-05-31T12:00:00,N,N4,124.00000000000004
2018-05-31T13:00:00,N,N4,104.0
2018-05-31T14:00:00,N,N4,99.0
2018-05-31T15:00:00,N,N4,103.0
2018-05-31T16:00:00,N,N4,122.00000000000004
2018-05-31T17:00:00,N,N4,173.00000000000006
2018-05-31T18:00:00,N,N4,163.41268495856
2018-05-31T19:00:00,N,N4,126.0106081634488
2018-05-31T20:00:00,N,N4,96.58019793803
2018-05-31T21:00:00,N,N4,71.95477264794152
2018-05-31T22:00:00,N,N4,53.00000000000001
2018-05-31T23:00:00,N,N4,48.55778353025269
2018-06-01T00:00:00,N,N4,45.85440813203813
2018-06-01T01:00:00,N,N4,44.49208569242522
2018-06-01T02:00:00,N,N4,43.842236059118704
2018-06-01T03:00:00,N,N4,43.91194010343367
2018-06-01T04:00:00,N,N4,44.48699543639835
2018-06-01T05:00:00,N,N4,48.06233837183101
2018-06-01T06:00:00,N,N4,62.99999999999999
2018-06-01T07:00:00,N,N4,65.44948516824341
2018-06-01T08:00:00,N,N4,69.00000000000001
2018-06-01T09:00:00,N,N4,79.99999999999997
2018-06-01T10:00:00,N,N4,78.0
2018-06-01T11:00:00,N,N4,96.0
2018-06-01T12:00:00,N,N4,76.0
2018-06-01T13:00:00,N,N4,70.00000000000003
2018-06-01T14:00:00,N,N4,74.99999999999997
2018-06-01T15:00:00,N,N4,74.99999999999997
2018-06-01T16:00:00,N,N4,101.99999999999996
2018-06-01T17:00:00,N,N4,110.00000000000004
2018-06-01T18:00:00,N,N4,110.00000000000004
2018-06-01T19:00:00,N,N4,87.0
2018-06-01T20:00:00,N,N4,76.0
2018-06-01T21:00:00,N,N4,64.99999999999999
2018-06-01T22:00:00,N,N4,57.99999999999999
2018-06-01T23:00:00,N,N4,54.00000000000001
2018-06-02T00:00:00,N,N4,54.00000000000001
2018-06-02T01:00:00,N,N4,54.00000000000001
2018-06-02T02:00:00,N,N4,49.99999999999999
2018-06-02T03:00:00,N,N4,48.99999999999999
2018-06-02T04:00:00,N,N4,48.99999999999999
2018-06-02T05:00:00,N,N4,54.00000000000001
2018-06-02T06:00:00,N,N4,63.99999999999998
2018-06-02T07:00:00,N,N4,74.99999999999997
2018-06-02T08:00:00,N,N4,79.99999999999997
2018-06-02T09:00:00,N,N4,81.00000000000003
2018-06-02T10:00:00,N,N4,74.99999999999997
2018-06-02T11:00:00,N,N4,79.99999999999997
2018-06-02T12:00:00,N,N4,76.0
2018-06-02T13:00:00,N,N4,70.00000000000003
2018-06-02T14:00:00,N,N4,70.00000000000003
2018-06-02T15:00:00,N,N4,77.00000000000001
2018-06-02T16:00:00,N,N4,78.0
2018-06-02T17:00:00,N,N4,103.0
2018-06-02T18:00:00,N,N4,106.68868167068818
2018-06-02T19:00:00,N,N4,85.99999999999997
2018-06-02T20:00:00,N,N4,74.99999999999997
2018-06-02T21:00:00,N,N4,61.00000000000001
2018-06-02T22:00:00,N,N4,57.00000000000001
2018-06-02T23:00:00,N,N4,53.00000000000001
2018-06-03T00:00:00,N,N4,49.99999999999999
2018-06-03T01:00:00,N,N4,49.99999999999999
2018-06-03T02:00:00,N,N4,49.99999999999999
2018-06-03T03:00:00,N,N4,49.99999999999999
2018-06-03T04:00:00,N,N4,49.99999999999999
2018-06-03T05:00:00,N,N4,49.99999999999999
2018-06-03T06:00:00,N,N4,59.000000000000014
2018-06-03T07:00:00,N,N4,70.00000000000003
2018-06-03T08:00:00,N,N4,70.00000000000003
2018-06-03T09:00:00,N,N4,74.00000000000003
2018-06-03T10:00:00,N,N4,74.99999999999997
2018-06-03T11:00:00,N,N4,79.99999999999997
2018-06-03T12:00:00,N,N4,72.99999999999999
2018-06-03T13:00:00,N,N4,63.99999999999998
2018-06-03T14:00:00,N,N4,57.99999999999999
2018-06-03T15:00:00,N,N4,57.99999999999999
2018-06-03T16:00:00,N,N4,62.99999999999999
2018-06-03T17:00:00,N,N4,104.0
2018-06-03T18:00:00,N,N4,99.0
2018-06-03T19:00:00,N,N4,88.00000000000003
2018-06-03T20:00:00,N,N4,71.0
2018-06-03T21:00:00,N,N4,65.99999999999997
2018-06-03T22:00:00,N,N4,61.00000000000001
2018-06-03T23:00:00,N,N4,61.00000000000001
2018-06-04T00:00:00,N,N4,54.00000000000001
2018-06-04T01:00:00,N,N4,54.00000000000001
2018-06-04T02:00:00,N,N4,54.00000000000001
2018-06-04T03:00:00,N,N4,54.00000000000001
2018-06-04T04:00:00,N,N4,54.00000000000001
2018-06-04T05:00:00,N,N4,59.000000000000014
2018-06-04T06:00:00,N,N4,69.00000000000001
2018-06-04T07:00:00,N,N4,81.00000000000003
2018-06-04T08:00:00,N,N4,85.99999999999997
2018-06-04T09:00:00,N,N4,78.0
2018-06-04T10:00:00,N,N4,76.0
2018-06-04T11:00:00,N,N4,85.00000000000001
2018-06-04T12:00:00,N,N4,78.0
2018-06-04T13:00:00,N,N4,66.99999999999997
2018-06-04T14:00:00,N,N4,74.99999999999997
2018-06-04T15:00:00,N,N4,74.99999999999997
2018-06-04T16:00:00,N,N4,96.0
2018-06-04T17:00:00,N,N4,117.00000000000004
2018-06-04T18:00:00,N,N4,102.00000000000004
2018-06-04T19:00:00,N,N4,90.0
2018-06-04T20:00:00,N,N4,79.0
2018-06-04T21:00:00,N,N4,64.99999999999999
2018-06-04T22:00:00,N,N4,57.99999999999999
2018-06-04T23:00:00,N,N4,53.00000000000001
2018-06-05T00:00:00,N,N4,51.00000000000002
2018-06-05T01:00:00,N,N4,51.00000000000002
2018-06-05T02:00:00,N,N4,48.99999999999999
2018-06-05T03:00:00,N,N4,48.00000000000001
2018-06-05T04:00:00,N,N4,48.99999999999999
2018-06-05T05:00:00,N,N4,53.00000000000001
2018-06-05T06:00:00,N,N4,69.00000000000001
2018-06-05T07:00:00,N,N4,79.99999999999997
2018-06-05T08:00:00,N,N4,88.99999999999999
2018-06-05T09:00:00,N,N4,93.00000000000004
2018-06-05T10:00:00,N,N4,94.0
2018-06-05T11:00:00,N,N4,104.0
2018-06-05T12:00:00,N,N4,87.0
2018-06-05T13:00:00,N,N4,76.0
2018-06-05T14:00:00,N,N4,85.99999999999997
2018-06-05T15:00:00,N,N4,79.99999999999997
2018-06-05T16:00:00,N,N4,83.00000000000003
2018-06-05T17:00:00,N,N4,122.00000000000004
2018-06-05T18:00:00,N,N4,111.99999999999996
2018-06-05T19:00:00,N,N4,97.0
2018-06-05T20:00:00,N,N4,87.0
2018-06-05T21:00:00,N,N4,68.00000000000001
2018-06-05T22:00:00,N,N4,62.99999999999999
2018-06-05T23:00:00,N,N4,56.00000000000002
2018-06-06T00:00:00,N,N4,54.00000000000001
2018-06-06T01:00:00,N,N4,54.00000000000001
2018-06-06T02:00:00,N,N4,54.00000000000001
2018-06-06T03:00:00,N,N4,52.00000000000001
2018-06-06T04:00:00,N,N4,52.00000000000001
2018-06-06T05:00:00,N,N4,62.000000000000064
2018-06-06T06:00:00,N,N4,72.0
2018-06-06T07:00:00,N,N4,71.0
2018-06-06T08:00:00,N,N4,88.99999999999999
2018-06-06T09:00:00,N,N4,93.00000000000004
2018-06-06T10:00:00,N,N4,95.0
2018-06-06T11:00:00,N,N4,99.0
2018-06-06T12:00:00,N,N4,83.99999999999999
2018-06-06T13:00:00,N,N4,76.0
2018-06-06T14:00:00,N,N4,72.0
2018-06-06T15:00:00,N,N4,70.00000000000003
2018-06-06T16:00:00,N,N4,87.0
2018-06-06T17:00:00,N,N4,130.99999999999994
2018-06-06T18:00:00,N,N4,117.00000000000004
2018-06-06T19:00:00,N,N4,99.0
2018-06-06T20:00:00,N,N4,88.00000000000003
2018-06-06T21:00:00,N,N4,77.00000000000001
2018-06-06T22:00:00,N,N4,65.99999999999997
2018-06-06T23:00:00,N,N4,59.99999999999999
2018-06-07T00:00:00,N,N4,59.99999999999999
2018-06-07T01:00:00,N,N4,55.000000000000014
2018-06-07T02:00:00,N,N4,55.000000000000014
2018-06-07T03:00:00,N,N4,55.000000000000014
2018-06-07T04:00:00,N,N4,55.000000000000014
2018-06-07T05:00:00,N,N4,55.000000000000014
2018-06-07T06:00:00,N,N4,79.99999999999997
2018-06-07T07:00:00,N,N4,103.25884462575677
2018-06-07T08:00:00,N,N4,109.44984863460436
2018-06-07T09:00:00,N,N4,111.91666666666664
2018-06-07T10:00:00,N,N4,115.75434474871774
2018-06-07T11:00:00,N,N4,124.38698130512968
2018-06-07T12:00:00,N,N4,117.58333333333331
2018-06-07T13:00:00,N,N4,100.16666666666669
2018-06-07T14:00:00,N,N4,71.0
2018-06-07T15:00:00,N,N4,74.99999999999997
2018-06-07T16:00:00,N,N4,79.99999999999997
2018-06-07T17:00:00,N,N4,122.99999999999994
2018-06-07T18:00:00,N,N4,125.00000000000004
2018-06-07T19:00:00,N,N4,97.0
2018-06-07T20:00:00,N,N4,85.99999999999997
2018-06-07T21:00:00,N,N4,74.00000000000003
2018-06-07T22:00:00,N,N4,74.00000000000003
2018-06-07T23:00:00,N,N4,62.00000000000001
2018-06-08T00:00:00,N,N4,57.00000000000001
2018-06-08T01:00:00,N,N4,57.00000000000001
2018-06-08T02:00:00,N,N4,57.00000000000001
2018-06-08T03:00:00,N,N4,57.00000000000001
2018-06-08T04:00:00,N,N4,57.00000000000001
2018-06-08T05:00:00,N,N4,57.00000000000001
2018-06-08T06:00:00,N,N4,79.99999999999997
2018-06-08T07:00:00,N,N4,81.00000000000003
2018-06-08T08:00:00,N,N4,90.0
2018-06-08T09:00:00,N,N4,88.99999999999999
2018-06-08T10:00:00,N,N4,85.99999999999997
2018-06-08T11:00:00,N,N4,90.99999999999996
2018-06-08T12:00:00,N,N4,79.99999999999997
2018-06-08T13:00:00,N,N4,61.00000000000001
2018-06-08T14:00:00,N,N4,74.00000000000003
2018-06-08T15:00:00,N,N4,72.99999999999999
2018-06-08T16:00:00,N,N4,85.99999999999997
2018-06-08T17:00:00,N,N4,128.99999999999997
2018-06-08T18:00:00,N,N4,111.99999999999996
2018-06-08T19:00:00,N,N4,99.0
2018-06-08T20:00:00,N,N4,83.99999999999999
2018-06-08T21:00:00,N,N4,79.0
2018-06-08T22:00:00,N,N4,68.00000000000001
2018-06-08T23:00:00,N,N4,68.00000000000001
2018-06-09T00:00:00,N,N4,59.99999999999999
2018-06-09T01:00:00,N,N4,59.99999999999999
2018-06-09T02:00:00,N,N4,59.99999999999999
2018-06-09T03:00:00,N,N4,59.99999999999999
2018-06-09T04:00:00,N,N4,59.99999999999999
2018-06-09T05:00:00,N,N4,59.99999999999999
2018-06-09T06:00:00,N,N4,70.00000000000003
2018-06-09T07:00:00,N,N4,88.00000000000003
2018-06-09T08:00:00,N,N4,90.0
2018-06-09T09:00:00,N,N4,85.00000000000001
2018-06-09T10:00:00,N,N4,85.99999999999997
2018-06-09T11:00:00,N,N4,85.00000000000001
2018-06-09T12:00:00,N,N4,78.0
2018-06-09T13:00:00,N,N4,72.99999999999999
2018-06-09T14:00:00,N,N4,74.00000000000003
2018-06-09T15:00:00,N,N4,70.00000000000003
2018-06-09T16:00:00,N,N4,72.99999999999999
2018-06-09T17:00:00,N,N4,113.00000000000004
2018-06-09T18:00:00,N,N4,110.00000000000004
2018-06-09T19:00:00,N,N4,88.00000000000003
2018-06-09T20:00:00,N,N4,78.0
2018-06-09T21:00:00,N,N4,72.99999999999999
2018-06-09T22:00:00,N,N4,62.99999999999999
2018-06-09T23:00:00,N,N4,62.99999999999999
2018-06-10T00:00:00,N,N4,57.00000000000001
2018-06-10T01:00:00,N,N4,57.00000000000001
2018-06-10T02:00:00,N,N4,57.00000000000001
2018-06-10T03:00:00,N,N4,57.00000000000001
2018-06-10T04:00:00,N,N4,57.00000000000001
2018-06-10T05:00:00,N,N4,57.00000000000001
2018-06-10T06:00:00,N,N4,62.99999999999999
2018-06-10T07:00:00,N,N4,72.99999999999999
2018-06-10T08:00:00,N,N4,72.99999999999999
2018-06-10T09:00:00,N,N4,72.99999999999999
2018-06-10T10:00:00,N,N4,79.0
2018-06-10T11:00:00,N,N4,79.0
2018-06-10T12:00:00,N,N4,70.00000000000003
2018-06-10T13:00:00,N,N4,64.99999999999999
2018-06-10T14:00:00,N,N4,59.000000000000014
2018-06-10T15:00:00,N,N4,64.99999999999999
2018-06-10T16:00:00,N,N4,68.00000000000001
2018-06-10T17:00:00,N,N4,100.00000000000004
2018-06-10T18:00:00,N,N4,88.99999999999999
2018-06-10T19:00:00,N,N4,76.0
2018-06-10T20:00:00,N,N4,69.00000000000001
2018-06-10T21:00:00,N,N4,59.000000000000014
2018-06-10T22:00:00,N,N4,53.00000000000001
2018-06-10T23:00:00,N,N4,54.00000000000001
2018-06-11T00:00:00,N,N4,54.00000000000001
2018-06-11T01:00:00,N,N4,48.00000000000001
2018-06-11T02:00:00,N,N4,48.00000000000001
2018-06-11T03:00:00,N,N4,48.00000000000001
2018-06-11T04:00:00,N,N4,48.00000000000001
2018-06-11T05:00:00,N,N4,54.00000000000001
2018-06-11T06:00:00,N,N4,64.99999999999999
2018-06-11T07:00:00,N,N4,74.00000000000003
2018-06-11T08:00:00,N,N4,78.0
2018-06-11T09:00:00,N,N4,87.0
2018-06-11T10:00:00,N,N4,92.0
2018-06-11T11:00:00,N,N4,92.0
2018-06-11T12:00:00,N,N4,85.00000000000001
2018-06-11T13:00:00,N,N4,77.00000000000001
2018-06-11T14:00:00,N,N4,82.00000000000001
2018-06-11T15:00:00,N,N4,81.00000000000003
2018-06-11T16:00:00,N,N4,82.00000000000001
2018-06-11T17:00:00,N,N4,127.0
2018-06-11T18:00:00,N,N4,122.99999999999994
2018-06-11T19:00:00,N,N4,97.0
2018-06-11T20:00:00,N,N4,81.00000000000003
2018-06-11T21:00:00,N,N4,65.99999999999997
2018-06-11T22:00:00,N,N4,61.00000000000001
2018-06-11T23:00:00,N,N4,55.000000000000014
2018-06-12T00:00:00,N,N4,78.75
2018-06-12T01:00:00,N,N4,76.41666666666667
2018-06-12T02:00:00,N,N4,75.74999999999999
2018-06-12T03:00:00,N,N4,75.66666666666667
2018-06-12T04:00:00,N,N4,76.66666666666667
2018-06-12T05:00:00,N,N4,79.25000000000001
2018-06-12T06:00:00,N,N4,100.16666666666669
2018-06-12T07:00:00,N,N4,78.0
2018-06-12T08:00:00,N,N4,85.99999999999997
2018-06-12T09:00:00,N,N4,99.0
2018-06-12T10:00:00,N,N4,99.0
2018-06-12T11:00:00,N,N4,103.0
2018-06-12T12:00:00,N,N4,81.00000000000003
2018-06-12T13:00:00,N,N4,74.00000000000003
2018-06-12T14:00:00,N,N4,79.0
2018-06-12T15:00:00,N,N4,85.00000000000001
2018-06-12T16:00:00,N,N4,81.00000000000003
2018-06-12T17:00:00,N,N4,126.0
2018-06-12T18:00:00,N,N4,121.00000000000004
2018-06-12T19:00:00,N,N4,83.99999999999999
2018-06-12T20:00:00,N,N4,79.99999999999997
2018-06-12T21:00:00,N,N4,72.99999999999999
2018-06-12T22:00:00,N,N4,52.00000000000001
2018-06-12T23:00:00,N,N4,53.00000000000001
2018-06-13T00:00:00,N,N4,48.00000000000001
2018-06-13T01:00:00,N,N4,48.00000000000001
2018-06-13T02:00:00,N,N4,48.00000000000001
2018-06-13T03:00:00,N,N4,48.00000000000001
2018-06-13T04:00:00,N,N4,48.00000000000001
2018-06-13T05:00:00,N,N4,52.00000000000001
2018-06-13T06:00:00,N,N4,63.99999999999998
2018-06-13T07:00:00,N,N4,74.00000000000003
2018-06-13T08:00:00,N,N4,92.0
2018-06-13T09:00:00,N,N4,93.00000000000004
2018-06-13T10:00:00,N,N4,93.00000000000004
2018-06-13T11:00:00,N,N4,88.00000000000003
2018-06-13T12:00:00,N,N4,111.8273466296463
2018-06-13T13:00:00,N,N4,62.00000000000001
2018-06-13T14:00:00,N,N4,71.0
2018-06-13T15:00:00,N,N4,66.99999999999997
2018-06-13T16:00:00,N,N4,90.0
2018-06-13T17:00:00,N,N4,122.99999999999994
2018-06-13T18:00:00,N,N4,111.99999999999996
2018-06-13T19:00:00,N,N4,95.0
2018-06-13T20:00:00,N,N4,83.99999999999999
2018-06-13T21:00:00,N,N4,74.00000000000003
2018-06-13T22:00:00,N,N4,68.00000000000001
2018-06-13T23:00:00,N,N4,62.00000000000001
2018-06-14T00:00:00,N,N4,59.000000000000014
2018-06-14T01:00:00,N,N4,57.00000000000001
2018-06-14T02:00:00,N,N4,57.00000000000001
2018-06-14T03:00:00,N,N4,55.000000000000014
2018-06-14T04:00:00,N,N4,55.000000000000014
2018-06-14T05:00:00,N,N4,64.99999999999999
2018-06-14T06:00:00,N,N4,74.99999999999997
2018-06-14T07:00:00,N,N4,79.99999999999997
2018-06-14T08:00:00,N,N4,88.99999999999999
2018-06-14T09:00:00,N,N4,92.0
2018-06-14T10:00:00,N,N4,92.0
2018-06-14T11:00:00,N,N4,101.99999999999996
2018-06-14T12:00:00,N,N4,88.99999999999999
2018-06-14T13:00:00,N,N4,74.00000000000003
2018-06-14T14:00:00,N,N4,82.00000000000001
2018-06-14T15:00:00,N,N4,81.00000000000003
2018-06-14T16:00:00,N,N4,96.0
2018-06-14T17:00:00,N,N4,126.0
2018-06-14T18:00:00,N,N4,116.0
2018-06-14T19:00:00,N,N4,100.00000000000004
2018-06-14T20:00:00,N,N4,87.0
2018-06-14T21:00:00,N,N4,77.00000000000001
2018-06-14T22:00:00,N,N4,69.00000000000001
2018-06-14T23:00:00,N,N4,59.99999999999999
2018-06-15T00:00:00,N,N4,59.99999999999999
2018-06-15T01:00:00,N,N4,59.99999999999999
2018-06-15T02:00:00,N,N4,57.00000000000001
2018-06-15T03:00:00,N,N4,57.00000000000001
2018-06-15T04:00:00,N,N4,59.99999999999999
2018-06-15T05:00:00,N,N4,62.99999999999999
2018-06-15T06:00:00,N,N4,79.0
2018-06-15T07:00:00,N,N4,85.99999999999997
2018-06-15T08:00:00,N,N4,92.0
2018-06-15T09:00:00,N,N4,95.0
2018-06-15T10:00:00,N,N4,90.99999999999996
2018-06-15T11:00:00,N,N4,96.0
2018-06-15T12:00:00,N,N4,83.00000000000003
2018-06-15T13:00:00,N,N4,70.00000000000003
2018-06-15T14:00:00,N,N4,77.00000000000001
2018-06-15T15:00:00,N,N4,82.00000000000001
2018-06-15T16:00:00,N,N4,95.0
2018-06-15T17:00:00,N,N4,126.0
2018-06-15T18:00:00,N,N4,122.00000000000004
2018-06-15T19:00:00,N,N4,96.0
2018-06-15T20:00:00,N,N4,85.99999999999997
2018-06-15T21:00:00,N,N4,74.00000000000003
2018-06-15T22:00:00,N,N4,69.00000000000001
2018-06-15T23:00:00,N,N4,59.99999999999999
2018-06-16T00:00:00,N,N4,57.99999999999999
2018-06-16T01:00:00,N,N4,57.99999999999999
2018-06-16T02:00:00,N,N4,57.99999999999999
2018-06-16T03:00:00,N,N4,57.99999999999999
2018-06-16T04:00:00,N,N4,53.00000000000001
2018-06-16T05:00:00,N,N4,57.99999999999999
2018-06-16T06:00:00,N,N4,74.99999999999997
2018-06-16T07:00:00,N,N4,85.99999999999997
2018-06-16T08:00:00,N,N4,90.99999999999996
2018-06-16T09:00:00,N,N4,87.0
2018-06-16T10:00:00,N,N4,90.0
2018-06-16T11:00:00,N,N4,90.0
2018-06-16T12:00:00,N,N4,81.00000000000003
2018-06-16T13:00:00,N,N4,76.0
2018-06-16T14:00:00,N,N4,72.0
2018-06-16T15:00:00,N,N4,68.00000000000001
2018-06-16T16:00:00,N,N4,74.99999999999997
2018-06-16T17:00:00,N,N4,110.99999999999996
2018-06-16T18:00:00,N,N4,110.99999999999996
2018-06-16T19:00:00,N,N4,90.99999999999996
2018-06-16T20:00:00,N,N4,81.00000000000003
2018-06-16T21:00:00,N,N4,76.0
2018-06-16T22:00:00,N,N4,70.00000000000003
2018-06-16T23:00:00,N,N4,64.99999999999999
2018-06-17T00:00:00,N,N4,59.99999999999999
2018-06-17T01:00:00,N,N4,49.99999999999999
2018-06-17T02:00:00,N,N4,49.99999999999999
2018-06-17T03:00:00,N,N4,49.99999999999999
2018-06-17T04:00:00,N,N4,49.99999999999999
2018-06-17T05:00:00,N,N4,49.99999999999999
2018-06-17T06:00:00,N,N4,59.99999999999999
2018-06-17T07:00:00,N,N4,70.00000000000003
2018-06-17T08:00:00,N,N4,77.00000000000001
2018-06-17T09:00:00,N,N4,77.00000000000001
2018-06-17T10:00:00,N,N4,76.0
2018-06-17T11:00:00,N,N4,76.0
2018-06-17T12:00:00,N,N4,69.00000000000001
2018-06-17T13:00:00,N,N4,63.99999999999998
2018-06-17T14:00:00,N,N4,54.00000000000001
2018-06-17T15:00:00,N,N4,55.000000000000014
2018-06-17T16:00:00,N,N4,71.0
2018-06-17T17:00:00,N,N4,106.99999999999996
2018-06-17T18:00:00,N,N4,104.0
2018-06-17T19:00:00,N,N4,88.99999999999999
2018-06-17T20:00:00,N,N4,78.0
2018-06-17T21:00:00,N,N4,74.00000000000003
2018-06-17T22:00:00,N,N4,62.99999999999999
2018-06-17T23:00:00,N,N4,62.99999999999999
2018-06-18T00:00:00,N,N4,57.99999999999999
2018-06-18T01:00:00,N,N4,57.99999999999999
2018-06-18T02:00:00,N,N4,56.00000000000002
2018-06-18T03:00:00,N,N4,56.00000000000002
2018-06-18T04:00:00,N,N4,56.00000000000002
2018-06-18T05:00:00,N,N4,61.00000000000001
2018-06-18T06:00:00,N,N4,82.00000000000001
2018-06-18T07:00:00,N,N4,87.0
2018-06-18T08:00:00,N,N4,87.0
2018-06-18T09:00:00,N,N4,85.99999999999997
2018-06-18T10:00:00,N,N4,87.0
2018-06-18T11:00:00,N,N4,90.99999999999996
2018-06-18T12:00:00,N,N4,74.00000000000003
2018-06-18T13:00:00,N,N4,74.99999999999997
2018-06-18T14:00:00,N,N4,77.00000000000001
2018-06-18T15:00:00,N,N4,71.0
2018-06-18T16:00:00,N,N4,79.0
2018-06-18T17:00:00,N,N4,117.00000000000004
2018-06-18T18:00:00,N,N4,117.00000000000004
2018-06-18T19:00:00,N,N4,98.00000000000004
2018-06-18T20:00:00,N,N4,83.99999999999999
2018-06-18T21:00:00,N,N4,71.0
2018-06-18T22:00:00,N,N4,61.00000000000001
2018-06-18T23:00:00,N,N4,56.00000000000002
2018-06-19T00:00:00,N,N4,56.00000000000002
2018-06-19T01:00:00,N,N4,51.00000000000002
2018-06-19T02:00:00,N,N4,49.99999999999999
2018-06-19T03:00:00,N,N4,49.99999999999999
2018-06-19T04:00:00,N,N4,49.99999999999999
2018-06-19T05:00:00,N,N4,49.99999999999999
2018-06-19T06:00:00,N,N4,77.00000000000001
2018-06-19T07:00:00,N,N4,78.0
2018-06-19T08:00:00,N,N4,94.0
2018-06-19T09:00:00,N,N4,92.0
2018-06-19T10:00:00,N,N4,88.99999999999999
2018-06-19T11:00:00,N,N4,94.0
2018-06-19T12:00:00,N,N4,87.0
2018-06-19T13:00:00,N,N4,72.99999999999999
2018-06-19T14:00:00,N,N4,81.00000000000003
2018-06-19T15:00:00,N,N4,77.00000000000001
2018-06-19T16:00:00,N,N4,82.00000000000001
2018-06-19T17:00:00,N,N4,127.99999999999996
2018-06-19T18:00:00,N,N4,121.00000000000004
2018-06-19T19:00:00,N,N4,100.00000000000004
2018-06-19T20:00:00,N,N4,83.00000000000003
2018-06-19T21:00:00,N,N4,74.00000000000003
2018-06-19T22:00:00,N,N4,62.99999999999999
2018-06-19T23:00:00,N,N4,63.99999999999998
2018-06-20T00:00:00,N,N4,57.99999999999999
2018-06-20T01:00:00,N,N4,54.00000000000001
2018-06-20T02:00:00,N,N4,53.00000000000001
2018-06-20T03:00:00,N,N4,53.00000000000001
2018-06-20T04:00:00,N,N4,53.00000000000001
2018-06-20T05:00:00,N,N4,53.00000000000001
2018-06-20T06:00:00,N,N4,79.99999999999997
2018-06-20T07:00:00,N,N4,76.0
2018-06-20T08:00:00,N,N4,92.0
2018-06-20T09:00:00,N,N4,90.0
2018-06-20T10:00:00,N,N4,97.0
2018-06-20T11:00:00,N,N4,99.0
2018-06-20T12:00:00,N,N4,85.00000000000001
2018-06-20T13:00:00,N,N4,71.0
2018-06-20T14:00:00,N,N4,81.00000000000003
2018-06-20T15:00:00,N,N4,78.0
2018-06-20T16:00:00,N,N4,94.0
2018-06-20T17:00:00,N,N4,125.00000000000004
2018-06-20T18:00:00,N,N4,125.00000000000004
2018-06-20T19:00:00,N,N4,97.0
2018-06-20T20:00:00,N,N4,81.00000000000003
2018-06-20T21:00:00,N,N4,71.0
2018-06-20T22:00:00,N,N4,57.99999999999999
2018-06-20T23:00:00,N,N4,57.99999999999999
2018-06-21T00:00:00,N,N4,52.00000000000001
2018-06-21T01:00:00,N,N4,52.00000000000001
2018-06-21T02:00:00,N,N4,52.00000000000001
2018-06-21T03:00:00,N,N4,52.00000000000001
2018-06-21T04:00:00,N,N4,52.00000000000001
2018-06-21T05:00:00,N,N4,52.00000000000001
2018-06-21T06:00:00,N,N4,74.99999999999997
2018-06-21T07:00:00,N,N4,74.00000000000003
2018-06-21T08:00:00,N,N4,85.99999999999997
2018-06-21T09:00:00,N,N4,90.99999999999996
2018-06-21T10:00:00,N,N4,93.00000000000004
2018-06-21T11:00:00,N,N4,96.0
2018-06-21T12:00:00,N,N4,88.00000000000003
2018-06-21T13:00:00,N,N4,71.0
2018-06-21T14:00:00,N,N4,79.99999999999997
2018-06-21T15:00:00,N,N4,77.00000000000001
2018-06-21T16:00:00,N,N4,113.00000000000004
2018-06-21T17:00:00,N,N4,184.99999999999991
2018-06-21T18:00:00,N,N4,170.00000000000006
2018-06-21T19:00:00,N,N4,147.99999999999994
2018-06-21T20:00:00,N,N4,122.99999999999994
2018-06-21T21:00:00,N,N4,111.99999999999996
2018-06-21T22:00:00,N,N4,101.00000000000004
2018-06-21T23:00:00,N,N4,90.99999999999996
2018-06-22T00:00:00,N,N4,85.00000000000001
2018-06-22T01:00:00,N,N4,85.00000000000001
2018-06-22T02:00:00,N,N4,85.00000000000001
2018-06-22T03:00:00,N,N4,85.00000000000001
2018-06-22T04:00:00,N,N4,85.00000000000001
2018-06-22T05:00:00,N,N4,85.00000000000001
2018-06-22T06:00:00,N,N4,114.00000000000004
2018-06-22T07:00:00,N,N4,116.0
2018-06-22T08:00:00,N,N4,129.99999999999997
2018-06-22T09:00:00,N,N4,133.99999999999997
2018-06-22T10:00:00,N,N4,126.0
2018-06-22T11:00:00,N,N4,141.00000000000003
2018-06-22T12:00:00,N,N4,129.99999999999997
2018-06-22T13:00:00,N,N4,108.00000000000004
2018-06-22T14:00:00,N,N4,116.0
2018-06-22T15:00:00,N,N4,110.00000000000004
2018-06-22T16:00:00,N,N4,119.99999999999996
2018-06-22T17:00:00,N,N4,188.0
2018-06-22T18:00:00,N,N4,164.99999999999994
2018-06-22T19:00:00,N,N4,142.00000000000003
2018-06-22T20:00:00,N,N4,119.00000000000004
2018-06-22T21:00:00,N,N4,108.00000000000004
2018-06-22T22:00:00,N,N4,103.0
2018-06-22T23:00:00,N,N4,93.00000000000004
2018-06-23T00:00:00,N,N4,93.00000000000004
2018-06-23T01:00:00,N,N4,88.00000000000003
2018-06-23T02:00:00,N,N4,88.00000000000003
2018-06-23T03:00:00,N,N4,88.00000000000003
2018-06-23T04:00:00,N,N4,88.00000000000003
2018-06-23T05:00:00,N,N4,88.00000000000003
2018-06-23T06:00:00,N,N4,118.00000000000004
2018-06-23T07:00:00,N,N4,124.00000000000004
2018-06-23T08:00:00,N,N4,128.99999999999997
2018-06-23T09:00:00,N,N4,119.00000000000004
2018-06-23T10:00:00,N,N4,119.99999999999996
2018-06-23T11:00:00,N,N4,129.99999999999997
2018-06-23T12:00:00,N,N4,117.00000000000004
2018-06-23T13:00:00,N,N4,113.00000000000004
2018-06-23T14:00:00,N,N4,108.00000000000004
2018-06-23T15:00:00,N,N4,103.0
2018-06-23T16:00:00,N,N4,114.00000000000004
2018-06-23T17:00:00,N,N4,180.0
2018-06-23T18:00:00,N,N4,180.0
2018-06-23T19:00:00,N,N4,144.99999999999997
2018-06-23T20:00:00,N,N4,119.99999999999996
2018-06-23T21:00:00,N,N4,110.00000000000004
2018-06-23T22:00:00,N,N4,100.00000000000004
2018-06-23T23:00:00,N,N4,94.0
2018-06-24T00:00:00,N,N4,94.0
2018-06-24T01:00:00,N,N4,90.0
2018-06-24T02:00:00,N,N4,90.0
2018-06-24T03:00:00,N,N4,90.0
2018-06-24T04:00:00,N,N4,90.0
2018-06-24T05:00:00,N,N4,90.0
2018-06-24T06:00:00,N,N4,106.99999999999996
2018-06-24T07:00:00,N,N4,110.00000000000004
2018-06-24T08:00:00,N,N4,117.00000000000004
2018-06-24T09:00:00,N,N4,113.00000000000004
2018-06-24T10:00:00,N,N4,117.00000000000004
2018-06-24T11:00:00,N,N4,119.99999999999996
2018-06-24T12:00:00,N,N4,110.00000000000004
2018-06-24T13:00:00,N,N4,95.0
2018-06-24T14:00:00,N,N4,90.0
2018-06-24T15:00:00,N,N4,90.0
2018-06-24T16:00:00,N,N4,95.0
2018-06-24T17:00:00,N,N4,133.99999999999997
2018-06-24T18:00:00,N,N4,144.99999999999997
2018-06-24T19:00:00,N,N4,128.99999999999997
2018-06-24T20:00:00,N,N4,114.00000000000004
2018-06-24T21:00:00,N,N4,101.99999999999996
2018-06-24T22:00:00,N,N4,97.0
2018-06-24T23:00:00,N,N4,85.99999999999997
2018-06-25T00:00:00,N,N4,81.00000000000003
2018-06-25T01:00:00,N,N4,81.00000000000003
2018-06-25T02:00:00,N,N4,81.00000000000003
2018-06-25T03:00:00,N,N4,81.00000000000003
2018-06-25T04:00:00,N,N4,81.00000000000003
2018-06-25T05:00:00,N,N4,85.99999999999997
2018-06-25T06:00:00,N,N4,122.00000000000004
2018-06-25T07:00:00,N,N4,117.00000000000004
2018-06-25T08:00:00,N,N4,119.99999999999996
2018-06-25T09:00:00,N,N4,122.99999999999994
2018-06-25T10:00:00,N,N4,127.0
2018-06-25T11:00:00,N,N4,137.00000000000003
2018-06-25T12:00:00,N,N4,125.00000000000004
2018-06-25T13:00:00,N,N4,101.99999999999996
2018-06-25T14:00:00,N,N4,110.00000000000004
2018-06-25T15:00:00,N,N4,114.00000000000004
2018-06-25T16:00:00,N,N4,139.99999999999994
2018-06-25T17:00:00,N,N4,174.0
2018-06-25T18:00:00,N,N4,171.00000000000009
2018-06-25T19:00:00,N,N4,138.29916943666868
2018-06-25T20:00:00,N,N4,114.00000000000004
2018-06-25T21:00:00,N,N4,101.99999999999996
2018-06-25T22:00:00,N,N4,92.0
2018-06-25T23:00:00,N,N4,87.0
2018-06-26T00:00:00,N,N4,82.00000000000001
2018-06-26T01:00:00,N,N4,79.99999999999997
2018-06-26T02:00:00,N,N4,79.99999999999997
2018-06-26T03:00:00,N,N4,79.99999999999997
2018-06-26T04:00:00,N,N4,83.99999999999999
2018-06-26T05:00:00,N,N4,88.99999999999999
2018-06-26T06:00:00,N,N4,125.00000000000004
2018-06-26T07:00:00,N,N4,121.00000000000004
2018-06-26T08:00:00,N,N4,122.00000000000004
2018-06-26T09:00:00,N,N4,126.0
2018-06-26T10:00:00,N,N4,126.0
2018-06-26T11:00:00,N,N4,139.99999999999994
2018-06-26T12:00:00,N,N4,121.00000000000004
2018-06-26T13:00:00,N,N4,103.0
2018-06-26T14:00:00,N,N4,105.99999999999996
2018-06-26T15:00:00,N,N4,106.99999999999996
2018-06-26T16:00:00,N,N4,119.99999999999996
2018-06-26T17:00:00,N,N4,179.0
2018-06-26T18:00:00,N,N4,179.0
2018-06-26T19:00:00,N,N4,136.00000000000006
2018-06-26T20:00:00,N,N4,111.99999999999996
2018-06-26T21:00:00,N,N4,100.00000000000004
2018-06-26T22:00:00,N,N4,90.0
2018-06-26T23:00:00,N,N4,85.00000000000001
2018-06-27T00:00:00,N,N4,79.99999999999997
2018-06-27T01:00:00,N,N4,79.99999999999997
2018-06-27T02:00:00,N,N4,79.99999999999997
2018-06-27T03:00:00,N,N4,79.99999999999997
2018-06-27T04:00:00,N,N4,79.99999999999997
2018-06-27T05:00:00,N,N4,87.0
2018-06-27T06:00:00,N,N4,104.99999999999996
2018-06-27T07:00:00,N,N4,110.99999999999996
2018-06-27T08:00:00,N,N4,119.00000000000004
2018-06-27T09:00:00,N,N4,121.00000000000004
2018-06-27T10:00:00,N,N4,124.00000000000004
2018-06-27T11:00:00,N,N4,152.99999999999997
2018-06-27T12:00:00,N,N4,138.92815955575543
2018-06-27T13:00:00,N,N4,124.00000000000004
2018-06-27T14:00:00,N,N4,126.07124757207536
2018-06-27T15:00:00,N,N4,126.67298661080444
2018-06-27T16:00:00,N,N4,136.50540012410204
2018-06-27T17:00:00,N,N4,186.03276578796724
2018-06-27T18:00:00,N,N4,188.1800567957363
2018-06-27T19:00:00,N,N4,161.97296106615462
2018-06-27T20:00:00,N,N4,143.59188156541038
2018-06-27T21:00:00,N,N4,128.99999999999997
2018-06-27T22:00:00,N,N4,114.00000000000004
2018-06-27T23:00:00,N,N4,104.99999999999996
2018-06-28T00:00:00,N,N4,104.99999999999996
2018-06-28T01:00:00,N,N4,104.99999999999989
2018-06-28T02:00:00,N,N4,101.99999999999996
2018-06-28T03:00:00,N,N4,99.0
2018-06-28T04:00:00,N,N4,99.0
2018-06-28T05:00:00,N,N4,108.99999999999989
2018-06-28T06:00:00,N,N4,130.22999240823177
2018-06-28T07:00:00,N,N4,136.10613550908133
2018-06-28T08:00:00,N,N4,142.39818361525232
2018-06-28T09:00:00,N,N4,142.99999999999994
2018-06-28T10:00:00,N,N4,148.0521369846129
2018-06-28T11:00:00,N,N4,156.6437756615563
2018-06-28T12:00:00,N,N4,144.99999999999997
2018-06-28T13:00:00,N,N4,125.00000000000004
2018-06-28T14:00:00,N,N4,128.99999999999997
2018-06-28T15:00:00,N,N4,129.56570209137178
2018-06-28T16:00:00,N,N4,139.48861668977165
2018-06-28T17:00:00,N,N4,189.26746794158325
2018-06-28T18:00:00,N,N4,191.44593258731783
2018-06-28T19:00:00,N,N4,164.99999999999994
2018-06-28T20:00:00,N,N4,135.00000000000003
2018-06-28T21:00:00,N,N4,122.99999999999994
2018-06-28T22:00:00,N,N4,110.00000000000004
2018-06-28T23:00:00,N,N4,100.00000000000004
2018-06-29T00:00:00,N,N4,99.0
2018-06-29T01:00:00,N,N4,99.0
2018-06-29T02:00:00,N,N4,99.0
2018-06-29T03:00:00,N,N4,99.0
2018-06-29T04:00:00,N,N4,95.0
2018-06-29T05:00:00,N,N4,110.00000000000004
2018-06-29T06:00:00,N,N4,129.25490427757265
2018-06-29T07:00:00,N,N4,133.0
2018-06-29T08:00:00,N,N4,139.8286728345474
2018-06-29T09:00:00,N,N4,141.00000000000003
2018-06-29T10:00:00,N,N4,147.99999999999994
2018-06-29T11:00:00,N,N4,155.00000000000003
2018-06-29T12:00:00,N,N4,122.05254629367792
2018-06-29T13:00:00,N,N4,90.69203691163514
2018-06-29T14:00:00,N,N4,74.99999999999997
2018-06-29T15:00:00,N,N4,72.99999999999999
2018-06-29T16:00:00,N,N4,85.00000000000001
2018-06-29T17:00:00,N,N4,117.6354920792541
2018-06-29T18:00:00,N,N4,109.59278331518732
2018-06-29T19:00:00,N,N4,79.0
2018-06-29T20:00:00,N,N4,63.99999999999998
2018-06-29T21:00:00,N,N4,59.000000000000014
2018-06-29T22:00:00,N,N4,51.00000000000002
2018-06-29T23:00:00,N,N4,44.99999999999999
2018-06-30T00:00:00,N,N4,42.99999999999998
2018-06-30T01:00:00,N,N4,42.00000000000001
2018-06-30T02:00:00,N,N4,42.00000000000001
2018-06-30T03:00:00,N,N4,42.00000000000001
2018-06-30T04:00:00,N,N4,42.00000000000001
2018-06-30T05:00:00,N,N4,46.00000000000002
2018-06-30T06:00:00,N,N4,56.00000000000002
2018-06-30T07:00:00,N,N4,65.99999999999997
2018-06-30T08:00:00,N,N4,63.99999999999998
2018-06-30T09:00:00,N,N4,76.0
2018-06-30T10:00:00,N,N4,79.99999999999997
2018-06-30T11:00:00,N,N4,79.0
2018-06-30T12:00:00,N,N4,76.54715262989852
2018-06-30T13:00:00,N,N4,72.99999999999999
2018-06-30T14:00:00,N,N4,62.00000000000001
2018-06-30T15:00:00,N,N4,62.00000000000001
2018-06-30T16:00:00,N,N4,74.99999999999997
2018-06-30T17:00:00,N,N4,108.99999999999996
2018-06-30T18:00:00,N,N4,101.00000000000004
2018-06-30T19:00:00,N,N4,83.99999999999999
2018-06-30T20:00:00,N,N4,74.00000000000003
2018-06-30T21:00:00,N,N4,63.99999999999998
2018-06-30T22:00:00,N,N4,57.99999999999999
2018-06-30T23:00:00,N,N4,57.99999999999999
2018-07-01T00:00:00,N,N4,53.00000000000001
2018-07-01T01:00:00,N,N4,53.00000000000001
2018-07-01T02:00:00,N,N4,53.00000000000001
2018-07-01T03:00:00,N,N4,53.00000000000001
2018-07-01T04:00:00,N,N4,53.00000000000001
2018-07-01T05:00:00,N,N4,53.00000000000001
2018-07-01T06:00:00,N,N4,57.99999999999999
2018-07-01T07:00:00,N,N4,68.00000000000001
2018-07-01T08:00:00,N,N4,62.00000000000001
2018-07-01T09:00:00,N,N4,68.00000000000001
2018-07-01T10:00:00,N,N4,68.00000000000001
2018-07-01T11:00:00,N,N4,78.0
2018-07-01T12:00:00,N,N4,72.99999999999999
2018-07-01T13:00:00,N,N4,62.00000000000001
2018-07-01T14:00:00,N,N4,57.00000000000001
2018-07-01T15:00:00,N,N4,62.99999999999999
2018-07-01T16:00:00,N,N4,62.99999999999999
2018-07-01T17:00:00,N,N4,104.0
2018-07-01T18:00:00,N,N4,93.00000000000004
2018-07-01T19:00:00,N,N4,79.99999999999997
2018-07-01T20:00:00,N,N4,70.00000000000003
2018-07-01T21:00:00,N,N4,64.99999999999999
2018-07-01T22:00:00,N,N4,59.000000000000014
2018-07-01T23:00:00,N,N4,54.00000000000001
2018-07-02T00:00:00,N,N4,48.99999999999999
2018-07-02T01:00:00,N,N4,48.99999999999999
2018-07-02T02:00:00,N,N4,48.99999999999999
2018-07-02T03:00:00,N,N4,48.99999999999999
2018-07-02T04:00:00,N,N4,48.99999999999999
2018-07-02T05:00:00,N,N4,54.00000000000001
2018-07-02T06:00:00,N,N4,64.99999999999999
2018-07-02T07:00:00,N,N4,72.0
2018-07-02T08:00:00,N,N4,88.99999999999999
2018-07-02T09:00:00,N,N4,88.00000000000003
2018-07-02T10:00:00,N,N4,94.0
2018-07-02T11:00:00,N,N4,99.0
2018-07-02T12:00:00,N,N4,79.99999999999997
2018-07-02T13:00:00,N,N4,70.00000000000003
2018-07-02T14:00:00,N,N4,76.0
2018-07-02T15:00:00,N,N4,77.00000000000001
2018-07-02T16:00:00,N,N4,83.00000000000003
2018-07-02T17:00:00,N,N4,126.0
2018-07-02T18:00:00,N,N4,124.00000000000004
2018-07-02T19:00:00,N,N4,134.27493078638906
2018-07-02T20:00:00,N,N4,98.00000000000004
2018-07-02T21:00:00,N,N4,77.00000000000001
2018-07-02T22:00:00,N,N4,62.99999999999999
2018-07-02T23:00:00,N,N4,63.99999999999998
2018-07-03T00:00:00,N,N4,54.00000000000001
2018-07-03T01:00:00,N,N4,54.00000000000001
2018-07-03T02:00:00,N,N4,54.00000000000001
2018-07-03T03:00:00,N,N4,54.00000000000003
2018-07-03T04:00:00,N,N4,54.00000000000001
2018-07-03T05:00:00,N,N4,57.99999999999999
2018-07-03T06:00:00,N,N4,63.99999999999998
2018-07-03T07:00:00,N,N4,79.99999999999997
2018-07-03T08:00:00,N,N4,95.0
2018-07-03T09:00:00,N,N4,95.0
2018-07-03T10:00:00,N,N4,104.99999999999996
2018-07-03T11:00:00,N,N4,101.00000000000004
2018-07-03T12:00:00,N,N4,90.0
2018-07-03T13:00:00,N,N4,83.00000000000003
2018-07-03T14:00:00,N,N4,101.33333333333336
2018-07-03T15:00:00,N,N4,74.52556562039699
2018-07-03T16:00:00,N,N4,101.00000000000004
2018-07-03T17:00:00,N,N4,129.99999999999997
2018-07-03T18:00:00,N,N4,106.99999999999996
2018-07-03T19:00:00,N,N4,90.0
2018-07-03T20:00:00,N,N4,79.99999999999997
2018-07-03T21:00:00,N,N4,70.00000000000003
2018-07-03T22:00:00,N,N4,59.000000000000014
2018-07-03T23:00:00,N,N4,59.000000000000014
2018-07-04T00:00:00,N,N4,54.00000000000001
2018-07-04T01:00:00,N,N4,54.00000000000001
2018-07-04T02:00:00,N,N4,54.00000000000001
2018-07-04T03:00:00,N,N4,54.00000000000001
2018-07-04T04:00:00,N,N4,54.00000000000001
2018-07-04T05:00:00,N,N4,54.00000000000001
2018-07-04T06:00:00,N,N4,72.99999999999999
2018-07-04T07:00:00,N,N4,78.0
2018-07-04T08:00:00,N,N4,88.99999999999999
2018-07-04T09:00:00,N,N4,87.0
2018-07-04T10:00:00,N,N4,90.99999999999996
2018-07-04T11:00:00,N,N4,93.00000000000004
2018-07-04T12:00:00,N,N4,85.00000000000001
2018-07-04T13:00:00,N,N4,71.0
2018-07-04T14:00:00,N,N4,74.99999999999997
2018-07-04T15:00:00,N,N4,77.00000000000001
2018-07-04T16:00:00,N,N4,92.0
2018-07-04T17:00:00,N,N4,135.00000000000003
2018-07-04T18:00:00,N,N4,119.99999999999996
2018-07-04T19:00:00,N,N4,96.99999999999991
2018-07-04T20:00:00,N,N4,83.00000000000003
2018-07-04T21:00:00,N,N4,72.0
2018-07-04T22:00:00,N,N4,66.99999999999997
2018-07-04T23:00:00,N,N4,62.00000000000001
2018-07-05T00:00:00,N,N4,56.00000000000002
2018-07-05T01:00:00,N,N4,55.000000000000014
2018-07-05T02:00:00,N,N4,55.000000000000014
2018-07-05T03:00:00,N,N4,55.000000000000014
2018-07-05T04:00:00,N,N4,55.000000000000014
2018-07-05T05:00:00,N,N4,59.99999999999999
2018-07-05T06:00:00,N,N4,72.0
2018-07-05T07:00:00,N,N4,79.99999999999997
2018-07-05T08:00:00,N,N4,85.99999999999997
2018-07-05T09:00:00,N,N4,90.99999999999996
2018-07-05T10:00:00,N,N4,94.0
2018-07-05T11:00:00,N,N4,98.00000000000004
2018-07-05T12:00:00,N,N4,98.00000000000004
2018-07-05T13:00:00,N,N4,66.99999999999997
2018-07-05T14:00:00,N,N4,77.00000000000001
2018-07-05T15:00:00,N,N4,82.00000000000001
2018-07-05T16:00:00,N,N4,105.99999999999996
2018-07-05T17:00:00,N,N4,135.00000000000003
2018-07-05T18:00:00,N,N4,121.00000000000004
2018-07-05T19:00:00,N,N4,108.99999999999996
2018-07-05T20:00:00,N,N4,90.0
2018-07-05T21:00:00,N,N4,79.99999999999997
2018-07-05T22:00:00,N,N4,69.00000000000001
2018-07-05T23:00:00,N,N4,63.99999999999998
2018-07-06T00:00:00,N,N4,63.99999999999998
2018-07-06T01:00:00,N,N4,57.99999999999999
2018-07-06T02:00:00,N,N4,57.99999999999999
2018-07-06T03:00:00,N,N4,57.99999999999999
2018-07-06T04:00:00,N,N4,57.99999999999999
2018-07-06T05:00:00,N,N4,63.99999999999998
2018-07-06T06:00:00,N,N4,85.99999999999997
2018-07-06T07:00:00,N,N4,88.99999999999999
2018-07-06T08:00:00,N,N4,94.0
2018-07-06T09:00:00,N,N4,85.00000000000001
2018-07-06T10:00:00,N,N4,100.00000000000004
2018-07-06T11:00:00,N,N4,103.0
2018-07-06T12:00:00,N,N4,87.0
2018-07-06T13:00:00,N,N4,85.99999999999997
2018-07-06T14:00:00,N,N4,88.00000000000003
2018-07-06T15:00:00,N,N4,93.00000000000004
2018-07-06T16:00:00,N,N4,101.00000000000004
2018-07-06T17:00:00,N,N4,142.00000000000003
2018-07-06T18:00:00,N,N4,133.0
2018-07-06T19:00:00,N,N4,108.00000000000004
2018-07-06T20:00:00,N,N4,98.00000000000004
2018-07-06T21:00:00,N,N4,81.00000000000003
2018-07-06T22:00:00,N,N4,81.00000000000003
2018-07-06T23:00:00,N,N4,69.00000000000001
2018-07-07T00:00:00,N,N4,62.000000000000064
2018-07-07T01:00:00,N,N4,62.00000000000001
2018-07-07T02:00:00,N,N4,57.00000000000001
2018-07-07T03:00:00,N,N4,57.00000000000001
2018-07-07T04:00:00,N,N4,57.00000000000001
2018-07-07T05:00:00,N,N4,57.00000000000001
2018-07-07T06:00:00,N,N4,79.99999999999997
2018-07-07T07:00:00,N,N4,95.0
2018-07-07T08:00:00,N,N4,103.0
2018-07-07T09:00:00,N,N4,90.0
2018-07-07T10:00:00,N,N4,90.0
2018-07-07T11:00:00,N,N4,90.0
2018-07-07T12:00:00,N,N4,79.99999999999997
2018-07-07T13:00:00,N,N4,79.99999999999997
2018-07-07T14:00:00,N,N4,79.99999999999997
2018-07-07T15:00:00,N,N4,83.00000000000003
2018-07-07T16:00:00,N,N4,83.00000000000003
2018-07-07T17:00:00,N,N4,126.0
2018-07-07T18:00:00,N,N4,122.99999999999994
2018-07-07T19:00:00,N,N4,101.99999999999996
2018-07-07T20:00:00,N,N4,83.99999999999999
2018-07-07T21:00:00,N,N4,72.0
2018-07-07T22:00:00,N,N4,66.99999999999997
2018-07-07T23:00:00,N,N4,61.00000000000001
2018-07-08T00:00:00,N,N4,61.00000000000001
2018-07-08T01:00:00,N,N4,56.00000000000002
2018-07-08T02:00:00,N,N4,56.00000000000002
2018-07-08T03:00:00,N,N4,56.00000000000002
2018-07-08T04:00:00,N,N4,56.00000000000002
2018-07-08T05:00:00,N,N4,56.00000000000002
2018-07-08T06:00:00,N,N4,65.99999999999997
2018-07-08T07:00:00,N,N4,78.0
2018-07-08T08:00:00,N,N4,78.0
2018-07-08T09:00:00,N,N4,83.00000000000003
2018-07-08T10:00:00,N,N4,92.0
2018-07-08T11:00:00,N,N4,92.0
2018-07-08T12:00:00,N,N4,70.00000000000003
2018-07-08T13:00:00,N,N4,64.99999999999999
2018-07-08T14:00:00,N,N4,59.000000000000014
2018-07-08T15:00:00,N,N4,59.000000000000014
2018-07-08T16:00:00,N,N4,70.00000000000003
2018-07-08T17:00:00,N,N4,92.0
2018-07-08T18:00:00,N,N4,87.0
2018-07-08T19:00:00,N,N4,82.00000000000001
2018-07-08T20:00:00,N,N4,72.0
2018-07-08T21:00:00,N,N4,72.0
2018-07-08T22:00:00,N,N4,62.00000000000001
2018-07-08T23:00:00,N,N4,52.00000000000001
2018-07-09T00:00:00,N,N4,52.00000000000001
2018-07-09T01:00:00,N,N4,52.00000000000001
2018-07-09T02:00:00,N,N4,46.99999999999999
2018-07-09T03:00:00,N,N4,46.99999999999999
2018-07-09T04:00:00,N,N4,46.99999999999999
2018-07-09T05:00:00,N,N4,46.99999999999999
2018-07-09T06:00:00,N,N4,57.00000000000001
2018-07-09T07:00:00,N,N4,68.00000000000001
2018-07-09T08:00:00,N,N4,81.00000000000003
2018-07-09T09:00:00,N,N4,81.00000000000003
2018-07-09T10:00:00,N,N4,90.99999999999996
2018-07-09T11:00:00,N,N4,93.00000000000004
2018-07-09T12:00:00,N,N4,83.00000000000003
2018-07-09T13:00:00,N,N4,78.0
2018-07-09T14:00:00,N,N4,77.00000000000001
2018-07-09T15:00:00,N,N4,77.00000000000001
2018-07-09T16:00:00,N,N4,95.0
2018-07-09T17:00:00,N,N4,127.0
2018-07-09T18:00:00,N,N4,122.00000000000004
2018-07-09T19:00:00,N,N4,103.0
2018-07-09T20:00:00,N,N4,85.99999999999997
2018-07-09T21:00:00,N,N4,69.00000000000001
2018-07-09T22:00:00,N,N4,63.99999999999998
2018-07-09T23:00:00,N,N4,59.000000000000014
2018-07-10T00:00:00,N,N4,59.000000000000014
2018-07-10T01:00:00,N,N4,54.00000000000001
2018-07-10T02:00:00,N,N4,54.00000000000001
2018-07-10T03:00:00,N,N4,54.00000000000003
2018-07-10T04:00:00,N,N4,54.00000000000001
2018-07-10T05:00:00,N,N4,59.000000000000014
2018-07-10T06:00:00,N,N4,70.00000000000003
2018-07-10T07:00:00,N,N4,82.00000000000001
2018-07-10T08:00:00,N,N4,90.99999999999996
2018-07-10T09:00:00,N,N4,94.0
2018-07-10T10:00:00,N,N4,90.99999999999996
2018-07-10T11:00:00,N,N4,95.0
2018-07-10T12:00:00,N,N4,82.00000000000001
2018-07-10T13:00:00,N,N4,72.0
2018-07-10T14:00:00,N,N4,77.00000000000001
2018-07-10T15:00:00,N,N4,83.00000000000003
2018-07-10T16:00:00,N,N4,100.00000000000004
2018-07-10T17:00:00,N,N4,130.99999999999994
2018-07-10T18:00:00,N,N4,117.00000000000004
2018-07-10T19:00:00,N,N4,101.99999999999996
2018-07-10T20:00:00,N,N4,92.0
2018-07-10T21:00:00,N,N4,77.00000000000001
2018-07-10T22:00:00,N,N4,66.99999999999997
2018-07-10T23:00:00,N,N4,62.00000000000001
2018-07-11T00:00:00,N,N4,57.00000000000001
2018-07-11T01:00:00,N,N4,57.00000000000001
2018-07-11T02:00:00,N,N4,57.00000000000001
2018-07-11T03:00:00,N,N4,57.00000000000001
2018-07-11T04:00:00,N,N4,57.00000000000001
2018-07-11T05:00:00,N,N4,62.00000000000001
2018-07-11T06:00:00,N,N4,72.0
2018-07-11T07:00:00,N,N4,88.99999999999999
2018-07-11T08:00:00,N,N4,97.0
2018-07-11T09:00:00,N,N4,88.99999999999999
2018-07-11T10:00:00,N,N4,94.0
2018-07-11T11:00:00,N,N4,97.0
2018-07-11T12:00:00,N,N4,81.00000000000003
2018-07-11T13:00:00,N,N4,78.0
2018-07-11T14:00:00,N,N4,77.00000000000001
2018-07-11T15:00:00,N,N4,83.00000000000003
2018-07-11T16:00:00,N,N4,88.99999999999999
2018-07-11T17:00:00,N,N4,141.00000000000003
2018-07-11T18:00:00,N,N4,136.00000000000006
2018-07-11T19:00:00,N,N4,105.99999999999996
2018-07-11T20:00:00,N,N4,85.99999999999997
2018-07-11T21:00:00,N,N4,81.00000000000003
2018-07-11T22:00:00,N,N4,65.99999999999997
2018-07-11T23:00:00,N,N4,61.00000000000001
2018-07-12T00:00:00,N,N4,61.00000000000001
2018-07-12T01:00:00,N,N4,56.00000000000002
2018-07-12T02:00:00,N,N4,56.00000000000002
2018-07-12T03:00:00,N,N4,56.00000000000002
2018-07-12T04:00:00,N,N4,56.00000000000002
2018-07-12T05:00:00,N,N4,57.99999999999999
2018-07-12T06:00:00,N,N4,68.00000000000001
2018-07-12T07:00:00,N,N4,83.99999999999999
2018-07-12T08:00:00,N,N4,85.00000000000001
2018-07-12T09:00:00,N,N4,85.99999999999997
2018-07-12T10:00:00,N,N4,85.99999999999997
2018-07-12T11:00:00,N,N4,90.0
2018-07-12T12:00:00,N,N4,77.00000000000001
2018-07-12T13:00:00,N,N4,66.99999999999997
2018-07-12T14:00:00,N,N4,72.0
2018-07-12T15:00:00,N,N4,71.0
2018-07-12T16:00:00,N,N4,74.99999999999997
2018-07-12T17:00:00,N,N4,131.99999999999997
2018-07-12T18:00:00,N,N4,131.99999999999997
2018-07-12T19:00:00,N,N4,108.00000000000004
2018-07-12T20:00:00,N,N4,92.0
2018-07-12T21:00:00,N,N4,79.99999999999997
2018-07-12T22:00:00,N,N4,70.00000000000003
2018-07-12T23:00:00,N,N4,62.00000000000001
2018-07-13T00:00:00,N,N4,61.00000000000001
2018-07-13T01:00:00,N,N4,59.99999999999999
2018-07-13T02:00:00,N,N4,59.99999999999999
2018-07-13T03:00:00,N,N4,56.00000000000002
2018-07-13T04:00:00,N,N4,56.00000000000002
2018-07-13T05:00:00,N,N4,56.00000000000002
2018-07-13T06:00:00,N,N4,74.99999999999997
2018-07-13T07:00:00,N,N4,85.00000000000001
2018-07-13T08:00:00,N,N4,88.99999999999999
2018-07-13T09:00:00,N,N4,83.99999999999999
2018-07-13T10:00:00,N,N4,94.0
2018-07-13T11:00:00,N,N4,95.0
2018-07-13T12:00:00,N,N4,81.00000000000003
2018-07-13T13:00:00,N,N4,81.00000000000003
2018-07-13T14:00:00,N,N4,83.99999999999999
2018-07-13T15:00:00,N,N4,81.00000000000003
2018-07-13T16:00:00,N,N4,92.0
2018-07-13T17:00:00,N,N4,130.99999999999994
2018-07-13T18:00:00,N,N4,131.99999999999997
2018-07-13T19:00:00,N,N4,101.99999999999996
2018-07-13T20:00:00,N,N4,88.00000000000003
2018-07-13T21:00:00,N,N4,82.00000000000001
2018-07-13T22:00:00,N,N4,66.99999999999997
2018-07-13T23:00:00,N,N4,66.99999999999997
2018-07-14T00:00:00,N,N4,62.00000000000001
2018-07-14T01:00:00,N,N4,62.00000000000001
2018-07-14T02:00:00,N,N4,62.00000000000001
2018-07-14T03:00:00,N,N4,62.00000000000001
2018-07-14T04:00:00,N,N4,62.00000000000001
2018-07-14T05:00:00,N,N4,62.00000000000001
2018-07-14T06:00:00,N,N4,62.00000000000001
2018-07-14T07:00:00,N,N4,62.00000000000001
2018-07-14T08:00:00,N,N4,62.00000000000001
2018-07-14T09:00:00,N,N4,83.00000000000003
2018-07-14T10:00:00,N,N4,92.0
2018-07-14T11:00:00,N,N4,100.00000000000004
2018-07-14T12:00:00,N,N4,83.99999999999999
2018-07-14T13:00:00,N,N4,79.0
2018-07-14T14:00:00,N,N4,79.0
2018-07-14T15:00:00,N,N4,79.0
2018-07-14T16:00:00,N,N4,88.99999999999999
2018-07-14T17:00:00,N,N4,119.99999999999996
2018-07-14T18:00:00,N,N4,115.0
2018-07-14T19:00:00,N,N4,100.00000000000004
2018-07-14T20:00:00,N,N4,83.99999999999999
2018-07-14T21:00:00,N,N4,70.00000000000003
2018-07-14T22:00:00,N,N4,64.99999999999999
2018-07-14T23:00:00,N,N4,64.99999999999999
2018-07-15T00:00:00,N,N4,59.99999999999999
2018-07-15T01:00:00,N,N4,59.99999999999999
2018-07-15T02:00:00,N,N4,57.00000000000001
2018-07-15T03:00:00,N,N4,55.000000000000014
2018-07-15T04:00:00,N,N4,55.000000000000014
2018-07-15T05:00:00,N,N4,55.000000000000014
2018-07-15T06:00:00,N,N4,64.99999999999999
2018-07-15T07:00:00,N,N4,74.99999999999997
2018-07-15T08:00:00,N,N4,74.99999999999997
2018-07-15T09:00:00,N,N4,74.99999999999997
2018-07-15T10:00:00,N,N4,79.99999999999997
2018-07-15T11:00:00,N,N4,85.00000000000001
2018-07-15T12:00:00,N,N4,74.99999999999997
2018-07-15T13:00:00,N,N4,70.00000000000003
2018-07-15T14:00:00,N,N4,70.00000000000003
2018-07-15T15:00:00,N,N4,64.99999999999999
2018-07-15T16:00:00,N,N4,72.7200845624291
2018-07-15T17:00:00,N,N4,111.07251196997912
2018-07-15T18:00:00,N,N4,115.0
2018-07-15T19:00:00,N,N4,95.0
2018-07-15T20:00:00,N,N4,85.00000000000001
2018-07-15T21:00:00,N,N4,70.00000000000003
2018-07-15T22:00:00,N,N4,64.99999999999999
2018-07-15T23:00:00,N,N4,59.99999999999999
2018-07-16T00:00:00,N,N4,59.99999999999999
2018-07-16T01:00:00,N,N4,59.99999999999999
2018-07-16T02:00:00,N,N4,55.000000000000014
2018-07-16T03:00:00,N,N4,55.000000000000014
2018-07-16T04:00:00,N,N4,55.000000000000014
2018-07-16T05:00:00,N,N4,55.000000000000014
2018-07-16T06:00:00,N,N4,77.00000000000001
2018-07-16T07:00:00,N,N4,79.0
2018-07-16T08:00:00,N,N4,83.00000000000003
2018-07-16T09:00:00,N,N4,88.99999999999999
2018-07-16T10:00:00,N,N4,88.00000000000003
2018-07-16T11:00:00,N,N4,99.0
2018-07-16T12:00:00,N,N4,90.0
2018-07-16T13:00:00,N,N4,82.00000000000001
2018-07-16T14:00:00,N,N4,85.99999999999997
2018-07-16T15:00:00,N,N4,88.00000000000003
2018-07-16T16:00:00,N,N4,95.0
2018-07-16T17:00:00,N,N4,129.99999999999997
2018-07-16T18:00:00,N,N4,133.99999999999997
2018-07-16T19:00:00,N,N4,118.00000000000004
2018-07-16T20:00:00,N,N4,103.0
2018-07-16T21:00:00,N,N4,88.00000000000003
2018-07-16T22:00:00,N,N4,78.0
2018-07-16T23:00:00,N,N4,72.99999999999999
2018-07-17T00:00:00,N,N4,72.99999999999999
2018-07-17T01:00:00,N,N4,72.99999999999999
2018-07-17T02:00:00,N,N4,70.00000000000003
2018-07-17T03:00:00,N,N4,70.00000000000003
2018-07-17T04:00:00,N,N4,70.00000000000003
2018-07-17T05:00:00,N,N4,70.00000000000003
2018-07-17T06:00:00,N,N4,78.0
2018-07-17T07:00:00,N,N4,90.0
2018-07-17T08:00:00,N,N4,90.0
2018-07-17T09:00:00,N,N4,93.00000000000004
2018-07-17T10:00:00,N,N4,92.0
2018-07-17T11:00:00,N,N4,108.00000000000004
2018-07-17T12:00:00,N,N4,92.0
2018-07-17T13:00:00,N,N4,85.00000000000001
2018-07-17T14:00:00,N,N4,90.99999999999996
2018-07-17T15:00:00,N,N4,96.0
2018-07-17T16:00:00,N,N4,96.0
2018-07-17T17:00:00,N,N4,142.00000000000003
2018-07-17T18:00:00,N,N4,147.99999999999994
2018-07-17T19:00:00,N,N4,113.00000000000004
2018-07-17T20:00:00,N,N4,97.0
2018-07-17T21:00:00,N,N4,92.0
2018-07-17T22:00:00,N,N4,82.00000000000001
2018-07-17T23:00:00,N,N4,72.0
2018-07-18T00:00:00,N,N4,72.0
2018-07-18T01:00:00,N,N4,72.0
2018-07-18T02:00:00,N,N4,66.99999999999997
2018-07-18T03:00:00,N,N4,66.99999999999997
2018-07-18T04:00:00,N,N4,66.99999999999997
2018-07-18T05:00:00,N,N4,66.99999999999997
2018-07-18T06:00:00,N,N4,82.00000000000001
2018-07-18T07:00:00,N,N4,87.0
2018-07-18T08:00:00,N,N4,93.00000000000004
2018-07-18T09:00:00,N,N4,99.0
2018-07-18T10:00:00,N,N4,99.0
2018-07-18T11:00:00,N,N4,106.99999999999996
2018-07-18T12:00:00,N,N4,93.00000000000004
2018-07-18T13:00:00,N,N4,90.99999999999996
2018-07-18T14:00:00,N,N4,95.0
2018-07-18T15:00:00,N,N4,92.0
2018-07-18T16:00:00,N,N4,96.0
2018-07-18T17:00:00,N,N4,135.00000000000003
2018-07-18T18:00:00,N,N4,131.99999999999997
2018-07-18T19:00:00,N,N4,115.0
2018-07-18T20:00:00,N,N4,94.0
2018-07-18T21:00:00,N,N4,79.99999999999997
2018-07-18T22:00:00,N,N4,79.99999999999997
2018-07-18T23:00:00,N,N4,74.00000000000003
2018-07-19T00:00:00,N,N4,63.99999999999998
2018-07-19T01:00:00,N,N4,63.99999999999998
2018-07-19T02:00:00,N,N4,63.99999999999998
2018-07-19T03:00:00,N,N4,63.99999999999998
2018-07-19T04:00:00,N,N4,63.99999999999998
2018-07-19T05:00:00,N,N4,64.99999999999999
2018-07-19T06:00:00,N,N4,81.00000000000003
2018-07-19T07:00:00,N,N4,83.99999999999999
2018-07-19T08:00:00,N,N4,92.0
2018-07-19T09:00:00,N,N4,100.00000000000004
2018-07-19T10:00:00,N,N4,99.0
2018-07-19T11:00:00,N,N4,104.0
2018-07-19T12:00:00,N,N4,131.99999999999997
2018-07-19T13:00:00,N,N4,121.00000000000004
2018-07-19T14:00:00,N,N4,125.00000000000004
2018-07-19T15:00:00,N,N4,119.99999999999996
2018-07-19T16:00:00,N,N4,131.99999999999997
2018-07-19T17:00:00,N,N4,194.00000000000003
2018-07-19T18:00:00,N,N4,194.00000000000003
2018-07-19T19:00:00,N,N4,163.0
2018-07-19T20:00:00,N,N4,152.99999999999997
2018-07-19T21:00:00,N,N4,127.99999999999996
2018-07-19T22:00:00,N,N4,111.99999999999996
2018-07-19T23:00:00,N,N4,108.00000000000004
2018-07-20T00:00:00,N,N4,108.00000000000004
2018-07-20T01:00:00,N,N4,98.00000000000004
2018-07-20T02:00:00,N,N4,98.00000000000004
2018-07-20T03:00:00,N,N4,98.00000000000004
2018-07-20T04:00:00,N,N4,98.00000000000004
2018-07-20T05:00:00,N,N4,113.00000000000004
2018-07-20T06:00:00,N,N4,127.99999999999996
2018-07-20T07:00:00,N,N4,133.99999999999997
2018-07-20T08:00:00,N,N4,137.00000000000003
2018-07-20T09:00:00,N,N4,138.00000000000006
2018-07-20T10:00:00,N,N4,142.00000000000003
2018-07-20T11:00:00,N,N4,156.0
2018-07-20T12:00:00,N,N4,137.00000000000003
2018-07-20T13:00:00,N,N4,122.99999999999994
2018-07-20T14:00:00,N,N4,127.0
2018-07-20T15:00:00,N,N4,127.0000000000001
2018-07-20T16:00:00,N,N4,137.00000000000003
2018-07-20T17:00:00,N,N4,169.0
2018-07-20T18:00:00,N,N4,159.0
2018-07-20T19:00:00,N,N4,133.0
2018-07-20T20:00:00,N,N4,118.00000000000004
2018-07-20T21:00:00,N,N4,103.0
2018-07-20T22:00:00,N,N4,92.0
2018-07-20T23:00:00,N,N4,88.00000000000003
2018-07-21T00:00:00,N,N4,83.00000000000003
2018-07-21T01:00:00,N,N4,82.00000000000001
2018-07-21T02:00:00,N,N4,82.00000000000001
2018-07-21T03:00:00,N,N4,82.00000000000001
2018-07-21T04:00:00,N,N4,82.00000000000001
2018-07-21T05:00:00,N,N4,82.00000000000001
2018-07-21T06:00:00,N,N4,104.0
2018-07-21T07:00:00,N,N4,114.00000000000004
2018-07-21T08:00:00,N,N4,125.00000000000004
2018-07-21T09:00:00,N,N4,125.00000000000004
2018-07-21T10:00:00,N,N4,126.0
2018-07-21T11:00:00,N,N4,133.0
2018-07-21T12:00:00,N,N4,118.00000000000004
2018-07-21T13:00:00,N,N4,108.00000000000004
2018-07-21T14:00:00,N,N4,108.00000000000004
2018-07-21T15:00:00,N,N4,104.0
2018-07-21T16:00:00,N,N4,119.99999999999996
2018-07-21T17:00:00,N,N4,151.0
2018-07-21T18:00:00,N,N4,166.00000000000006
2018-07-21T19:00:00,N,N4,137.00000000000003
2018-07-21T20:00:00,N,N4,127.0
2018-07-21T21:00:00,N,N4,111.99999999999996
2018-07-21T22:00:00,N,N4,97.0
2018-07-21T23:00:00,N,N4,96.99999999999991
2018-07-22T00:00:00,N,N4,92.0
2018-07-22T01:00:00,N,N4,87.0
2018-07-22T02:00:00,N,N4,87.0
2018-07-22T03:00:00,N,N4,87.0
2018-07-22T04:00:00,N,N4,87.0
2018-07-22T05:00:00,N,N4,92.0
2018-07-22T06:00:00,N,N4,101.99999999999996
2018-07-22T07:00:00,N,N4,113.00000000000004
2018-07-22T08:00:00,N,N4,113.00000000000004
2018-07-22T09:00:00,N,N4,113.00000000000004
2018-07-22T10:00:00,N,N4,113.00000000000004
2018-07-22T11:00:00,N,N4,122.99999999999994
2018-07-22T12:00:00,N,N4,122.99999999999994
2018-07-22T13:00:00,N,N4,99.0
2018-07-22T14:00:00,N,N4,94.0
2018-07-22T15:00:00,N,N4,93.00000000000004
2018-07-22T16:00:00,N,N4,108.99999999999996
2018-07-22T17:00:00,N,N4,166.00000000000006
2018-07-22T18:00:00,N,N4,166.00000000000006
2018-07-22T19:00:00,N,N4,146.0
2018-07-22T20:00:00,N,N4,125.00000000000004
2018-07-22T21:00:00,N,N4,110.00000000000004
2018-07-22T22:00:00,N,N4,100.00000000000004
2018-07-22T23:00:00,N,N4,95.0
2018-07-23T00:00:00,N,N4,90.0
2018-07-23T01:00:00,N,N4,90.0
2018-07-23T02:00:00,N,N4,90.0
2018-07-23T03:00:00,N,N4,90.0
2018-07-23T04:00:00,N,N4,95.0
2018-07-23T05:00:00,N,N4,100.00000000000004
2018-07-23T06:00:00,N,N4,126.0
2018-07-23T07:00:00,N,N4,121.00000000000004
2018-07-23T08:00:00,N,N4,130.00000000000009
2018-07-23T09:00:00,N,N4,135.00000000000003
2018-07-23T10:00:00,N,N4,135.00000000000003
2018-07-23T11:00:00,N,N4,154.00000000000006
2018-07-23T12:00:00,N,N4,141.00000000000003
2018-07-23T13:00:00,N,N4,121.00000000000004
2018-07-23T14:00:00,N,N4,119.99999999999996
2018-07-23T15:00:00,N,N4,118.00000000000004
2018-07-23T16:00:00,N,N4,131.99999999999997
2018-07-23T17:00:00,N,N4,181.00000000000009
2018-07-23T18:00:00,N,N4,184.99999999999991
2018-07-23T19:00:00,N,N4,159.0
2018-07-23T20:00:00,N,N4,138.99999999999997
2018-07-23T21:00:00,N,N4,119.00000000000004
2018-07-23T22:00:00,N,N4,104.0
2018-07-23T23:00:00,N,N4,100.00000000000004
2018-07-24T00:00:00,N,N4,88.99999999999999
2018-07-24T01:00:00,N,N4,88.99999999999999
2018-07-24T02:00:00,N,N4,87.0
2018-07-24T03:00:00,N,N4,87.0
2018-07-24T04:00:00,N,N4,92.0
2018-07-24T05:00:00,N,N4,94.0
2018-07-24T06:00:00,N,N4,129.99999999999997
2018-07-24T07:00:00,N,N4,126.0
2018-07-24T08:00:00,N,N4,129.99999999999997
2018-07-24T09:00:00,N,N4,137.00000000000003
2018-07-24T10:00:00,N,N4,138.00000000000006
2018-07-24T11:00:00,N,N4,144.99999999999997
2018-07-24T12:00:00,N,N4,144.99999999999997
2018-07-24T13:00:00,N,N4,116.0
2018-07-24T14:00:00,N,N4,117.00000000000004
2018-07-24T15:00:00,N,N4,118.00000000000004
2018-07-24T16:00:00,N,N4,144.99999999999997
2018-07-24T17:00:00,N,N4,199.0
2018-07-24T18:00:00,N,N4,194.00000000000003
2018-07-24T19:00:00,N,N4,158.00000000000003
2018-07-24T20:00:00,N,N4,141.00000000000003
2018-07-24T21:00:00,N,N4,121.00000000000004
2018-07-24T22:00:00,N,N4,110.99999999999996
2018-07-24T23:00:00,N,N4,101.00000000000004
2018-07-25T00:00:00,N,N4,96.0
2018-07-25T01:00:00,N,N4,96.0
2018-07-25T02:00:00,N,N4,90.99999999999996
2018-07-25T03:00:00,N,N4,90.99999999999996
2018-07-25T04:00:00,N,N4,90.99999999999996
2018-07-25T05:00:00,N,N4,90.99999999999996
2018-07-25T06:00:00,N,N4,137.00000000000003
2018-07-25T07:00:00,N,N4,130.99999999999994
2018-07-25T08:00:00,N,N4,130.99999999999994
2018-07-25T09:00:00,N,N4,137.00000000000003
2018-07-25T10:00:00,N,N4,136.00000000000006
2018-07-25T11:00:00,N,N4,149.99999999999997
2018-07-25T12:00:00,N,N4,137.00000000000003
2018-07-25T13:00:00,N,N4,118.00000000000004
2018-07-25T14:00:00,N,N4,124.00000000000004
2018-07-25T15:00:00,N,N4,129.99999999999997
2018-07-25T16:00:00,N,N4,138.00000000000006
2018-07-25T17:00:00,N,N4,186.56259592672427
2018-07-25T18:00:00,N,N4,199.0
2018-07-25T19:00:00,N,N4,161.99999999999994
2018-07-25T20:00:00,N,N4,133.0
2018-07-25T21:00:00,N,N4,118.00000000000004
2018-07-25T22:00:00,N,N4,108.00000000000004
2018-07-25T23:00:00,N,N4,103.0
2018-07-26T00:00:00,N,N4,98.00000000000004
2018-07-26T01:00:00,N,N4,95.0
2018-07-26T02:00:00,N,N4,93.00000000000004
2018-07-26T03:00:00,N,N4,93.00000000000004
2018-07-26T04:00:00,N,N4,93.00000000000004
2018-07-26T05:00:00,N,N4,93.00000000000004
2018-07-26T06:00:00,N,N4,138.00000000000006
2018-07-26T07:00:00,N,N4,130.99999999999994
2018-07-26T08:00:00,N,N4,131.99999999999997
2018-07-26T09:00:00,N,N4,128.99999999999997
2018-07-26T10:00:00,N,N4,133.99999999999997
2018-07-26T11:00:00,N,N4,149.99999999999997
2018-07-26T12:00:00,N,N4,133.0
2018-07-26T13:00:00,N,N4,119.00000000000004
2018-07-26T14:00:00,N,N4,122.00000000000004
2018-07-26T15:00:00,N,N4,122.99999999999994
2018-07-26T16:00:00,N,N4,155.00000000000003
2018-07-26T17:00:00,N,N4,204.0
2018-07-26T18:00:00,N,N4,198.0
2018-07-26T19:00:00,N,N4,161.99999999999994
2018-07-26T20:00:00,N,N4,142.00000000000003
2018-07-26T21:00:00,N,N4,122.00000000000004
2018-07-26T22:00:00,N,N4,111.99999999999996
2018-07-26T23:00:00,N,N4,96.99999999999991
2018-07-27T00:00:00,N,N4,92.0
2018-07-27T01:00:00,N,N4,92.0
2018-07-27T02:00:00,N,N4,92.0
2018-07-27T03:00:00,N,N4,92.0
2018-07-27T04:00:00,N,N4,92.0
2018-07-27T05:00:00,N,N4,92.0
2018-07-27T06:00:00,N,N4,127.0
2018-07-27T07:00:00,N,N4,128.99999999999997
2018-07-27T08:00:00,N,N4,130.99999999999994
2018-07-27T09:00:00,N,N4,131.99999999999997
2018-07-27T10:00:00,N,N4,142.99999999999994
2018-07-27T11:00:00,N,N4,147.99999999999994
2018-07-27T12:00:00,N,N4,137.00000000000003
2018-07-27T13:00:00,N,N4,121.00000000000004
2018-07-27T14:00:00,N,N4,122.00000000000004
2018-07-27T15:00:00,N,N4,117.00000000000004
2018-07-27T16:00:00,N,N4,128.99999999999997
2018-07-27T17:00:00,N,N4,201.0
2018-07-27T18:00:00,N,N4,201.0
2018-07-27T19:00:00,N,N4,159.99999999999994
2018-07-27T20:00:00,N,N4,135.00000000000003
2018-07-27T21:00:00,N,N4,119.00000000000004
2018-07-27T22:00:00,N,N4,104.0
2018-07-27T23:00:00,N,N4,94.0
2018-07-28T00:00:00,N,N4,94.0
2018-07-28T01:00:00,N,N4,88.99999999999999
2018-07-28T02:00:00,N,N4,88.99999999999999
2018-07-28T03:00:00,N,N4,88.99999999999999
2018-07-28T04:00:00,N,N4,88.99999999999999
2018-07-28T05:00:00,N,N4,104.99999999999996
2018-07-28T06:00:00,N,N4,119.99999999999996
2018-07-28T07:00:00,N,N4,131.99999999999997
2018-07-28T08:00:00,N,N4,128.99999999999997
2018-07-28T09:00:00,N,N4,133.99999999999997
2018-07-28T10:00:00,N,N4,146.0
2018-07-28T11:00:00,N,N4,147.99999999999994
2018-07-28T12:00:00,N,N4,135.00000000000003
2018-07-28T13:00:00,N,N4,125.00000000000004
2018-07-28T14:00:00,N,N4,119.99999999999996
2018-07-28T15:00:00,N,N4,121.00000000000004
2018-07-28T16:00:00,N,N4,121.00000000000004
2018-07-28T17:00:00,N,N4,182.0
2018-07-28T18:00:00,N,N4,182.0
2018-07-28T19:00:00,N,N4,156.99999999999994
2018-07-28T20:00:00,N,N4,127.0
2018-07-28T21:00:00,N,N4,110.99999999999996
2018-07-28T22:00:00,N,N4,101.00000000000004
2018-07-28T23:00:00,N,N4,96.0
2018-07-29T00:00:00,N,N4,90.99999999999996
2018-07-29T01:00:00,N,N4,90.99999999999996
2018-07-29T02:00:00,N,N4,90.99999999999996
2018-07-29T03:00:00,N,N4,90.99999999999996
2018-07-29T04:00:00,N,N4,90.99999999999996
2018-07-29T05:00:00,N,N4,90.99999999999996
2018-07-29T06:00:00,N,N4,101.99999999999996
2018-07-29T07:00:00,N,N4,111.99999999999996
2018-07-29T08:00:00,N,N4,117.00000000000004
2018-07-29T09:00:00,N,N4,117.00000000000004
2018-07-29T10:00:00,N,N4,117.00000000000004
2018-07-29T11:00:00,N,N4,129.99999999999997
2018-07-29T12:00:00,N,N4,129.99999999999997
2018-07-29T13:00:00,N,N4,100.00000000000004
2018-07-29T14:00:00,N,N4,100.00000000000004
2018-07-29T15:00:00,N,N4,90.0
2018-07-29T16:00:00,N,N4,100.00000000000004
2018-07-29T17:00:00,N,N4,161.00000000000003
2018-07-29T18:00:00,N,N4,171.00000000000009
2018-07-29T19:00:00,N,N4,146.0
2018-07-29T20:00:00,N,N4,126.0
2018-07-29T21:00:00,N,N4,100.00000000000004
2018-07-29T22:00:00,N,N4,96.0
2018-07-29T23:00:00,N,N4,96.0
2018-07-30T00:00:00,N,N4,85.99999999999997
2018-07-30T01:00:00,N,N4,85.99999999999997
2018-07-30T02:00:00,N,N4,86.00000000000004
2018-07-30T03:00:00,N,N4,85.99999999999997
2018-07-30T04:00:00,N,N4,85.99999999999997
2018-07-30T05:00:00,N,N4,96.0
2018-07-30T06:00:00,N,N4,122.00000000000004
2018-07-30T07:00:00,N,N4,127.0
2018-07-30T08:00:00,N,N4,130.99999999999994
2018-07-30T09:00:00,N,N4,135.00000000000003
2018-07-30T10:00:00,N,N4,135.00000000000003
2018-07-30T11:00:00,N,N4,142.00000000000003
2018-07-30T12:00:00,N,N4,131.99999999999997
2018-07-30T13:00:00,N,N4,119.00000000000004
2018-07-30T14:00:00,N,N4,119.00000000000004
2018-07-30T15:00:00,N,N4,119.99999999999996
2018-07-30T16:00:00,N,N4,127.0
2018-07-30T17:00:00,N,N4,199.99999999999991
2018-07-30T18:00:00,N,N4,206.00000000000003
2018-07-30T19:00:00,N,N4,171.00000000000009
2018-07-30T20:00:00,N,N4,151.0
2018-07-30T21:00:00,N,N4,126.0
2018-07-30T22:00:00,N,N4,114.00000000000004
2018-07-30T23:00:00,N,N4,111.99999999999996
2018-07-31T00:00:00,N,N4,99.0
2018-07-31T01:00:00,N,N4,99.0
2018-07-31T02:00:00,N,N4,99.0
2018-07-31T03:00:00,N,N4,99.0
2018-07-31T04:00:00,N,N4,99.0
2018-07-31T05:00:00,N,N4,114.00000000000004
2018-07-31T06:00:00,N,N4,133.99999999999997
2018-07-31T07:00:00,N,N4,133.0
2018-07-31T08:00:00,N,N4,142.00000000000003
2018-07-31T09:00:00,N,N4,144.0
2018-07-31T10:00:00,N,N4,146.99999999999997
2018-07-31T11:00:00,N,N4,152.99999999999997
2018-07-31T12:00:00,N,N4,139.99999999999994
2018-07-31T13:00:00,N,N4,122.99999999999994
2018-07-31T14:00:00,N,N4,122.00000000000004
2018-07-31T15:00:00,N,N4,118.00000000000004
2018-07-31T16:00:00,N,N4,127.99999999999996
2018-07-31T17:00:00,N,N4,211.00000000000003
2018-07-31T18:00:00,N,N4,206.99999999999977
2018-07-31T19:00:00,N,N4,171.99999999999994
2018-07-31T20:00:00,N,N4,152.0
2018-07-31T21:00:00,N,N4,127.99999999999996
2018-07-31T22:00:00,N,N4,118.00000000000004
2018-07-31T23:00:00,N,N4,108.00000000000004
2018-08-01T00:00:00,N,N4,98.00000000000004
2018-08-01T01:00:00,N,N4,98.00000000000004
2018-08-01T02:00:00,N,N4,98.00000000000004
2018-08-01T03:00:00,N,N4,98.00000000000004
2018-08-01T04:00:00,N,N4,98.00000000000004
2018-08-01T05:00:00,N,N4,104.99999999999989
2018-08-01T06:00:00,N,N4,135.00000000000003
2018-08-01T07:00:00,N,N4,133.0
2018-08-01T08:00:00,N,N4,138.99999999999997
2018-08-01T09:00:00,N,N4,131.99999999999997
2018-08-01T10:00:00,N,N4,139.99999999999994
2018-08-01T11:00:00,N,N4,146.99999999999997
2018-08-01T12:00:00,N,N4,146.0
2018-08-01T13:00:00,N,N4,119.99999999999996
2018-08-01T14:00:00,N,N4,114.00000000000004
2018-08-01T15:00:00,N,N4,111.99999999999996
2018-08-01T16:00:00,N,N4,128.99999999999997
2018-08-01T17:00:00,N,N4,202.00000000000009
2018-08-01T18:00:00,N,N4,201.9999999999999
2018-08-01T19:00:00,N,N4,170.00000000000006
2018-08-01T20:00:00,N,N4,144.99999999999997
2018-08-01T21:00:00,N,N4,119.00000000000004
2018-08-01T22:00:00,N,N4,113.00000000000004
2018-08-01T23:00:00,N,N4,106.99999999999996
2018-08-02T00:00:00,N,N4,102.00000000000004
2018-08-02T01:00:00,N,N4,101.99999999999996
2018-08-02T02:00:00,N,N4,100.00000000000004
2018-08-02T03:00:00,N,N4,100.00000000000004
2018-08-02T04:00:00,N,N4,100.00000000000004
2018-08-02T05:00:00,N,N4,106.99999999999996
2018-08-02T06:00:00,N,N4,135.00000000000003
2018-08-02T07:00:00,N,N4,133.99999999999997
2018-08-02T08:00:00,N,N4,138.99999999999997
2018-08-02T09:00:00,N,N4,129.99999999999997
2018-08-02T10:00:00,N,N4,129.99999999999997
2018-08-02T11:00:00,N,N4,151.0
2018-08-02T12:00:00,N,N4,138.00000000000006
2018-08-02T13:00:00,N,N4,138.00000000000006
2018-08-02T14:00:00,N,N4,119.00000000000004
2018-08-02T15:00:00,N,N4,122.00000000000004
2018-08-02T16:00:00,N,N4,146.0
2018-08-02T17:00:00,N,N4,187.00000000000003
2018-08-02T18:00:00,N,N4,202.00000000000009
2018-08-02T19:00:00,N,N4,170.00000000000006
2018-08-02T20:00:00,N,N4,144.0
2018-08-02T21:00:00,N,N4,128.99999999999997
2018-08-02T22:00:00,N,N4,111.99999999999996
2018-08-02T23:00:00,N,N4,101.99999999999996
2018-08-03T00:00:00,N,N4,101.99999999999996
2018-08-03T01:00:00,N,N4,92.0
2018-08-03T02:00:00,N,N4,92.0
2018-08-03T03:00:00,N,N4,92.0
2018-08-03T04:00:00,N,N4,95.0
2018-08-03T05:00:00,N,N4,100.00000000000004
2018-08-03T06:00:00,N,N4,142.99999999999994
2018-08-03T07:00:00,N,N4,135.00000000000003
2018-08-03T08:00:00,N,N4,141.00000000000003
2018-08-03T09:00:00,N,N4,142.99999999999994
2018-08-03T10:00:00,N,N4,147.99999999999994
2018-08-03T11:00:00,N,N4,152.99999999999997
2018-08-03T12:00:00,N,N4,139.99999999999994
2018-08-03T13:00:00,N,N4,118.00000000000004
2018-08-03T14:00:00,N,N4,127.99999999999996
2018-08-03T15:00:00,N,N4,119.00000000000004
2018-08-03T16:00:00,N,N4,128.99999999999997
2018-08-03T17:00:00,N,N4,197.0
2018-08-03T18:00:00,N,N4,203.0
2018-08-03T19:00:00,N,N4,161.99999999999994
2018-08-03T20:00:00,N,N4,136.00000000000006
2018-08-03T21:00:00,N,N4,115.0
2018-08-03T22:00:00,N,N4,104.99999999999996
2018-08-03T23:00:00,N,N4,100.00000000000004
2018-08-04T00:00:00,N,N4,95.0
2018-08-04T01:00:00,N,N4,95.0
2018-08-04T02:00:00,N,N4,90.99999999999996
2018-08-04T03:00:00,N,N4,90.99999999999996
2018-08-04T04:00:00,N,N4,90.99999999999996
2018-08-04T05:00:00,N,N4,101.00000000000004
2018-08-04T06:00:00,N,N4,119.00000000000004
2018-08-04T07:00:00,N,N4,126.0
2018-08-04T08:00:00,N,N4,129.99999999999997
2018-08-04T09:00:00,N,N4,129.99999999999997
2018-08-04T10:00:00,N,N4,129.99999999999997
2018-08-04T11:00:00,N,N4,136.00000000000006
2018-08-04T12:00:00,N,N4,131.99999999999997
2018-08-04T13:00:00,N,N4,114.00000000000004
2018-08-04T14:00:00,N,N4,114.00000000000004
2018-08-04T15:00:00,N,N4,122.00000000000004
2018-08-04T16:00:00,N,N4,117.00000000000004
2018-08-04T17:00:00,N,N4,167.99999999999997
2018-08-04T18:00:00,N,N4,167.99999999999997
2018-08-04T19:00:00,N,N4,152.0
2018-08-04T20:00:00,N,N4,152.0
2018-08-04T21:00:00,N,N4,110.00000000000004
2018-08-04T22:00:00,N,N4,104.99999999999989
2018-08-04T23:00:00,N,N4,95.0
2018-08-05T00:00:00,N,N4,95.0
2018-08-05T01:00:00,N,N4,88.99999999999999
2018-08-05T02:00:00,N,N4,88.9999999999999
2018-08-05T03:00:00,N,N4,88.99999999999999
2018-08-05T04:00:00,N,N4,88.99999999999999
2018-08-05T05:00:00,N,N4,88.9999999999999
2018-08-05T06:00:00,N,N4,110.99999999999996
2018-08-05T07:00:00,N,N4,102.25
2018-08-05T08:00:00,N,N4,103.66666666666669
2018-08-05T09:00:00,N,N4,127.0
2018-08-05T10:00:00,N,N4,127.99999999999996
2018-08-05T11:00:00,N,N4,133.0
2018-08-05T12:00:00,N,N4,116.0
2018-08-05T13:00:00,N,N4,104.99999999999989
2018-08-05T14:00:00,N,N4,98.00000000000004
2018-08-05T15:00:00,N,N4,98.00000000000004
2018-08-05T16:00:00,N,N4,108.99999999999996
2018-08-05T17:00:00,N,N4,161.99999999999994
2018-08-05T18:00:00,N,N4,171.99999999999994
2018-08-05T19:00:00,N,N4,155.00000000000003
2018-08-05T20:00:00,N,N4,128.99999999999997
2018-08-05T21:00:00,N,N4,115.0
2018-08-05T22:00:00,N,N4,104.0
2018-08-05T23:00:00,N,N4,94.0
2018-08-06T00:00:00,N,N4,88.99999999999999
2018-08-06T01:00:00,N,N4,88.9999999999999
2018-08-06T02:00:00,N,N4,88.9999999999999
2018-08-06T03:00:00,N,N4,88.99999999999999
2018-08-06T04:00:00,N,N4,88.99999999999999
2018-08-06T05:00:00,N,N4,101.99999999999996
2018-08-06T06:00:00,N,N4,129.99999999999997
2018-08-06T07:00:00,N,N4,119.99999999999996
2018-08-06T08:00:00,N,N4,129.99999999999997
2018-08-06T09:00:00,N,N4,135.00000000000003
2018-08-06T10:00:00,N,N4,137.00000000000003
2018-08-06T11:00:00,N,N4,147.99999999999994
2018-08-06T12:00:00,N,N4,136.00000000000006
2018-08-06T13:00:00,N,N4,111.99999999999996
2018-08-06T14:00:00,N,N4,126.0
2018-08-06T15:00:00,N,N4,111.99999999999996
2018-08-06T16:00:00,N,N4,128.99999999999997
2018-08-06T17:00:00,N,N4,205.00000000000009
2018-08-06T18:00:00,N,N4,212.0
2018-08-06T19:00:00,N,N4,167.00000000000006
2018-08-06T20:00:00,N,N4,144.0
2018-08-06T21:00:00,N,N4,133.99999999999997
2018-08-06T22:00:00,N,N4,114.00000000000004
2018-08-06T23:00:00,N,N4,104.99999999999996
2018-08-07T00:00:00,N,N4,104.99999999999996
2018-08-07T01:00:00,N,N4,97.0
2018-08-07T02:00:00,N,N4,95.0
2018-08-07T03:00:00,N,N4,95.0
2018-08-07T04:00:00,N,N4,95.0
2018-08-07T05:00:00,N,N4,95.0
2018-08-07T06:00:00,N,N4,129.99999999999997
2018-08-07T07:00:00,N,N4,130.99999999999994
2018-08-07T08:00:00,N,N4,141.00000000000003
2018-08-07T09:00:00,N,N4,137.00000000000003
2018-08-07T10:00:00,N,N4,142.00000000000003
2018-08-07T11:00:00,N,N4,151.0
2018-08-07T12:00:00,N,N4,142.99999999999994
2018-08-07T13:00:00,N,N4,119.00000000000004
2018-08-07T14:00:00,N,N4,124.00000000000004
2018-08-07T15:00:00,N,N4,125.00000000000004
2018-08-07T16:00:00,N,N4,135.00000000000003
2018-08-07T17:00:00,N,N4,202.00000000000009
2018-08-07T18:00:00,N,N4,202.00000000000009
2018-08-07T19:00:00,N,N4,167.99999999999997
2018-08-07T20:00:00,N,N4,147.99999999999994
2018-08-07T21:00:00,N,N4,127.99999999999996
2018-08-07T22:00:00,N,N4,122.00000000000004
2018-08-07T23:00:00,N,N4,111.00000000000009
2018-08-08T00:00:00,N,N4,101.00000000000004
2018-08-08T01:00:00,N,N4,96.0
2018-08-08T02:00:00,N,N4,96.0
2018-08-08T03:00:00,N,N4,96.0
2018-08-08T04:00:00,N,N4,96.0
2018-08-08T05:00:00,N,N4,96.0
2018-08-08T06:00:00,N,N4,130.99999999999994
2018-08-08T07:00:00,N,N4,119.00000000000004
2018-08-08T08:00:00,N,N4,128.99999999999997
2018-08-08T09:00:00,N,N4,131.99999999999997
2018-08-08T10:00:00,N,N4,139.99999999999994
2018-08-08T11:00:00,N,N4,142.99999999999994
2018-08-08T12:00:00,N,N4,110.00000000000004
2018-08-08T13:00:00,N,N4,96.0
2018-08-08T14:00:00,N,N4,104.99999999999996
2018-08-08T15:00:00,N,N4,108.00000000000004
2018-08-08T16:00:00,N,N4,129.99999999999997
2018-08-08T17:00:00,N,N4,129.99999999999997
2018-08-08T18:00:00,N,N4,181.00000000000009
2018-08-08T19:00:00,N,N4,146.0
2018-08-08T20:00:00,N,N4,129.99999999999997
2018-08-08T21:00:00,N,N4,119.99999999999996
2018-08-08T22:00:00,N,N4,115.0
2018-08-08T23:00:00,N,N4,100.00000000000004
2018-08-09T00:00:00,N,N4,100.00000000000004
2018-08-09T01:00:00,N,N4,95.0
2018-08-09T02:00:00,N,N4,95.0
2018-08-09T03:00:00,N,N4,95.0
2018-08-09T04:00:00,N,N4,95.0
2018-08-09T05:00:00,N,N4,100.00000000000004
2018-08-09T06:00:00,N,N4,131.99999999999997
2018-08-09T07:00:00,N,N4,122.00000000000004
2018-08-09T08:00:00,N,N4,141.00000000000003
2018-08-09T09:00:00,N,N4,141.00000000000003
2018-08-09T10:00:00,N,N4,146.99999999999997
2018-08-09T11:00:00,N,N4,158.00000000000003
2018-08-09T12:00:00,N,N4,139.99999999999994
2018-08-09T13:00:00,N,N4,127.99999999999996
2018-08-09T14:00:00,N,N4,127.0
2018-08-09T15:00:00,N,N4,129.99999999999997
2018-08-09T16:00:00,N,N4,144.0
2018-08-09T17:00:00,N,N4,187.00000000000003
2018-08-09T18:00:00,N,N4,193.0
2018-08-09T19:00:00,N,N4,159.99999999999994
2018-08-09T20:00:00,N,N4,142.99999999999994
2018-08-09T21:00:00,N,N4,127.0
2018-08-09T22:00:00,N,N4,117.00000000000004
2018-08-09T23:00:00,N,N4,104.99999999999996
2018-08-10T00:00:00,N,N4,100.00000000000004
2018-08-10T01:00:00,N,N4,95.0
2018-08-10T02:00:00,N,N4,95.0
2018-08-10T03:00:00,N,N4,95.0
2018-08-10T04:00:00,N,N4,95.0
2018-08-10T05:00:00,N,N4,100.00000000000004
2018-08-10T06:00:00,N,N4,131.99999999999997
2018-08-10T07:00:00,N,N4,128.99999999999997
2018-08-10T08:00:00,N,N4,138.00000000000006
2018-08-10T09:00:00,N,N4,138.00000000000006
2018-08-10T10:00:00,N,N4,141.00000000000003
2018-08-10T11:00:00,N,N4,146.99999999999997
2018-08-10T12:00:00,N,N4,127.0
2018-08-10T13:00:00,N,N4,110.99999999999996
2018-08-10T14:00:00,N,N4,114.00000000000004
2018-08-10T15:00:00,N,N4,108.00000000000004
2018-08-10T16:00:00,N,N4,108.00000000000004
2018-08-10T17:00:00,N,N4,199.99999999999991
2018-08-10T18:00:00,N,N4,199.99999999999991
2018-08-10T19:00:00,N,N4,171.00000000000009
2018-08-10T20:00:00,N,N4,141.00000000000003
2018-08-10T21:00:00,N,N4,116.0
2018-08-10T22:00:00,N,N4,105.99999999999996
2018-08-10T23:00:00,N,N4,100.00000000000004
2018-08-11T00:00:00,N,N4,96.0
2018-08-11T01:00:00,N,N4,96.0
2018-08-11T02:00:00,N,N4,96.0
2018-08-11T03:00:00,N,N4,96.0
2018-08-11T04:00:00,N,N4,96.0
2018-08-11T05:00:00,N,N4,96.0
2018-08-11T06:00:00,N,N4,115.0
2018-08-11T07:00:00,N,N4,137.00000000000003
2018-08-11T08:00:00,N,N4,138.00000000000006
2018-08-11T09:00:00,N,N4,138.00000000000006
2018-08-11T10:00:00,N,N4,138.99999999999997
2018-08-11T11:00:00,N,N4,137.00000000000003
2018-08-11T12:00:00,N,N4,129.99999999999997
2018-08-11T13:00:00,N,N4,119.99999999999996
2018-08-11T14:00:00,N,N4,116.0
2018-08-11T15:00:00,N,N4,116.0
2018-08-11T16:00:00,N,N4,119.00000000000004
2018-08-11T17:00:00,N,N4,177.99999999999997
2018-08-11T18:00:00,N,N4,195.99999999999991
2018-08-11T19:00:00,N,N4,167.00000000000006
2018-08-11T20:00:00,N,N4,147.99999999999994
2018-08-11T21:00:00,N,N4,119.99999999999996
2018-08-11T22:00:00,N,N4,115.0
2018-08-11T23:00:00,N,N4,104.0
2018-08-12T00:00:00,N,N4,104.0
2018-08-12T01:00:00,N,N4,99.0
2018-08-12T02:00:00,N,N4,95.0
2018-08-12T03:00:00,N,N4,95.0
2018-08-12T04:00:00,N,N4,95.0
2018-08-12T05:00:00,N,N4,95.0
2018-08-12T06:00:00,N,N4,105.99999999999996
2018-08-12T07:00:00,N,N4,117.00000000000004
2018-08-12T08:00:00,N,N4,117.00000000000004
2018-08-12T09:00:00,N,N4,122.99999999999994
2018-08-12T10:00:00,N,N4,122.99999999999994
2018-08-12T11:00:00,N,N4,127.99999999999996
2018-08-12T12:00:00,N,N4,127.99999999999996
2018-08-12T13:00:00,N,N4,108.99999999999989
2018-08-12T14:00:00,N,N4,104.0
2018-08-12T15:00:00,N,N4,104.99999999999996
2018-08-12T16:00:00,N,N4,104.99999999999996
2018-08-12T17:00:00,N,N4,166.00000000000006
2018-08-12T18:00:00,N,N4,176.99999999999994
2018-08-12T19:00:00,N,N4,147.99999999999994
2018-08-12T20:00:00,N,N4,131.99999999999997
2018-08-12T21:00:00,N,N4,106.99999999999996
2018-08-12T22:00:00,N,N4,101.99999999999996
2018-08-12T23:00:00,N,N4,97.0
2018-08-13T00:00:00,N,N4,96.0
2018-08-13T01:00:00,N,N4,96.0
2018-08-13T02:00:00,N,N4,87.0
2018-08-13T03:00:00,N,N4,87.0
2018-08-13T04:00:00,N,N4,88.99999999999999
2018-08-13T05:00:00,N,N4,104.0
2018-08-13T06:00:00,N,N4,125.00000000000004
2018-08-13T07:00:00,N,N4,127.0
2018-08-13T08:00:00,N,N4,129.99999999999997
2018-08-13T09:00:00,N,N4,131.99999999999997
2018-08-13T10:00:00,N,N4,136.00000000000006
2018-08-13T11:00:00,N,N4,149.0
2018-08-13T12:00:00,N,N4,139.99999999999994
2018-08-13T13:00:00,N,N4,128.99999999999997
2018-08-13T14:00:00,N,N4,121.00000000000004
2018-08-13T15:00:00,N,N4,131.99999999999997
2018-08-13T16:00:00,N,N4,137.00000000000003
2018-08-13T17:00:00,N,N4,189.00000000000003
2018-08-13T18:00:00,N,N4,205.00000000000009
2018-08-13T19:00:00,N,N4,175.99999999999991
2018-08-13T20:00:00,N,N4,161.99999999999994
2018-08-13T21:00:00,N,N4,127.0
2018-08-13T22:00:00,N,N4,124.00000000000004
2018-08-13T23:00:00,N,N4,108.99999999999996
2018-08-14T00:00:00,N,N4,101.00000000000004
2018-08-14T01:00:00,N,N4,100.00000000000004
2018-08-14T02:00:00,N,N4,99.0
2018-08-14T03:00:00,N,N4,99.0
2018-08-14T04:00:00,N,N4,102.00000000000004
2018-08-14T05:00:00,N,N4,115.0
2018-08-14T06:00:00,N,N4,136.00000000000006
2018-08-14T07:00:00,N,N4,130.99999999999994
2018-08-14T08:00:00,N,N4,141.00000000000003
2018-08-14T09:00:00,N,N4,133.99999999999997
2018-08-14T10:00:00,N,N4,141.00000000000003
2018-08-14T11:00:00,N,N4,149.0
2018-08-14T12:00:00,N,N4,138.99999999999997
2018-08-14T13:00:00,N,N4,121.00000000000004
2018-08-14T14:00:00,N,N4,125.00000000000004
2018-08-14T15:00:00,N,N4,124.00000000000004
2018-08-14T16:00:00,N,N4,142.00000000000003
2018-08-14T17:00:00,N,N4,199.99999999999991
2018-08-14T18:00:00,N,N4,207.0
2018-08-14T19:00:00,N,N4,166.00000000000006
2018-08-14T20:00:00,N,N4,144.0
2018-08-14T21:00:00,N,N4,133.99999999999997
2018-08-14T22:00:00,N,N4,119.00000000000004
2018-08-14T23:00:00,N,N4,108.99999999999996
2018-08-15T00:00:00,N,N4,103.0
2018-08-15T01:00:00,N,N4,97.0
2018-08-15T02:00:00,N,N4,97.0
2018-08-15T03:00:00,N,N4,97.0
2018-08-15T04:00:00,N,N4,97.0
2018-08-15T05:00:00,N,N4,97.0
2018-08-15T06:00:00,N,N4,121.00000000000004
2018-08-15T07:00:00,N,N4,131.99999999999997
2018-08-15T08:00:00,N,N4,144.99999999999997
2018-08-15T09:00:00,N,N4,133.0
2018-08-15T10:00:00,N,N4,139.99999999999994
2018-08-15T11:00:00,N,N4,147.99999999999994
2018-08-15T12:00:00,N,N4,135.00000000000003
2018-08-15T13:00:00,N,N4,126.0
2018-08-15T14:00:00,N,N4,119.99999999999996
2018-08-15T15:00:00,N,N4,118.00000000000004
2018-08-15T16:00:00,N,N4,146.0
2018-08-15T17:00:00,N,N4,201.0
2018-08-15T18:00:00,N,N4,201.0
2018-08-15T19:00:00,N,N4,167.00000000000006
2018-08-15T20:00:00,N,N4,142.00000000000003
2018-08-15T21:00:00,N,N4,127.0
2018-08-15T22:00:00,N,N4,116.0
2018-08-15T23:00:00,N,N4,116.0
2018-08-16T00:00:00,N,N4,116.0
2018-08-16T01:00:00,N,N4,101.00000000000004
2018-08-16T02:00:00,N,N4,100.00000000000004
2018-08-16T03:00:00,N,N4,100.00000000000004
2018-08-16T04:00:00,N,N4,100.00000000000004
2018-08-16T05:00:00,N,N4,100.00000000000004
2018-08-16T06:00:00,N,N4,129.99999999999997
2018-08-16T07:00:00,N,N4,131.99999999999997
2018-08-16T08:00:00,N,N4,137.00000000000003
2018-08-16T09:00:00,N,N4,138.00000000000006
2018-08-16T10:00:00,N,N4,142.99999999999994
2018-08-16T11:00:00,N,N4,155.00000000000003
2018-08-16T12:00:00,N,N4,142.99999999999994
2018-08-16T13:00:00,N,N4,121.00000000000004
2018-08-16T14:00:00,N,N4,128.99999999999997
2018-08-16T15:00:00,N,N4,125.00000000000004
2018-08-16T16:00:00,N,N4,139.99999999999994
2018-08-16T17:00:00,N,N4,203.0
2018-08-16T18:00:00,N,N4,203.0
2018-08-16T19:00:00,N,N4,173.00000000000006
2018-08-16T20:00:00,N,N4,149.0
2018-08-16T21:00:00,N,N4,128.99999999999997
2018-08-16T22:00:00,N,N4,124.00000000000004
2018-08-16T23:00:00,N,N4,114.00000000000004
2018-08-17T00:00:00,N,N4,103.0
2018-08-17T01:00:00,N,N4,103.0
2018-08-17T02:00:00,N,N4,100.00000000000004
2018-08-17T03:00:00,N,N4,100.00000000000004
2018-08-17T04:00:00,N,N4,100.00000000000004
2018-08-17T05:00:00,N,N4,100.00000000000004
2018-08-17T06:00:00,N,N4,137.00000000000003
2018-08-17T07:00:00,N,N4,133.0
2018-08-17T08:00:00,N,N4,146.0
2018-08-17T09:00:00,N,N4,146.99999999999997
2018-08-17T10:00:00,N,N4,152.99999999999997
2018-08-17T11:00:00,N,N4,159.0
2018-08-17T12:00:00,N,N4,149.0
2018-08-17T13:00:00,N,N4,126.0
2018-08-17T14:00:00,N,N4,133.99999999999997
2018-08-17T15:00:00,N,N4,133.0
2018-08-17T16:00:00,N,N4,138.99999999999997
2018-08-17T17:00:00,N,N4,171.00000000000009
2018-08-17T18:00:00,N,N4,206.00000000000003
2018-08-17T19:00:00,N,N4,206.00000000000003
2018-08-17T20:00:00,N,N4,149.99999999999997
2018-08-17T21:00:00,N,N4,125.00000000000004
2018-08-17T22:00:00,N,N4,114.00000000000004
2018-08-17T23:00:00,N,N4,104.0
2018-08-18T00:00:00,N,N4,104.0
2018-08-18T01:00:00,N,N4,99.0
2018-08-18T02:00:00,N,N4,96.99999999999991
2018-08-18T03:00:00,N,N4,86.91666666666667
2018-08-18T04:00:00,N,N4,87.08333333333333
2018-08-18T05:00:00,N,N4,104.0
2018-08-18T06:00:00,N,N4,128.99999999999997
2018-08-18T07:00:00,N,N4,141.00000000000003
2018-08-18T08:00:00,N,N4,137.00000000000003
2018-08-18T09:00:00,N,N4,137.00000000000003
2018-08-18T10:00:00,N,N4,144.99999999999997
2018-08-18T11:00:00,N,N4,138.00000000000006
2018-08-18T12:00:00,N,N4,124.00000000000004
2018-08-18T13:00:00,N,N4,114.00000000000004
2018-08-18T14:00:00,N,N4,111.99999999999996
2018-08-18T15:00:00,N,N4,110.99999999999996
2018-08-18T16:00:00,N,N4,122.00000000000004
2018-08-18T17:00:00,N,N4,171.00000000000009
2018-08-18T18:00:00,N,N4,190.0
2018-08-18T19:00:00,N,N4,166.00000000000006
2018-08-18T20:00:00,N,N4,139.99999999999994
2018-08-18T21:00:00,N,N4,127.0
2018-08-18T22:00:00,N,N4,117.00000000000004
2018-08-18T23:00:00,N,N4,102.00000000000004
2018-08-19T00:00:00,N,N4,96.99999999999991
2018-08-19T01:00:00,N,N4,97.0
2018-08-19T02:00:00,N,N4,95.0
2018-08-19T03:00:00,N,N4,95.0
2018-08-19T04:00:00,N,N4,95.0
2018-08-19T05:00:00,N,N4,95.0
2018-08-19T06:00:00,N,N4,106.99999999999996
2018-08-19T07:00:00,N,N4,110.00000000000004
2018-08-19T08:00:00,N,N4,121.00000000000004
2018-08-19T09:00:00,N,N4,124.00000000000004
2018-08-19T10:00:00,N,N4,131.99999999999997
2018-08-19T11:00:00,N,N4,136.00000000000006
2018-08-19T12:00:00,N,N4,121.00000000000004
2018-08-19T13:00:00,N,N4,104.99999999999996
2018-08-19T14:00:00,N,N4,100.00000000000004
2018-08-19T15:00:00,N,N4,100.00000000000004
2018-08-19T16:00:00,N,N4,100.00000000000004
2018-08-19T17:00:00,N,N4,159.0
2018-08-19T18:00:00,N,N4,159.0
2018-08-19T19:00:00,N,N4,149.99999999999997
2018-08-19T20:00:00,N,N4,117.00000000000004
2018-08-19T21:00:00,N,N4,106.99999999999996
2018-08-19T22:00:00,N,N4,96.0
2018-08-19T23:00:00,N,N4,85.99999999999997
2018-08-20T00:00:00,N,N4,79.99999999999997
2018-08-20T01:00:00,N,N4,79.99999999999997
2018-08-20T02:00:00,N,N4,79.99999999999997
2018-08-20T03:00:00,N,N4,79.99999999999997
2018-08-20T04:00:00,N,N4,79.99999999999997
2018-08-20T05:00:00,N,N4,79.99999999999997
2018-08-20T06:00:00,N,N4,103.0
2018-08-20T07:00:00,N,N4,108.00000000000004
2018-08-20T08:00:00,N,N4,118.00000000000004
2018-08-20T09:00:00,N,N4,122.99999999999994
2018-08-20T10:00:00,N,N4,130.99999999999994
2018-08-20T11:00:00,N,N4,133.0
2018-08-20T12:00:00,N,N4,122.99999999999994
2018-08-20T13:00:00,N,N4,108.00000000000004
2018-08-20T14:00:00,N,N4,116.0
2018-08-20T15:00:00,N,N4,122.99999999999994
2018-08-20T16:00:00,N,N4,138.99999999999997
2018-08-20T17:00:00,N,N4,176.99999999999994
2018-08-20T18:00:00,N,N4,164.99999999999994
2018-08-20T19:00:00,N,N4,144.0
2018-08-20T20:00:00,N,N4,119.00000000000004
2018-08-20T21:00:00,N,N4,104.99999999999996
2018-08-20T22:00:00,N,N4,93.00000000000004
2018-08-20T23:00:00,N,N4,88.00000000000003
2018-08-21T00:00:00,N,N4,83.00000000000003
2018-08-21T01:00:00,N,N4,83.00000000000003
2018-08-21T02:00:00,N,N4,83.00000000000003
2018-08-21T03:00:00,N,N4,83.00000000000003
2018-08-21T04:00:00,N,N4,83.00000000000003
2018-08-21T05:00:00,N,N4,83.00000000000003
2018-08-21T06:00:00,N,N4,85.00000000000001
2018-08-21T07:00:00,N,N4,99.0
2018-08-21T08:00:00,N,N4,111.99999999999996
2018-08-21T09:00:00,N,N4,127.0
2018-08-21T10:00:00,N,N4,126.0
2018-08-21T11:00:00,N,N4,136.00000000000006
2018-08-21T12:00:00,N,N4,124.00000000000004
2018-08-21T13:00:00,N,N4,110.00000000000004
2018-08-21T14:00:00,N,N4,110.99999999999996
2018-08-21T15:00:00,N,N4,114.00000000000004
2018-08-21T16:00:00,N,N4,139.99999999999994
2018-08-21T17:00:00,N,N4,175.99999999999991
2018-08-21T18:00:00,N,N4,170.00000000000006
2018-08-21T19:00:00,N,N4,144.99999999999997
2018-08-21T20:00:00,N,N4,124.00000000000004
2018-08-21T21:00:00,N,N4,104.0
2018-08-21T22:00:00,N,N4,98.00000000000004
2018-08-21T23:00:00,N,N4,94.0
2018-08-22T00:00:00,N,N4,88.00000000000003
2018-08-22T01:00:00,N,N4,83.00000000000003
2018-08-22T02:00:00,N,N4,83.00000000000003
2018-08-22T03:00:00,N,N4,83.00000000000003
2018-08-22T04:00:00,N,N4,83.00000000000003
2018-08-22T05:00:00,N,N4,88.00000000000003
2018-08-22T06:00:00,N,N4,116.0
2018-08-22T07:00:00,N,N4,118.00000000000004
2018-08-22T08:00:00,N,N4,131.99999999999997
2018-08-22T09:00:00,N,N4,133.0
2018-08-22T10:00:00,N,N4,135.00000000000003
2018-08-22T11:00:00,N,N4,146.0
2018-08-22T12:00:00,N,N4,131.99999999999997
2018-08-22T13:00:00,N,N4,111.99999999999996
2018-08-22T14:00:00,N,N4,121.00000000000004
2018-08-22T15:00:00,N,N4,116.0
2018-08-22T16:00:00,N,N4,125.00000000000004
2018-08-22T17:00:00,N,N4,175.99999999999991
2018-08-22T18:00:00,N,N4,175.00000000000009
2018-08-22T19:00:00,N,N4,156.0
2018-08-22T20:00:00,N,N4,133.99999999999997
2018-08-22T21:00:00,N,N4,108.00000000000004
2018-08-22T22:00:00,N,N4,98.00000000000004
2018-08-22T23:00:00,N,N4,93.00000000000004
2018-08-23T00:00:00,N,N4,88.00000000000003
2018-08-23T01:00:00,N,N4,83.00000000000003
2018-08-23T02:00:00,N,N4,83.00000000000003
2018-08-23T03:00:00,N,N4,83.00000000000003
2018-08-23T04:00:00,N,N4,83.00000000000003
2018-08-23T05:00:00,N,N4,88.00000000000003
2018-08-23T06:00:00,N,N4,114.00000000000004
2018-08-23T07:00:00,N,N4,119.00000000000004
2018-08-23T08:00:00,N,N4,125.83333333333336
2018-08-23T09:00:00,N,N4,125.91666666666669
2018-08-23T10:00:00,N,N4,127.75
2018-08-23T11:00:00,N,N4,140.99999999999997
2018-08-23T12:00:00,N,N4,129.25
2018-08-23T13:00:00,N,N4,116.83333333333331
2018-08-23T14:00:00,N,N4,119.58333333333331
2018-08-23T15:00:00,N,N4,110.99999999999996
2018-08-23T16:00:00,N,N4,119.99999999999996
2018-08-23T17:00:00,N,N4,184.99999999999991
2018-08-23T18:00:00,N,N4,184.99999999999991
2018-08-23T19:00:00,N,N4,147.99999999999994
2018-08-23T20:00:00,N,N4,118.00000000000004
2018-08-23T21:00:00,N,N4,103.0
2018-08-23T22:00:00,N,N4,98.00000000000004
2018-08-23T23:00:00,N,N4,93.00000000000004
2018-08-24T00:00:00,N,N4,88.00000000000003
2018-08-24T01:00:00,N,N4,88.00000000000003
2018-08-24T02:00:00,N,N4,88.00000000000003
2018-08-24T03:00:00,N,N4,88.00000000000003
2018-08-24T04:00:00,N,N4,88.00000000000003
2018-08-24T05:00:00,N,N4,83.00000000000003
2018-08-24T06:00:00,N,N4,110.99999999999996
2018-08-24T07:00:00,N,N4,110.99999999999996
2018-08-24T08:00:00,N,N4,126.0
2018-08-24T09:00:00,N,N4,127.0
2018-08-24T10:00:00,N,N4,127.99999999999996
2018-08-24T11:00:00,N,N4,143.00000000000009
2018-08-24T12:00:00,N,N4,122.00000000000004
2018-08-24T13:00:00,N,N4,99.0
2018-08-24T14:00:00,N,N4,108.00000000000004
2018-08-24T15:00:00,N,N4,116.0
2018-08-24T16:00:00,N,N4,119.99999999999996
2018-08-24T17:00:00,N,N4,171.83333333333334
2018-08-24T18:00:00,N,N4,186.38835118516167
2018-08-24T19:00:00,N,N4,151.0
2018-08-24T20:00:00,N,N4,130.99999999999994
2018-08-24T21:00:00,N,N4,111.99999999999996
2018-08-24T22:00:00,N,N4,96.0
2018-08-24T23:00:00,N,N4,92.0
2018-08-25T00:00:00,N,N4,85.99999999999997
2018-08-25T01:00:00,N,N4,85.99999999999997
2018-08-25T02:00:00,N,N4,85.99999999999997
2018-08-25T03:00:00,N,N4,86.00000000000004
2018-08-25T04:00:00,N,N4,85.99999999999997
2018-08-25T05:00:00,N,N4,85.99999999999997
2018-08-25T06:00:00,N,N4,108.99999999999989
2018-08-25T07:00:00,N,N4,119.99999999999996
2018-08-25T08:00:00,N,N4,125.00000000000004
2018-08-25T09:00:00,N,N4,125.00000000000004
2018-08-25T10:00:00,N,N4,125.00000000000004
2018-08-25T11:00:00,N,N4,141.00000000000003
2018-08-25T12:00:00,N,N4,141.00000000000003
2018-08-25T13:00:00,N,N4,108.00000000000004
2018-08-25T14:00:00,N,N4,103.0
2018-08-25T15:00:00,N,N4,106.99999999999996
2018-08-25T16:00:00,N,N4,118.00000000000004
2018-08-25T17:00:00,N,N4,159.99999999999994
2018-08-25T18:00:00,N,N4,180.0
2018-08-25T19:00:00,N,N4,155.00000000000003
2018-08-25T20:00:00,N,N4,130.99999999999994
2018-08-25T21:00:00,N,N4,119.99999999999996
2018-08-25T22:00:00,N,N4,110.00000000000004
2018-08-25T23:00:00,N,N4,100.00000000000004
2018-08-26T00:00:00,N,N4,100.00000000000004
2018-08-26T01:00:00,N,N4,90.0
2018-08-26T02:00:00,N,N4,90.0
2018-08-26T03:00:00,N,N4,90.0
2018-08-26T04:00:00,N,N4,90.0
2018-08-26T05:00:00,N,N4,90.0
2018-08-26T06:00:00,N,N4,105.99999999999996
2018-08-26T07:00:00,N,N4,110.99999999999996
2018-08-26T08:00:00,N,N4,110.99999999999996
2018-08-26T09:00:00,N,N4,110.99999999999996
2018-08-26T10:00:00,N,N4,117.00000000000004
2018-08-26T11:00:00,N,N4,117.00000000000004
2018-08-26T12:00:00,N,N4,111.99999999999996
2018-08-26T13:00:00,N,N4,90.99999999999996
2018-08-26T14:00:00,N,N4,81.00000000000003
2018-08-26T15:00:00,N,N4,88.99999999999999
2018-08-26T16:00:00,N,N4,88.99999999999999
2018-08-26T17:00:00,N,N4,144.99999999999997
2018-08-26T18:00:00,N,N4,154.00000000000006
2018-08-26T19:00:00,N,N4,138.99999999999997
2018-08-26T20:00:00,N,N4,119.99999999999996
2018-08-26T21:00:00,N,N4,104.99999999999996
2018-08-26T22:00:00,N,N4,100.00000000000004
2018-08-26T23:00:00,N,N4,95.0
2018-08-27T00:00:00,N,N4,90.0
2018-08-27T01:00:00,N,N4,90.0
2018-08-27T02:00:00,N,N4,90.0
2018-08-27T03:00:00,N,N4,90.0
2018-08-27T04:00:00,N,N4,90.0
2018-08-27T05:00:00,N,N4,100.00000000000004
2018-08-27T06:00:00,N,N4,121.00000000000004
2018-08-27T07:00:00,N,N4,116.0
2018-08-27T08:00:00,N,N4,131.99999999999997
2018-08-27T09:00:00,N,N4,129.99999999999997
2018-08-27T10:00:00,N,N4,133.0
2018-08-27T11:00:00,N,N4,135.00000000000003
2018-08-27T12:00:00,N,N4,125.00000000000004
2018-08-27T13:00:00,N,N4,110.00000000000004
2018-08-27T14:00:00,N,N4,113.00000000000004
2018-08-27T15:00:00,N,N4,117.00000000000004
2018-08-27T16:00:00,N,N4,117.00000000000004
2018-08-27T17:00:00,N,N4,171.00000000000009
2018-08-27T18:00:00,N,N4,197.0
2018-08-27T19:00:00,N,N4,171.00000000000009
2018-08-27T20:00:00,N,N4,136.00000000000006
2018-08-27T21:00:00,N,N4,118.00000000000004
2018-08-27T22:00:00,N,N4,99.0
2018-08-27T23:00:00,N,N4,90.0
2018-08-28T00:00:00,N,N4,85.00000000000001
2018-08-28T01:00:00,N,N4,85.00000000000001
2018-08-28T02:00:00,N,N4,85.00000000000001
2018-08-28T03:00:00,N,N4,85.00000000000001
2018-08-28T04:00:00,N,N4,85.00000000000001
2018-08-28T05:00:00,N,N4,95.0
2018-08-28T06:00:00,N,N4,117.00000000000004
2018-08-28T07:00:00,N,N4,117.00000000000004
2018-08-28T08:00:00,N,N4,122.00000000000004
2018-08-28T09:00:00,N,N4,126.0
2018-08-28T10:00:00,N,N4,131.99999999999997
2018-08-28T11:00:00,N,N4,138.99999999999997
2018-08-28T12:00:00,N,N4,127.99999999999996
2018-08-28T13:00:00,N,N4,110.99999999999996
2018-08-28T14:00:00,N,N4,119.00000000000004
2018-08-28T15:00:00,N,N4,118.00000000000004
2018-08-28T16:00:00,N,N4,127.99999999999996
2018-08-28T17:00:00,N,N4,159.0
2018-08-28T18:00:00,N,N4,188.0
2018-08-28T19:00:00,N,N4,170.0000000000002
2018-08-28T20:00:00,N,N4,139.99999999999994
2018-08-28T21:00:00,N,N4,115.0
2018-08-28T22:00:00,N,N4,104.0
2018-08-28T23:00:00,N,N4,99.0
2018-08-29T00:00:00,N,N4,90.99999999999996
2018-08-29T01:00:00,N,N4,90.0
2018-08-29T02:00:00,N,N4,88.00000000000003
2018-08-29T03:00:00,N,N4,88.00000000000003
2018-08-29T04:00:00,N,N4,88.99999999999999
2018-08-29T05:00:00,N,N4,106.99999999999996
2018-08-29T06:00:00,N,N4,117.00000000000004
2018-08-29T07:00:00,N,N4,117.00000000000004
2018-08-29T08:00:00,N,N4,119.99999999999996
2018-08-29T09:00:00,N,N4,130.99999999999994
2018-08-29T10:00:00,N,N4,142.00000000000003
2018-08-29T11:00:00,N,N4,149.0
2018-08-29T12:00:00,N,N4,135.00000000000003
2018-08-29T13:00:00,N,N4,119.99999999999996
2018-08-29T14:00:00,N,N4,129.99999999999997
2018-08-29T15:00:00,N,N4,118.00000000000004
2018-08-29T16:00:00,N,N4,133.99999999999997
2018-08-29T17:00:00,N,N4,156.99999999999994
2018-08-29T18:00:00,N,N4,193.0
2018-08-29T19:00:00,N,N4,167.99999999999997
2018-08-29T20:00:00,N,N4,144.0
2018-08-29T21:00:00,N,N4,119.00000000000004
2018-08-29T22:00:00,N,N4,108.99999999999996
2018-08-29T23:00:00,N,N4,100.00000000000004
2018-08-30T00:00:00,N,N4,98.00000000000004
2018-08-30T01:00:00,N,N4,93.00000000000004
2018-08-30T02:00:00,N,N4,93.00000000000004
2018-08-30T03:00:00,N,N4,93.00000000000004
2018-08-30T04:00:00,N,N4,94.0
2018-08-30T05:00:00,N,N4,98.00000000000004
2018-08-30T06:00:00,N,N4,118.00000000000004
2018-08-30T07:00:00,N,N4,116.0
2018-08-30T08:00:00,N,N4,125.00000000000004
2018-08-30T09:00:00,N,N4,133.0
2018-08-30T10:00:00,N,N4,133.0
2018-08-30T11:00:00,N,N4,147.99999999999994
2018-08-30T12:00:00,N,N4,130.99999999999994
2018-08-30T13:00:00,N,N4,122.99999999999994
2018-08-30T14:00:00,N,N4,126.0
2018-08-30T15:00:00,N,N4,126.0
2018-08-30T16:00:00,N,N4,128.99999999999997
2018-08-30T17:00:00,N,N4,156.99999999999994
2018-08-30T18:00:00,N,N4,184.99999999999991
2018-08-30T19:00:00,N,N4,184.99999999999991
2018-08-30T20:00:00,N,N4,149.99999999999997
2018-08-30T21:00:00,N,N4,127.0
2018-08-30T22:00:00,N,N4,116.0
2018-08-30T23:00:00,N,N4,105.99999999999996
2018-08-31T00:00:00,N,N4,101.00000000000004
2018-08-31T01:00:00,N,N4,100.00000000000004
2018-08-31T02:00:00,N,N4,95.0
2018-08-31T03:00:00,N,N4,92.0
2018-08-31T04:00:00,N,N4,93.00000000000004
2018-08-31T05:00:00,N,N4,98.00000000000004
2018-08-31T06:00:00,N,N4,108.00000000000004
2018-08-31T07:00:00,N,N4,108.99999999999996
2018-08-31T08:00:00,N,N4,118.00000000000004
2018-08-31T09:00:00,N,N4,118.00000000000004
2018-08-31T10:00:00,N,N4,125.00000000000004
2018-08-31T11:00:00,N,N4,129.99999999999997
2018-08-31T12:00:00,N,N4,122.99999999999994
2018-08-31T13:00:00,N,N4,122.99999999999994
2018-08-31T14:00:00,N,N4,110.00000000000004
2018-08-31T15:00:00,N,N4,104.99999999999996
2018-08-31T16:00:00,N,N4,126.008249984022
2018-08-31T17:00:00,N,N4,174.0
2018-08-31T18:00:00,N,N4,180.0
2018-08-31T19:00:00,N,N4,149.0
2018-08-31T20:00:00,N,N4,127.99999999999996
2018-08-31T21:00:00,N,N4,108.00000000000004
2018-08-31T22:00:00,N,N4,101.99999999999996
2018-08-31T23:00:00,N,N4,92.0
2018-09-01T00:00:00,N,N4,85.99999999999997
2018-09-01T01:00:00,N,N4,85.99999999999997
2018-09-01T02:00:00,N,N4,85.00000000000001
2018-09-01T03:00:00,N,N4,85.00000000000001
2018-09-01T04:00:00,N,N4,85.00000000000001
2018-09-01T05:00:00,N,N4,85.00000000000001
2018-09-01T06:00:00,N,N4,104.99999999999996
2018-09-01T07:00:00,N,N4,111.99999999999996
2018-09-01T08:00:00,N,N4,122.00000000000004
2018-09-01T09:00:00,N,N4,116.0
2018-09-01T10:00:00,N,N4,124.00000000000004
2018-09-01T11:00:00,N,N4,128.99999999999997
2018-09-01T12:00:00,N,N4,119.00000000000004
2018-09-01T13:00:00,N,N4,103.0
2018-09-01T14:00:00,N,N4,101.99999999999996
2018-09-01T15:00:00,N,N4,108.99999999999996
2018-09-01T16:00:00,N,N4,122.00000000000004
2018-09-01T17:00:00,N,N4,142.99999999999994
2018-09-01T18:00:00,N,N4,141.00000000000003
2018-09-01T19:00:00,N,N4,116.0
2018-09-01T20:00:00,N,N4,101.00000000000004
2018-09-01T21:00:00,N,N4,90.99999999999996
2018-09-01T22:00:00,N,N4,85.99999999999997
2018-09-01T23:00:00,N,N4,81.00000000000003
2018-09-02T00:00:00,N,N4,76.0
2018-09-02T01:00:00,N,N4,76.0
2018-09-02T02:00:00,N,N4,76.0
2018-09-02T03:00:00,N,N4,76.0
2018-09-02T04:00:00,N,N4,76.0
2018-09-02T05:00:00,N,N4,76.0
2018-09-02T06:00:00,N,N4,85.99999999999997
2018-09-02T07:00:00,N,N4,97.0
2018-09-02T08:00:00,N,N4,106.99999999999996
2018-09-02T09:00:00,N,N4,119.99999999999996
2018-09-02T10:00:00,N,N4,124.00000000000004
2018-09-02T11:00:00,N,N4,129.99999999999997
2018-09-02T12:00:00,N,N4,113.00000000000004
2018-09-02T13:00:00,N,N4,103.0
2018-09-02T14:00:00,N,N4,94.0
2018-09-02T15:00:00,N,N4,93.00000000000004
2018-09-02T16:00:00,N,N4,110.00000000000004
2018-09-02T17:00:00,N,N4,139.99999999999994
2018-09-02T18:00:00,N,N4,146.0
2018-09-02T19:00:00,N,N4,130.99999999999994
2018-09-02T20:00:00,N,N4,106.99999999999996
2018-09-02T21:00:00,N,N4,97.0
2018-09-02T22:00:00,N,N4,90.99999999999996
2018-09-02T23:00:00,N,N4,85.99999999999997
2018-09-03T00:00:00,N,N4,81.00000000000003
2018-09-03T01:00:00,N,N4,81.00000000000003
2018-09-03T02:00:00,N,N4,81.00000000000003
2018-09-03T03:00:00,N,N4,81.00000000000003
2018-09-03T04:00:00,N,N4,81.00000000000003
2018-09-03T05:00:00,N,N4,85.99999999999997
2018-09-03T06:00:00,N,N4,101.99999999999996
2018-09-03T07:00:00,N,N4,108.00000000000004
2018-09-03T08:00:00,N,N4,119.99999999999996
2018-09-03T09:00:00,N,N4,121.00000000000004
2018-09-03T10:00:00,N,N4,133.0
2018-09-03T11:00:00,N,N4,129.99999999999997
2018-09-03T12:00:00,N,N4,116.0
2018-09-03T13:00:00,N,N4,101.99999999999996
2018-09-03T14:00:00,N,N4,97.0
2018-09-03T15:00:00,N,N4,103.0
2018-09-03T16:00:00,N,N4,103.0
2018-09-03T17:00:00,N,N4,146.99999999999997
2018-09-03T18:00:00,N,N4,175.99999999999991
2018-09-03T19:00:00,N,N4,175.99999999999991
2018-09-03T20:00:00,N,N4,122.00000000000004
2018-09-03T21:00:00,N,N4,100.00000000000004
2018-09-03T22:00:00,N,N4,88.99999999999999
2018-09-03T23:00:00,N,N4,83.00000000000003
2018-09-04T00:00:00,N,N4,83.00000000000003
2018-09-04T01:00:00,N,N4,78.0
2018-09-04T02:00:00,N,N4,78.0
2018-09-04T03:00:00,N,N4,78.0
2018-09-04T04:00:00,N,N4,78.0
2018-09-04T05:00:00,N,N4,88.99999999999999
2018-09-04T06:00:00,N,N4,110.00000000000004
2018-09-04T07:00:00,N,N4,115.0
2018-09-04T08:00:00,N,N4,119.99999999999996
2018-09-04T09:00:00,N,N4,119.00000000000004
2018-09-04T10:00:00,N,N4,126.0
2018-09-04T11:00:00,N,N4,131.99999999999997
2018-09-04T12:00:00,N,N4,118.00000000000004
2018-09-04T13:00:00,N,N4,100.00000000000004
2018-09-04T14:00:00,N,N4,101.99999999999996
2018-09-04T15:00:00,N,N4,104.0
2018-09-04T16:00:00,N,N4,108.99999999999996
2018-09-04T17:00:00,N,N4,122.00000000000004
2018-09-04T18:00:00,N,N4,175.99999999999991
2018-09-04T19:00:00,N,N4,152.99999999999997
2018-09-04T20:00:00,N,N4,135.00000000000003
2018-09-04T21:00:00,N,N4,108.00000000000004
2018-09-04T22:00:00,N,N4,97.0
2018-09-04T23:00:00,N,N4,87.0
2018-09-05T00:00:00,N,N4,82.00000000000001
2018-09-05T01:00:00,N,N4,82.00000000000001
2018-09-05T02:00:00,N,N4,82.00000000000001
2018-09-05T03:00:00,N,N4,82.00000000000001
2018-09-05T04:00:00,N,N4,82.00000000000001
2018-09-05T05:00:00,N,N4,88.00000000000003
2018-09-05T06:00:00,N,N4,116.0
2018-09-05T07:00:00,N,N4,117.00000000000004
2018-09-05T08:00:00,N,N4,122.99999999999994
2018-09-05T09:00:00,N,N4,121.00000000000004
2018-09-05T10:00:00,N,N4,127.0
2018-09-05T11:00:00,N,N4,136.00000000000006
2018-09-05T12:00:00,N,N4,119.00000000000004
2018-09-05T13:00:00,N,N4,101.99999999999996
2018-09-05T14:00:00,N,N4,110.00000000000004
2018-09-05T15:00:00,N,N4,103.0
2018-09-05T16:00:00,N,N4,110.99999999999996
2018-09-05T17:00:00,N,N4,149.99999999999997
2018-09-05T18:00:00,N,N4,183.00000000000009
2018-09-05T19:00:00,N,N4,159.0
2018-09-05T20:00:00,N,N4,133.99999999999997
2018-09-05T21:00:00,N,N4,113.00000000000004
2018-09-05T22:00:00,N,N4,97.0
2018-09-05T23:00:00,N,N4,90.99999999999996
2018-09-06T00:00:00,N,N4,85.00000000000001
2018-09-06T01:00:00,N,N4,85.00000000000001
2018-09-06T02:00:00,N,N4,85.00000000000001
2018-09-06T03:00:00,N,N4,85.00000000000001
2018-09-06T04:00:00,N,N4,85.00000000000001
2018-09-06T05:00:00,N,N4,90.0
2018-09-06T06:00:00,N,N4,116.0
2018-09-06T07:00:00,N,N4,110.99999999999996
2018-09-06T08:00:00,N,N4,122.00000000000004
2018-09-06T09:00:00,N,N4,116.0
2018-09-06T10:00:00,N,N4,124.00000000000004
2018-09-06T11:00:00,N,N4,128.99999999999997
2018-09-06T12:00:00,N,N4,121.00000000000004
2018-09-06T13:00:00,N,N4,105.99999999999996
2018-09-06T14:00:00,N,N4,113.00000000000004
2018-09-06T15:00:00,N,N4,114.00000000000004
2018-09-06T16:00:00,N,N4,119.99999999999996
2018-09-06T17:00:00,N,N4,130.99999999999994
2018-09-06T18:00:00,N,N4,187.99999999999983
2018-09-06T19:00:00,N,N4,149.99999999999997
2018-09-06T20:00:00,N,N4,135.00000000000003
2018-09-06T21:00:00,N,N4,115.0
2018-09-06T22:00:00,N,N4,99.0
2018-09-06T23:00:00,N,N4,94.0
2018-09-07T00:00:00,N,N4,90.0
2018-09-07T01:00:00,N,N4,85.00000000000001
2018-09-07T02:00:00,N,N4,85.00000000000001
2018-09-07T03:00:00,N,N4,85.00000000000001
2018-09-07T04:00:00,N,N4,87.0
2018-09-07T05:00:00,N,N4,95.0
2018-09-07T06:00:00,N,N4,115.0
2018-09-07T07:00:00,N,N4,118.00000000000004
2018-09-07T08:00:00,N,N4,131.99999999999997
2018-09-07T09:00:00,N,N4,130.99999999999994
2018-09-07T10:00:00,N,N4,142.00000000000003
2018-09-07T11:00:00,N,N4,142.99999999999994
2018-09-07T12:00:00,N,N4,127.0
2018-09-07T13:00:00,N,N4,113.00000000000004
2018-09-07T14:00:00,N,N4,119.99999999999996
2018-09-07T15:00:00,N,N4,115.0
2018-09-07T16:00:00,N,N4,126.0
2018-09-07T17:00:00,N,N4,127.0
2018-09-07T18:00:00,N,N4,182.0000000000001
2018-09-07T19:00:00,N,N4,155.00000000000003
2018-09-07T20:00:00,N,N4,128.99999999999997
2018-09-07T21:00:00,N,N4,111.99999999999996
2018-09-07T22:00:00,N,N4,105.99999999999996
2018-09-07T23:00:00,N,N4,95.0
2018-09-08T00:00:00,N,N4,90.0
2018-09-08T01:00:00,N,N4,88.99999999999999
2018-09-08T02:00:00,N,N4,87.0
2018-09-08T03:00:00,N,N4,87.0
2018-09-08T04:00:00,N,N4,87.0
2018-09-08T05:00:00,N,N4,90.0
2018-09-08T06:00:00,N,N4,110.99999999999996
2018-09-08T07:00:00,N,N4,115.0
2018-09-08T08:00:00,N,N4,115.0
2018-09-08T09:00:00,N,N4,122.99999999999994
2018-09-08T10:00:00,N,N4,121.00000000000004
2018-09-08T11:00:00,N,N4,130.99999999999994
2018-09-08T12:00:00,N,N4,130.99999999999994
2018-09-08T13:00:00,N,N4,106.99999999999996
2018-09-08T14:00:00,N,N4,110.00000000000004
2018-09-08T15:00:00,N,N4,110.00000000000004
2018-09-08T16:00:00,N,N4,115.0
2018-09-08T17:00:00,N,N4,130.99999999999994
2018-09-08T18:00:00,N,N4,177.99999999999997
2018-09-08T19:00:00,N,N4,167.00000000000006
2018-09-08T20:00:00,N,N4,130.99999999999994
2018-09-08T21:00:00,N,N4,117.00000000000004
2018-09-08T22:00:00,N,N4,104.0
2018-09-08T23:00:00,N,N4,95.0
2018-09-09T00:00:00,N,N4,90.0
2018-09-09T01:00:00,N,N4,90.0
2018-09-09T02:00:00,N,N4,90.0
2018-09-09T03:00:00,N,N4,87.0
2018-09-09T04:00:00,N,N4,87.0
2018-09-09T05:00:00,N,N4,94.0
2018-09-09T06:00:00,N,N4,99.0
2018-09-09T07:00:00,N,N4,114.00000000000004
2018-09-09T08:00:00,N,N4,108.99999999999996
2018-09-09T09:00:00,N,N4,108.99999999999996
2018-09-09T10:00:00,N,N4,108.99999999999996
2018-09-09T11:00:00,N,N4,118.00000000000004
2018-09-09T12:00:00,N,N4,118.00000000000004
2018-09-09T13:00:00,N,N4,118.00000000000004
2018-09-09T14:00:00,N,N4,98.00000000000004
2018-09-09T15:00:00,N,N4,98.00000000000004
2018-09-09T16:00:00,N,N4,103.0
2018-09-09T17:00:00,N,N4,125.00000000000004
2018-09-09T18:00:00,N,N4,164.99999999999994
2018-09-09T19:00:00,N,N4,155.00000000000003
2018-09-09T20:00:00,N,N4,129.99999999999997
2018-09-09T21:00:00,N,N4,110.00000000000004
2018-09-09T22:00:00,N,N4,101.00000000000004
2018-09-09T23:00:00,N,N4,96.0
2018-09-10T00:00:00,N,N4,90.0
2018-09-10T01:00:00,N,N4,90.0
2018-09-10T02:00:00,N,N4,90.0
2018-09-10T03:00:00,N,N4,85.00000000000001
2018-09-10T04:00:00,N,N4,90.0
2018-09-10T05:00:00,N,N4,101.00000000000004
2018-09-10T06:00:00,N,N4,121.00000000000004
2018-09-10T07:00:00,N,N4,116.0
2018-09-10T08:00:00,N,N4,116.0
2018-09-10T09:00:00,N,N4,125.00000000000004
2018-09-10T10:00:00,N,N4,127.0
2018-09-10T11:00:00,N,N4,142.99999999999994
2018-09-10T12:00:00,N,N4,127.99999999999996
2018-09-10T13:00:00,N,N4,110.99999999999996
2018-09-10T14:00:00,N,N4,125.00000000000004
2018-09-10T15:00:00,N,N4,118.00000000000004
2018-09-10T16:00:00,N,N4,122.00000000000004
2018-09-10T17:00:00,N,N4,144.0
2018-09-10T18:00:00,N,N4,184.99999999999991
2018-09-10T19:00:00,N,N4,169.0
2018-09-10T20:00:00,N,N4,138.99999999999997
2018-09-10T21:00:00,N,N4,115.0
2018-09-10T22:00:00,N,N4,104.99999999999996
2018-09-10T23:00:00,N,N4,95.0
2018-09-11T00:00:00,N,N4,90.0
2018-09-11T01:00:00,N,N4,90.0
2018-09-11T02:00:00,N,N4,88.00000000000003
2018-09-11T03:00:00,N,N4,88.00000000000003
2018-09-11T04:00:00,N,N4,88.00000000000003
2018-09-11T05:00:00,N,N4,98.00000000000004
2018-09-11T06:00:00,N,N4,121.00000000000004
2018-09-11T07:00:00,N,N4,119.99999999999996
2018-09-11T08:00:00,N,N4,127.0
2018-09-11T09:00:00,N,N4,127.0
2018-09-11T10:00:00,N,N4,138.00000000000006
2018-09-11T11:00:00,N,N4,149.99999999999997
2018-09-11T12:00:00,N,N4,122.99999999999994
2018-09-11T13:00:00,N,N4,113.00000000000004
2018-09-11T14:00:00,N,N4,118.00000000000004
2018-09-11T15:00:00,N,N4,115.0
2018-09-11T16:00:00,N,N4,122.00000000000004
2018-09-11T17:00:00,N,N4,152.0
2018-09-11T18:00:00,N,N4,187.00000000000003
2018-09-11T19:00:00,N,N4,173.00000000000006
2018-09-11T20:00:00,N,N4,152.99999999999997
2018-09-11T21:00:00,N,N4,127.99999999999996
2018-09-11T22:00:00,N,N4,117.00000000000011
2018-09-11T23:00:00,N,N4,106.99999999999996
2018-09-12T00:00:00,N,N4,101.99999999999996
2018-09-12T01:00:00,N,N4,96.99999999999991
2018-09-12T02:00:00,N,N4,96.99999999999991
2018-09-12T03:00:00,N,N4,97.0
2018-09-12T04:00:00,N,N4,96.99999999999991
2018-09-12T05:00:00,N,N4,97.0
2018-09-12T06:00:00,N,N4,119.27683801671394
2018-09-12T07:00:00,N,N4,127.0
2018-09-12T08:00:00,N,N4,129.99999999999997
2018-09-12T09:00:00,N,N4,122.00000000000004
2018-09-12T10:00:00,N,N4,139.99999999999994
2018-09-12T11:00:00,N,N4,151.0
2018-09-12T12:00:00,N,N4,127.99999999999996
2018-09-12T13:00:00,N,N4,121.00000000000004
2018-09-12T14:00:00,N,N4,131.99999999999997
2018-09-12T15:00:00,N,N4,85.00000000000001
2018-09-12T16:00:00,N,N4,139.99999999999994
2018-09-12T17:00:00,N,N4,171.99999999999994
2018-09-12T18:00:00,N,N4,194.00000000000003
2018-09-12T19:00:00,N,N4,169.0
2018-09-12T20:00:00,N,N4,149.0
2018-09-12T21:00:00,N,N4,127.99999999999996
2018-09-12T22:00:00,N,N4,117.00000000000004
2018-09-12T23:00:00,N,N4,110.99999999999996
2018-09-13T00:00:00,N,N4,105.99999999999996
2018-09-13T01:00:00,N,N4,97.0
2018-09-13T02:00:00,N,N4,96.0
2018-09-13T03:00:00,N,N4,96.0
2018-09-13T04:00:00,N,N4,96.0
2018-09-13T05:00:00,N,N4,96.0
2018-09-13T06:00:00,N,N4,104.99999999999996
2018-09-13T07:00:00,N,N4,108.00000000000004
2018-09-13T08:00:00,N,N4,125.00000000000004
2018-09-13T09:00:00,N,N4,127.0
2018-09-13T10:00:00,N,N4,124.00000000000004
2018-09-13T11:00:00,N,N4,139.99999999999994
2018-09-13T12:00:00,N,N4,117.00000000000004
2018-09-13T13:00:00,N,N4,98.00000000000004
2018-09-13T14:00:00,N,N4,104.0
2018-09-13T15:00:00,N,N4,104.0
2018-09-13T16:00:00,N,N4,119.00000000000004
2018-09-13T17:00:00,N,N4,161.99999999999994
2018-09-13T18:00:00,N,N4,149.0
2018-09-13T19:00:00,N,N4,130.99999999999994
2018-09-13T20:00:00,N,N4,107.5582450764734
2018-09-13T21:00:00,N,N4,83.54395210010772
2018-09-13T22:00:00,N,N4,69.55999944805338
2018-09-13T23:00:00,N,N4,57.99999999999999
2018-09-14T00:00:00,N,N4,57.70491114992568
2018-09-14T01:00:00,N,N4,59.00899136791151
2018-09-14T02:00:00,N,N4,61.21608947838581
2018-09-14T03:00:00,N,N4,64.6070744909086
2018-09-14T04:00:00,N,N4,68.41914145805272
2018-09-14T05:00:00,N,N4,77.22460506586803
2018-09-14T06:00:00,N,N4,97.57087589573864
2018-09-14T07:00:00,N,N4,104.6654134266542
2018-09-14T08:00:00,N,N4,117.00000000000004
2018-09-14T09:00:00,N,N4,127.0
2018-09-14T10:00:00,N,N4,127.0
2018-09-14T11:00:00,N,N4,135.00000000000003
2018-09-14T12:00:00,N,N4,119.99999999999996
2018-09-14T13:00:00,N,N4,104.0
2018-09-14T14:00:00,N,N4,115.0
2018-09-14T15:00:00,N,N4,113.00000000000004
2018-09-14T16:00:00,N,N4,117.00000000000004
2018-09-14T17:00:00,N,N4,187.00000000000003
2018-09-14T18:00:00,N,N4,187.00000000000003
2018-09-14T19:00:00,N,N4,146.0
2018-09-14T20:00:00,N,N4,127.99999999999996
2018-09-14T21:00:00,N,N4,111.99999999999996
2018-09-14T22:00:00,N,N4,106.99999999999996
2018-09-14T23:00:00,N,N4,97.0
2018-09-15T00:00:00,N,N4,92.0
2018-09-15T01:00:00,N,N4,87.0
2018-09-15T02:00:00,N,N4,87.0
2018-09-15T03:00:00,N,N4,87.0
2018-09-15T04:00:00,N,N4,87.0
2018-09-15T05:00:00,N,N4,92.0
2018-09-15T06:00:00,N,N4,108.99999999999996
2018-09-15T07:00:00,N,N4,122.00000000000004
2018-09-15T08:00:00,N,N4,125.00000000000004
2018-09-15T09:00:00,N,N4,124.00000000000004
2018-09-15T10:00:00,N,N4,133.99999999999997
2018-09-15T11:00:00,N,N4,138.99999999999997
2018-09-15T12:00:00,N,N4,111.99999999999996
2018-09-15T13:00:00,N,N4,101.99999999999996
2018-09-15T14:00:00,N,N4,108.00000000000004
2018-09-15T15:00:00,N,N4,104.0
2018-09-15T16:00:00,N,N4,108.99999999999989
2018-09-15T17:00:00,N,N4,135.00000000000003
2018-09-15T18:00:00,N,N4,171.00000000000009
2018-09-15T19:00:00,N,N4,161.00000000000003
2018-09-15T20:00:00,N,N4,136.00000000000006
2018-09-15T21:00:00,N,N4,110.99999999999996
2018-09-15T22:00:00,N,N4,101.00000000000004
2018-09-15T23:00:00,N,N4,96.0
2018-09-16T00:00:00,N,N4,90.0
2018-09-16T01:00:00,N,N4,85.00000000000001
2018-09-16T02:00:00,N,N4,85.00000000000001
2018-09-16T03:00:00,N,N4,85.00000000000001
2018-09-16T04:00:00,N,N4,85.00000000000001
2018-09-16T05:00:00,N,N4,90.0
2018-09-16T06:00:00,N,N4,97.0
2018-09-16T07:00:00,N,N4,110.00000000000004
2018-09-16T08:00:00,N,N4,104.99999999999996
2018-09-16T09:00:00,N,N4,104.99999999999996
2018-09-16T10:00:00,N,N4,108.99999999999996
2018-09-16T11:00:00,N,N4,117.00000000000004
2018-09-16T12:00:00,N,N4,103.0
2018-09-16T13:00:00,N,N4,90.99999999999996
2018-09-16T14:00:00,N,N4,72.99999999999999
2018-09-16T15:00:00,N,N4,72.99999999999999
2018-09-16T16:00:00,N,N4,85.00000000000001
2018-09-16T17:00:00,N,N4,127.99999999999996
2018-09-16T18:00:00,N,N4,135.00000000000003
2018-09-16T19:00:00,N,N4,124.00000000000004
2018-09-16T20:00:00,N,N4,108.99999999999996
2018-09-16T21:00:00,N,N4,97.0
2018-09-16T22:00:00,N,N4,85.99999999999997
2018-09-16T23:00:00,N,N4,81.00000000000003
2018-09-17T00:00:00,N,N4,81.00000000000003
2018-09-17T01:00:00,N,N4,76.0
2018-09-17T02:00:00,N,N4,76.0
2018-09-17T03:00:00,N,N4,76.0
2018-09-17T04:00:00,N,N4,76.0
2018-09-17T05:00:00,N,N4,74.99999999999997
2018-09-17T06:00:00,N,N4,104.0
2018-09-17T07:00:00,N,N4,110.00000000000004
2018-09-17T08:00:00,N,N4,111.99999999999996
2018-09-17T09:00:00,N,N4,118.00000000000004
2018-09-17T10:00:00,N,N4,122.99999999999994
2018-09-17T11:00:00,N,N4,136.00000000000006
2018-09-17T12:00:00,N,N4,116.0
2018-09-17T13:00:00,N,N4,99.0
2018-09-17T14:00:00,N,N4,104.0
2018-09-17T15:00:00,N,N4,105.99999999999996
2018-09-17T16:00:00,N,N4,105.99999999999996
2018-09-17T17:00:00,N,N4,175.00000000000009
2018-09-17T18:00:00,N,N4,175.00000000000009
2018-09-17T19:00:00,N,N4,156.99999999999994
2018-09-17T20:00:00,N,N4,136.00000000000006
2018-09-17T21:00:00,N,N4,101.99999999999996
2018-09-17T22:00:00,N,N4,96.0
2018-09-17T23:00:00,N,N4,90.99999999999996
2018-09-18T00:00:00,N,N4,85.00000000000001
2018-09-18T01:00:00,N,N4,85.00000000000001
2018-09-18T02:00:00,N,N4,85.00000000000001
2018-09-18T03:00:00,N,N4,85.00000000000001
2018-09-18T04:00:00,N,N4,85.00000000000001
2018-09-18T05:00:00,N,N4,101.00000000000004
2018-09-18T06:00:00,N,N4,108.99999999999989
2018-09-18T07:00:00,N,N4,115.0
2018-09-18T08:00:00,N,N4,122.00000000000004
2018-09-18T09:00:00,N,N4,127.0
2018-09-18T10:00:00,N,N4,133.0
2018-09-18T11:00:00,N,N4,136.9999999999999
2018-09-18T12:00:00,N,N4,124.00000000000004
2018-09-18T13:00:00,N,N4,101.00000000000004
2018-09-18T14:00:00,N,N4,110.99999999999996
2018-09-18T15:00:00,N,N4,117.00000000000004
2018-09-18T16:00:00,N,N4,113.00000000000004
2018-09-18T17:00:00,N,N4,135.00000000000003
2018-09-18T18:00:00,N,N4,192.0
2018-09-18T19:00:00,N,N4,161.00000000000003
2018-09-18T20:00:00,N,N4,144.99999999999997
2018-09-18T21:00:00,N,N4,125.00000000000004
2018-09-18T22:00:00,N,N4,108.99999999999996
2018-09-18T23:00:00,N,N4,100.00000000000004
2018-09-19T00:00:00,N,N4,100.00000000000004
2018-09-19T01:00:00,N,N4,95.0
2018-09-19T02:00:00,N,N4,95.0
2018-09-19T03:00:00,N,N4,95.0
2018-09-19T04:00:00,N,N4,95.0
2018-09-19T05:00:00,N,N4,104.99999999999996
2018-09-19T06:00:00,N,N4,113.00000000000004
2018-09-19T07:00:00,N,N4,119.00000000000004
2018-09-19T08:00:00,N,N4,127.0
2018-09-19T09:00:00,N,N4,130.99999999999994
2018-09-19T10:00:00,N,N4,144.0
2018-09-19T11:00:00,N,N4,161.00000000000003
2018-09-19T12:00:00,N,N4,127.99999999999996
2018-09-19T13:00:00,N,N4,111.9049960298877
2018-09-19T14:00:00,N,N4,120.12994721943168
2018-09-19T15:00:00,N,N4,94.0
2018-09-19T16:00:00,N,N4,94.0
2018-09-19T17:00:00,N,N4,121.55310919438904
2018-09-19T18:00:00,N,N4,141.57240678068172
2018-09-19T19:00:00,N,N4,146.0
2018-09-19T20:00:00,N,N4,129.99999999999997
2018-09-19T21:00:00,N,N4,110.00000000000004
2018-09-19T22:00:00,N,N4,100.00000000000004
2018-09-19T23:00:00,N,N4,88.99999999999999
2018-09-20T00:00:00,N,N4,62.000000000000064
2018-09-20T01:00:00,N,N4,94.41666666666669
2018-09-20T02:00:00,N,N4,93.66666666666669
2018-09-20T03:00:00,N,N4,93.66666666666669
2018-09-20T04:00:00,N,N4,93.41666666666669
2018-09-20T05:00:00,N,N4,98.41666666666669
2018-09-20T06:00:00,N,N4,118.08333333333336
2018-09-20T07:00:00,N,N4,91.23604037119652
2018-09-20T08:00:00,N,N4,110.00000000000004
2018-09-20T09:00:00,N,N4,103.0
2018-09-20T10:00:00,N,N4,101.99999999999996
2018-09-20T11:00:00,N,N4,130.99999999999994
2018-09-20T12:00:00,N,N4,122.99999999999994
2018-09-20T13:00:00,N,N4,104.99999999999996
2018-09-20T14:00:00,N,N4,105.99999999999996
2018-09-20T15:00:00,N,N4,106.99999999999996
2018-09-20T16:00:00,N,N4,114.00000000000004
2018-09-20T17:00:00,N,N4,135.00000000000003
2018-09-20T18:00:00,N,N4,192.0
2018-09-20T19:00:00,N,N4,161.99999999999994
2018-09-20T20:00:00,N,N4,127.99999999999996
2018-09-20T21:00:00,N,N4,115.0
2018-09-20T22:00:00,N,N4,104.0
2018-09-20T23:00:00,N,N4,95.0
2018-09-21T00:00:00,N,N4,90.99999999999996
2018-09-21T01:00:00,N,N4,90.99999999999996
2018-09-21T02:00:00,N,N4,88.9999999999999
2018-09-21T03:00:00,N,N4,88.00000000000003
2018-09-21T04:00:00,N,N4,88.00000000000003
2018-09-21T05:00:00,N,N4,106.99999999999996
2018-09-21T06:00:00,N,N4,122.00000000000004
2018-09-21T07:00:00,N,N4,114.00000000000004
2018-09-21T08:00:00,N,N4,121.00000000000004
2018-09-21T09:00:00,N,N4,131.99999999999997
2018-09-21T10:00:00,N,N4,139.99999999999994
2018-09-21T11:00:00,N,N4,149.99999999999997
2018-09-21T12:00:00,N,N4,127.0
2018-09-21T13:00:00,N,N4,113.00000000000004
2018-09-21T14:00:00,N,N4,125.00000000000004
2018-09-21T15:00:00,N,N4,119.99999999999996
2018-09-21T16:00:00,N,N4,129.99999999999997
2018-09-21T17:00:00,N,N4,139.99999999999994
2018-09-21T18:00:00,N,N4,177.99999999999997
2018-09-21T19:00:00,N,N4,180.0
2018-09-21T20:00:00,N,N4,180.0
2018-09-21T21:00:00,N,N4,145.34638264527842
2018-09-21T22:00:00,N,N4,122.99999999999994
2018-09-21T23:00:00,N,N4,113.00000000000004
2018-09-22T00:00:00,N,N4,104.0
2018-09-22T01:00:00,N,N4,101.99999999999996
2018-09-22T02:00:00,N,N4,98.00000000000004
2018-09-22T03:00:00,N,N4,98.00000000000004
2018-09-22T04:00:00,N,N4,100.00000000000004
2018-09-22T05:00:00,N,N4,110.99999999999996
2018-09-22T06:00:00,N,N4,98.00000000000004
2018-09-22T07:00:00,N,N4,139.99999999999994
2018-09-22T08:00:00,N,N4,131.99999999999997
2018-09-22T09:00:00,N,N4,142.00000000000003
2018-09-22T10:00:00,N,N4,155.00000000000003
2018-09-22T11:00:00,N,N4,142.00000000000003
2018-09-22T12:00:00,N,N4,137.00000000000003
2018-09-22T13:00:00,N,N4,142.00000000000003
2018-09-22T14:00:00,N,N4,138.00000000000006
2018-09-22T15:00:00,N,N4,144.0
2018-09-22T16:00:00,N,N4,144.99999999999997
2018-09-22T17:00:00,N,N4,159.99999999999994
2018-09-22T18:00:00,N,N4,186.93155026950043
2018-09-22T19:00:00,N,N4,199.0
2018-09-22T20:00:00,N,N4,177.99999999999997
2018-09-22T21:00:00,N,N4,154.3590059824911
2018-09-22T22:00:00,N,N4,142.0791859058406
2018-09-22T23:00:00,N,N4,131.99999999999997
2018-09-23T00:00:00,N,N4,127.0
2018-09-23T01:00:00,N,N4,127.0
2018-09-23T02:00:00,N,N4,115.0
2018-09-23T03:00:00,N,N4,115.0
2018-09-23T04:00:00,N,N4,114.00000000000004
2018-09-23T05:00:00,N,N4,128.99999999999997
2018-09-23T06:00:00,N,N4,133.99999999999997
2018-09-23T07:00:00,N,N4,133.99999999999997
2018-09-23T08:00:00,N,N4,155.00000000000003
2018-09-23T09:00:00,N,N4,149.0
2018-09-23T10:00:00,N,N4,161.00000000000003
2018-09-23T11:00:00,N,N4,159.0
2018-09-23T12:00:00,N,N4,142.99999999999994
2018-09-23T13:00:00,N,N4,138.99999999999997
2018-09-23T14:00:00,N,N4,138.99999999999997
2018-09-23T15:00:00,N,N4,136.00000000000006
2018-09-23T16:00:00,N,N4,136.00000000000006
2018-09-23T17:00:00,N,N4,146.0
2018-09-23T18:00:00,N,N4,197.0
2018-09-23T19:00:00,N,N4,188.0
2018-09-23T20:00:00,N,N4,184.99999999999991
2018-09-23T21:00:00,N,N4,173.00000000000006
2018-09-23T22:00:00,N,N4,161.99999999999994
2018-09-23T23:00:00,N,N4,144.99999999999997
2018-09-24T00:00:00,N,N4,133.0
2018-09-24T01:00:00,N,N4,121.00000000000004
2018-09-24T02:00:00,N,N4,121.00000000000004
2018-09-24T03:00:00,N,N4,121.00000000000004
2018-09-24T04:00:00,N,N4,121.00000000000004
2018-09-24T05:00:00,N,N4,121.00000000000004
2018-09-24T06:00:00,N,N4,135.00000000000003
2018-09-24T07:00:00,N,N4,136.00000000000006
2018-09-24T08:00:00,N,N4,156.0
2018-09-24T09:00:00,N,N4,166.00000000000006
2018-09-24T10:00:00,N,N4,164.99999999999994
2018-09-24T11:00:00,N,N4,169.0
2018-09-24T12:00:00,N,N4,121.00000000000004
2018-09-24T13:00:00,N,N4,100.00000000000004
2018-09-24T14:00:00,N,N4,116.2
2018-09-24T15:00:00,N,N4,122.63636363636364
2018-09-24T16:00:00,N,N4,123.72727272727272
2018-09-24T17:00:00,N,N4,154.88605696445396
2018-09-24T18:00:00,N,N4,129.33197284479198
2018-09-24T19:00:00,N,N4,131.08397631206608
2018-09-24T20:00:00,N,N4,115.28292684469469
2018-09-24T21:00:00,N,N4,95.75060709708868
2018-09-24T22:00:00,N,N4,86.01373172171975
2018-09-24T23:00:00,N,N4,78.1631394354777
2018-09-25T00:00:00,N,N4,73.83317748645075
2018-09-25T01:00:00,N,N4,71.25942189326831
2018-09-25T02:00:00,N,N4,69.61455900533063
2018-09-25T03:00:00,N,N4,69.21559068299915
2018-09-25T04:00:00,N,N4,69.15945177862635
2018-09-25T05:00:00,N,N4,73.94278272294949
2018-09-25T06:00:00,N,N4,88.23144975435662
2018-09-25T07:00:00,N,N4,90.94438579819128
2018-09-25T08:00:00,N,N4,98.82024372026515
2018-09-25T09:00:00,N,N4,101.45952304520036
2018-09-25T10:00:00,N,N4,106.65054985378548
2018-09-25T11:00:00,N,N4,113.78734829245523
2018-09-25T12:00:00,N,N4,101.67671769402052
2018-09-25T13:00:00,N,N4,89.91153930876611
2018-09-25T14:00:00,N,N4,93.54267554572016
2018-09-25T15:00:00,N,N4,93.02435884606768
2018-09-25T16:00:00,N,N4,97.60760224330438
2018-09-25T17:00:00,N,N4,118.00000000000004
2018-09-25T18:00:00,N,N4,131.80903676609444
2018-09-25T19:00:00,N,N4,133.7341677037186
2018-09-25T20:00:00,N,N4,117.72623430995264
2018-09-25T21:00:00,N,N4,97.74121037582384
2018-09-25T22:00:00,N,N4,87.62422048656228
2018-09-25T23:00:00,N,N4,79.41319949103851
2018-09-26T00:00:00,N,N4,74.76864370204328
2018-09-26T01:00:00,N,N4,71.88869089952034
2018-09-26T02:00:00,N,N4,69.9458283047082
2018-09-26T03:00:00,N,N4,69.25833116158921
2018-09-26T04:00:00,N,N4,68.91386571431592
2018-09-26T05:00:00,N,N4,73.39080807300019
2018-09-26T06:00:00,N,N4,87.19261900995731
2018-09-26T07:00:00,N,N4,89.60339424744335
2018-09-26T08:00:00,N,N4,97.16009946230602
2018-09-26T09:00:00,N,N4,99.51269808268404
2018-09-26T10:00:00,N,N4,104.3695657698862
2018-09-26T11:00:00,N,N4,111.16143931580189
2018-09-26T12:00:00,N,N4,98.83723435194544
2018-09-26T13:00:00,N,N4,86.95495632876475
2018-09-26T14:00:00,N,N4,90.29947219431706
2018-09-26T15:00:00,N,N4,89.48263088956345
2018-09-26T16:00:00,N,N4,93.60291459916974
2018-09-26T17:00:00,N,N4,113.00000000000004
2018-09-26T18:00:00,N,N4,127.58666804589022
2018-09-26T19:00:00,N,N4,131.06175086099097
2018-09-26T20:00:00,N,N4,116.44198617881622
2018-09-26T21:00:00,N,N4,97.51873843834726
2018-09-26T22:00:00,N,N4,88.34073074361204
2018-09-26T23:00:00,N,N4,81.00000000000003
2018-09-27T00:00:00,N,N4,85.99999999999997
2018-09-27T01:00:00,N,N4,83.99999999999999
2018-09-27T02:00:00,N,N4,83.99999999999999
2018-09-27T03:00:00,N,N4,84.00000000000006
2018-09-27T04:00:00,N,N4,83.99999999999999
2018-09-27T05:00:00,N,N4,104.0
2018-09-27T06:00:00,N,N4,114.00000000000004
2018-09-27T07:00:00,N,N4,110.99999999999996
2018-09-27T08:00:00,N,N4,127.0
2018-09-27T09:00:00,N,N4,127.99999999999996
2018-09-27T10:00:00,N,N4,128.99999999999997
2018-09-27T11:00:00,N,N4,144.0
2018-09-27T12:00:00,N,N4,131.99999999999997
2018-09-27T13:00:00,N,N4,110.99999999999996
2018-09-27T14:00:00,N,N4,115.0
2018-09-27T15:00:00,N,N4,106.99999999999996
2018-09-27T16:00:00,N,N4,116.0
2018-09-27T17:00:00,N,N4,119.99999999999996
2018-09-27T18:00:00,N,N4,189.00000000000003
2018-09-27T19:00:00,N,N4,174.0
2018-09-27T20:00:00,N,N4,144.0
2018-09-27T21:00:00,N,N4,119.00000000000004
2018-09-27T22:00:00,N,N4,114.00000000000004
2018-09-27T23:00:00,N,N4,103.0
2018-09-28T00:00:00,N,N4,99.0
2018-09-28T01:00:00,N,N4,94.0
2018-09-28T02:00:00,N,N4,94.0
2018-09-28T03:00:00,N,N4,94.0
2018-09-28T04:00:00,N,N4,94.0
2018-09-28T05:00:00,N,N4,114.00000000000004
2018-09-28T06:00:00,N,N4,115.0
2018-09-28T07:00:00,N,N4,117.00000000000004
2018-09-28T08:00:00,N,N4,130.99999999999994
2018-09-28T09:00:00,N,N4,131.99999999999997
2018-09-28T10:00:00,N,N4,141.00000000000003
2018-09-28T11:00:00,N,N4,144.0
2018-09-28T12:00:00,N,N4,142.99999999999994
2018-09-28T13:00:00,N,N4,127.99999999999996
2018-09-28T14:00:00,N,N4,138.99999999999997
2018-09-28T15:00:00,N,N4,133.99999999999997
2018-09-28T16:00:00,N,N4,136.00000000000006
2018-09-28T17:00:00,N,N4,155.00000000000003
2018-09-28T18:00:00,N,N4,187.00000000000003
2018-09-28T19:00:00,N,N4,175.99999999999991
2018-09-28T20:00:00,N,N4,161.99999999999994
2018-09-28T21:00:00,N,N4,136.00000000000006
2018-09-28T22:00:00,N,N4,126.0
2018-09-28T23:00:00,N,N4,116.0
2018-09-29T00:00:00,N,N4,111.00000000000009
2018-09-29T01:00:00,N,N4,111.00000000000009
2018-09-29T02:00:00,N,N4,111.00000000000009
2018-09-29T03:00:00,N,N4,110.99999999999996
2018-09-29T04:00:00,N,N4,110.99999999999996
2018-09-29T05:00:00,N,N4,116.0
2018-09-29T06:00:00,N,N4,119.99999999999996
2018-09-29T07:00:00,N,N4,125.00000000000004
2018-09-29T08:00:00,N,N4,131.99999999999997
2018-09-29T09:00:00,N,N4,136.00000000000006
2018-09-29T10:00:00,N,N4,158.00000000000003
2018-09-29T11:00:00,N,N4,154.00000000000006
2018-09-29T12:00:00,N,N4,144.99999999999997
2018-09-29T13:00:00,N,N4,147.99999999999994
2018-09-29T14:00:00,N,N4,146.99999999999997
2018-09-29T15:00:00,N,N4,139.99999999999994
2018-09-29T16:00:00,N,N4,147.99999999999994
2018-09-29T17:00:00,N,N4,154.00000000000006
2018-09-29T18:00:00,N,N4,211.00000000000003
2018-09-29T19:00:00,N,N4,211.00000000000003
2018-09-29T20:00:00,N,N4,190.0
2018-09-29T21:00:00,N,N4,167.99999999999997
2018-09-29T22:00:00,N,N4,158.00000000000003
2018-09-29T23:00:00,N,N4,152.0
2018-09-30T00:00:00,N,N4,142.00000000000003
2018-09-30T01:00:00,N,N4,131.99999999999997
2018-09-30T02:00:00,N,N4,129.99999999999997
2018-09-30T03:00:00,N,N4,125.00000000000004
2018-09-30T04:00:00,N,N4,119.99999999999996
2018-09-30T05:00:00,N,N4,125.00000000000004
2018-09-30T06:00:00,N,N4,139.99999999999994
2018-09-30T07:00:00,N,N4,144.99999999999997
2018-09-30T08:00:00,N,N4,124.00000000000004
2018-09-30T09:00:00,N,N4,111.99999999999996
2018-09-30T10:00:00,N,N4,127.0
2018-09-30T11:00:00,N,N4,131.99999999999997
2018-09-30T12:00:00,N,N4,114.54545454545452
2018-09-30T13:00:00,N,N4,105.29946145063222
2018-09-30T14:00:00,N,N4,100.36363636363636
2018-09-30T15:00:00,N,N4,126.0
2018-09-30T16:00:00,N,N4,133.0
2018-09-30T17:00:00,N,N4,138.00000000000006
2018-09-30T18:00:00,N,N4,197.0
2018-09-30T19:00:00,N,N4,174.0
2018-09-30T20:00:00,N,N4,155.00000000000003
2018-09-30T21:00:00,N,N4,138.00000000000006
2018-09-30T22:00:00,N,N4,127.0000000000001
2018-09-30T23:00:00,N,N4,122.00000000000004
2018-10-01T00:00:00,N,N4,117.00000000000011
2018-10-01T01:00:00,N,N4,110.99999999999996
2018-10-01T02:00:00,N,N4,110.00000000000004
2018-10-01T03:00:00,N,N4,110.00000000000004
2018-10-01T04:00:00,N,N4,110.00000000000004
2018-10-01T05:00:00,N,N4,119.00000000000004
2018-10-01T06:00:00,N,N4,128.99999999999997
2018-10-01T07:00:00,N,N4,114.91666666666669
2018-10-01T08:00:00,N,N4,126.91666666666669
2018-10-01T09:00:00,N,N4,130.81818181818184
2018-10-01T10:00:00,N,N4,142.99999999999994
2018-10-01T11:00:00,N,N4,142.99999999999994
2018-10-01T12:00:00,N,N4,167.00000000000006
2018-10-01T13:00:00,N,N4,163.0
2018-10-01T14:00:00,N,N4,120.0
2018-10-01T15:00:00,N,N4,173.00000000000006
2018-10-01T16:00:00,N,N4,171.00000000000009
2018-10-01T17:00:00,N,N4,193.74662660899327
2018-10-01T18:00:00,N,N4,210.7971811029444
2018-10-01T19:00:00,N,N4,218.0
2018-10-01T20:00:00,N,N4,173.00000000000006
2018-10-01T21:00:00,N,N4,146.99999999999997
2018-10-01T22:00:00,N,N4,111.18306652015632
2018-10-01T23:00:00,N,N4,77.00000000000001
2018-10-02T00:00:00,N,N4,100.00000000000004
2018-10-02T01:00:00,N,N4,96.0
2018-10-02T02:00:00,N,N4,96.0
2018-10-02T03:00:00,N,N4,96.0
2018-10-02T04:00:00,N,N4,93.61242926697706
2018-10-02T05:00:00,N,N4,99.25778205495205
2018-10-02T06:00:00,N,N4,113.51928747952972
2018-10-02T07:00:00,N,N4,114.16203214984928
2018-10-02T08:00:00,N,N4,138.55128358440533
2018-10-02T09:00:00,N,N4,154.59650508448786
2018-10-02T10:00:00,N,N4,174.0
2018-10-02T11:00:00,N,N4,174.0
2018-10-02T12:00:00,N,N4,155.00000000000003
2018-10-02T13:00:00,N,N4,156.0
2018-10-02T14:00:00,N,N4,156.0
2018-10-02T15:00:00,N,N4,149.99999999999997
2018-10-02T16:00:00,N,N4,174.0
2018-10-02T17:00:00,N,N4,195.0
2018-10-02T18:00:00,N,N4,192.01247094793283
2018-10-02T19:00:00,N,N4,180.0
2018-10-02T20:00:00,N,N4,159.99999999999994
2018-10-02T21:00:00,N,N4,146.0
2018-10-02T22:00:00,N,N4,135.00000000000003
2018-10-02T23:00:00,N,N4,124.00000000000004
2018-10-03T00:00:00,N,N4,124.00000000000004
2018-10-03T01:00:00,N,N4,124.00000000000004
2018-10-03T02:00:00,N,N4,116.0
2018-10-03T03:00:00,N,N4,116.0
2018-10-03T04:00:00,N,N4,116.0
2018-10-03T05:00:00,N,N4,137.00000000000003
2018-10-03T06:00:00,N,N4,142.00000000000003
2018-10-03T07:00:00,N,N4,152.99999999999997
2018-10-03T08:00:00,N,N4,159.99999999999994
2018-10-03T09:00:00,N,N4,161.00000000000003
2018-10-03T10:00:00,N,N4,161.99999999999994
2018-10-03T11:00:00,N,N4,171.99999999999994
2018-10-03T12:00:00,N,N4,161.00000000000003
2018-10-03T13:00:00,N,N4,144.0
2018-10-03T14:00:00,N,N4,149.99999999999997
2018-10-03T15:00:00,N,N4,144.99999999999997
2018-10-03T16:00:00,N,N4,147.99999999999994
2018-10-03T17:00:00,N,N4,188.0
2018-10-03T18:00:00,N,N4,202.23223944057847
2018-10-03T19:00:00,N,N4,208.0
2018-10-03T20:00:00,N,N4,174.0
2018-10-03T21:00:00,N,N4,146.0
2018-10-03T22:00:00,N,N4,130.99999999999994
2018-10-03T23:00:00,N,N4,122.00000000000004
2018-10-04T00:00:00,N,N4,122.99999999999994
2018-10-04T01:00:00,N,N4,121.00000000000004
2018-10-04T02:00:00,N,N4,121.00000000000004
2018-10-04T03:00:00,N,N4,121.00000000000004
2018-10-04T04:00:00,N,N4,117.00000000000004
2018-10-04T05:00:00,N,N4,131.99999999999997
2018-10-04T06:00:00,N,N4,141.00000000000003
2018-10-04T07:00:00,N,N4,141.00000000000003
2018-10-04T08:00:00,N,N4,163.0
2018-10-04T09:00:00,N,N4,167.99999999999997
2018-10-04T10:00:00,N,N4,170.00000000000006
2018-10-04T11:00:00,N,N4,180.0
2018-10-04T12:00:00,N,N4,152.0
2018-10-04T13:00:00,N,N4,152.99999999999997
2018-10-04T14:00:00,N,N4,164.99999999999994
2018-10-04T15:00:00,N,N4,156.99999999999994
2018-10-04T16:00:00,N,N4,161.99999999999994
2018-10-04T17:00:00,N,N4,193.0
2018-10-04T18:00:00,N,N4,208.42371002400697
2018-10-04T19:00:00,N,N4,216.00000000000009
2018-10-04T20:00:00,N,N4,193.0
2018-10-04T21:00:00,N,N4,161.00000000000003
2018-10-04T22:00:00,N,N4,149.99999999999997
2018-10-04T23:00:00,N,N4,137.00000000000003
2018-10-05T00:00:00,N,N4,127.0
2018-10-05T01:00:00,N,N4,125.00000000000004
2018-10-05T02:00:00,N,N4,122.99999999999994
2018-10-05T03:00:00,N,N4,118.00000000000004
2018-10-05T04:00:00,N,N4,118.00000000000004
2018-10-05T05:00:00,N,N4,144.0
2018-10-05T06:00:00,N,N4,149.99999999999997
2018-10-05T07:00:00,N,N4,159.99999999999994
2018-10-05T08:00:00,N,N4,177.99999999999997
2018-10-05T09:00:00,N,N4,182.0
2018-10-05T10:00:00,N,N4,184.99999999999991
2018-10-05T11:00:00,N,N4,180.0
2018-10-05T12:00:00,N,N4,174.0
2018-10-05T13:00:00,N,N4,166.00000000000006
2018-10-05T14:00:00,N,N4,164.99999999999994
2018-10-05T15:00:00,N,N4,158.00000000000003
2018-10-05T16:00:00,N,N4,176.99999999999994
2018-10-05T17:00:00,N,N4,198.0
2018-10-05T18:00:00,N,N4,209.66021422194115
2018-10-05T19:00:00,N,N4,214.0
2018-10-05T20:00:00,N,N4,188.0
2018-10-05T21:00:00,N,N4,163.0
2018-10-05T22:00:00,N,N4,147.99999999999994
2018-10-05T23:00:00,N,N4,144.0
2018-10-06T00:00:00,N,N4,128.99999999999997
2018-10-06T01:00:00,N,N4,124.00000000000004
2018-10-06T02:00:00,N,N4,122.00000000000004
2018-10-06T03:00:00,N,N4,122.00000000000004
2018-10-06T04:00:00,N,N4,122.00000000000004
2018-10-06T05:00:00,N,N4,122.00000000000004
2018-10-06T06:00:00,N,N4,127.0
2018-10-06T07:00:00,N,N4,142.99999999999994
2018-10-06T08:00:00,N,N4,149.0
2018-10-06T09:00:00,N,N4,154.00000000000006
2018-10-06T10:00:00,N,N4,159.0
2018-10-06T11:00:00,N,N4,159.0
2018-10-06T12:00:00,N,N4,149.0
2018-10-06T13:00:00,N,N4,138.99999999999997
2018-10-06T14:00:00,N,N4,139.99999999999994
2018-10-06T15:00:00,N,N4,135.00000000000003
2018-10-06T16:00:00,N,N4,142.00000000000003
2018-10-06T17:00:00,N,N4,167.00000000000006
2018-10-06T18:00:00,N,N4,181.00000000000009
2018-10-06T19:00:00,N,N4,159.0
2018-10-06T20:00:00,N,N4,141.00000000000003
2018-10-06T21:00:00,N,N4,129.99999999999997
2018-10-06T22:00:00,N,N4,119.99999999999996
2018-10-06T23:00:00,N,N4,108.99999999999996
2018-10-07T00:00:00,N,N4,108.99999999999996
2018-10-07T01:00:00,N,N4,108.99999999999996
2018-10-07T02:00:00,N,N4,104.99999999999996
2018-10-07T03:00:00,N,N4,104.99999999999996
2018-10-07T04:00:00,N,N4,104.99999999999996
2018-10-07T05:00:00,N,N4,104.99999999999996
2018-10-07T06:00:00,N,N4,110.00000000000004
2018-10-07T07:00:00,N,N4,115.0
2018-10-07T08:00:00,N,N4,125.00000000000004
2018-10-07T09:00:00,N,N4,125.00000000000004
2018-10-07T10:00:00,N,N4,133.0
2018-10-07T11:00:00,N,N4,144.99999999999997
2018-10-07T12:00:00,N,N4,108.00000000000004
2018-10-07T13:00:00,N,N4,108.99999999999996
2018-10-07T14:00:00,N,N4,99.0
2018-10-07T15:00:00,N,N4,95.0
2018-10-07T16:00:00,N,N4,95.0
2018-10-07T17:00:00,N,N4,119.99999999999996
2018-10-07T18:00:00,N,N4,154.00000000000006
2018-10-07T19:00:00,N,N4,154.00000000000006
2018-10-07T20:00:00,N,N4,144.0
2018-10-07T21:00:00,N,N4,125.00000000000004
2018-10-07T22:00:00,N,N4,114.00000000000004
2018-10-07T23:00:00,N,N4,102.00000000000004
2018-10-08T00:00:00,N,N4,100.00000000000004
2018-10-08T01:00:00,N,N4,100.00000000000004
2018-10-08T02:00:00,N,N4,95.0
2018-10-08T03:00:00,N,N4,95.0
2018-10-08T04:00:00,N,N4,95.0
2018-10-08T05:00:00,N,N4,95.0
2018-10-08T06:00:00,N,N4,117.00000000000004
2018-10-08T07:00:00,N,N4,119.99999999999996
2018-10-08T08:00:00,N,N4,138.00000000000006
2018-10-08T09:00:00,N,N4,122.00000000000004
2018-10-08T10:00:00,N,N4,131.99999999999997
2018-10-08T11:00:00,N,N4,142.99999999999994
2018-10-08T12:00:00,N,N4,122.00000000000004
2018-10-08T13:00:00,N,N4,110.00000000000004
2018-10-08T14:00:00,N,N4,110.99999999999996
2018-10-08T15:00:00,N,N4,111.99999999999996
2018-10-08T16:00:00,N,N4,111.99999999999996
2018-10-08T17:00:00,N,N4,128.99999999999997
2018-10-08T18:00:00,N,N4,137.00000000000003
2018-10-08T19:00:00,N,N4,173.00000000000006
2018-10-08T20:00:00,N,N4,152.99999999999997
2018-10-08T21:00:00,N,N4,127.99999999999996
2018-10-08T22:00:00,N,N4,116.0
2018-10-08T23:00:00,N,N4,104.99999999999996
2018-10-09T00:00:00,N,N4,100.00000000000004
2018-10-09T01:00:00,N,N4,100.00000000000004
2018-10-09T02:00:00,N,N4,98.00000000000004
2018-10-09T03:00:00,N,N4,98.00000000000004
2018-10-09T04:00:00,N,N4,98.00000000000004
2018-10-09T05:00:00,N,N4,101.99999999999996
2018-10-09T06:00:00,N,N4,125.00000000000004
2018-10-09T07:00:00,N,N4,111.99999999999996
2018-10-09T08:00:00,N,N4,133.99999999999997
2018-10-09T09:00:00,N,N4,137.00000000000003
2018-10-09T10:00:00,N,N4,147.99999999999994
2018-10-09T11:00:00,N,N4,152.99999999999997
2018-10-09T12:00:00,N,N4,136.00000000000006
2018-10-09T13:00:00,N,N4,118.00000000000004
2018-10-09T14:00:00,N,N4,122.99999999999994
2018-10-09T15:00:00,N,N4,129.99999999999997
2018-10-09T16:00:00,N,N4,131.99999999999997
2018-10-09T17:00:00,N,N4,151.0
2018-10-09T18:00:00,N,N4,163.0
2018-10-09T19:00:00,N,N4,175.00000000000009
2018-10-09T20:00:00,N,N4,128.99999999999997
2018-10-09T21:00:00,N,N4,111.99999999999996
2018-10-09T22:00:00,N,N4,100.00000000000004
2018-10-09T23:00:00,N,N4,95.0
2018-10-10T00:00:00,N,N4,95.0
2018-10-10T01:00:00,N,N4,90.0
2018-10-10T02:00:00,N,N4,85.00000000000001
2018-10-10T03:00:00,N,N4,85.00000000000001
2018-10-10T04:00:00,N,N4,85.00000000000001
2018-10-10T05:00:00,N,N4,98.00000000000004
2018-10-10T06:00:00,N,N4,122.00000000000004
2018-10-10T07:00:00,N,N4,116.0
2018-10-10T08:00:00,N,N4,133.99999999999997
2018-10-10T09:00:00,N,N4,141.00000000000003
2018-10-10T10:00:00,N,N4,146.99999999999997
2018-10-10T11:00:00,N,N4,152.0
2018-10-10T12:00:00,N,N4,139.99999999999994
2018-10-10T13:00:00,N,N4,122.99999999999994
2018-10-10T14:00:00,N,N4,122.00000000000004
2018-10-10T15:00:00,N,N4,131.99999999999997
2018-10-10T16:00:00,N,N4,133.0
2018-10-10T17:00:00,N,N4,129.99999999999997
2018-10-10T18:00:00,N,N4,156.0
2018-10-10T19:00:00,N,N4,175.00000000000009
2018-10-10T20:00:00,N,N4,164.99999999999994
2018-10-10T21:00:00,N,N4,127.0
2018-10-10T22:00:00,N,N4,116.0
2018-10-10T23:00:00,N,N4,106.99999999999996
2018-10-11T00:00:00,N,N4,105.99999999999996
2018-10-11T01:00:00,N,N4,100.00000000000004
2018-10-11T02:00:00,N,N4,97.0
2018-10-11T03:00:00,N,N4,96.99999999999991
2018-10-11T04:00:00,N,N4,97.0
2018-10-11T05:00:00,N,N4,103.0000000000001
2018-10-11T06:00:00,N,N4,125.00000000000004
2018-10-11T07:00:00,N,N4,119.00000000000004
2018-10-11T08:00:00,N,N4,130.99999999999994
2018-10-11T09:00:00,N,N4,136.00000000000006
2018-10-11T10:00:00,N,N4,144.99999999999997
2018-10-11T11:00:00,N,N4,159.0
2018-10-11T12:00:00,N,N4,146.99999999999997
2018-10-11T13:00:00,N,N4,131.99999999999997
2018-10-11T14:00:00,N,N4,138.00000000000006
2018-10-11T15:00:00,N,N4,138.00000000000006
2018-10-11T16:00:00,N,N4,127.0
2018-10-11T17:00:00,N,N4,135.00000000000003
2018-10-11T18:00:00,N,N4,149.0
2018-10-11T19:00:00,N,N4,193.0
2018-10-11T20:00:00,N,N4,170.00000000000006
2018-10-11T21:00:00,N,N4,159.0
2018-10-11T22:00:00,N,N4,136.00000000000006
2018-10-11T23:00:00,N,N4,124.00000000000004
2018-10-12T00:00:00,N,N4,119.00000000000004
2018-10-12T01:00:00,N,N4,113.00000000000004
2018-10-12T02:00:00,N,N4,113.00000000000004
2018-10-12T03:00:00,N,N4,113.00000000000004
2018-10-12T04:00:00,N,N4,113.00000000000004
2018-10-12T05:00:00,N,N4,114.00000000000004
2018-10-12T06:00:00,N,N4,130.99999999999994
2018-10-12T07:00:00,N,N4,127.0
2018-10-12T08:00:00,N,N4,149.0
2018-10-12T09:00:00,N,N4,146.99999999999997
2018-10-12T10:00:00,N,N4,154.00000000000006
2018-10-12T11:00:00,N,N4,161.99999999999994
2018-10-12T12:00:00,N,N4,149.99999999999997
2018-10-12T13:00:00,N,N4,133.0
2018-10-12T14:00:00,N,N4,138.99999999999997
2018-10-12T15:00:00,N,N4,138.00000000000006
2018-10-12T16:00:00,N,N4,149.99999999999997
2018-10-12T17:00:00,N,N4,156.0
2018-10-12T18:00:00,N,N4,161.99999999999994
2018-10-12T19:00:00,N,N4,184.99999999999991
2018-10-12T20:00:00,N,N4,139.99999999999994
2018-10-12T21:00:00,N,N4,95.0
2018-10-12T22:00:00,N,N4,77.00000000000001
2018-10-12T23:00:00,N,N4,77.00000000000001
2018-10-13T00:00:00,N,N4,77.00000000000001
2018-10-13T01:00:00,N,N4,72.0
2018-10-13T02:00:00,N,N4,72.0
2018-10-13T03:00:00,N,N4,70.00000000000003
2018-10-13T04:00:00,N,N4,65.99999999999997
2018-10-13T05:00:00,N,N4,65.99999999999997
2018-10-13T06:00:00,N,N4,76.0
2018-10-13T07:00:00,N,N4,81.00000000000003
2018-10-13T08:00:00,N,N4,100.00000000000004
2018-10-13T09:00:00,N,N4,90.99999999999996
2018-10-13T10:00:00,N,N4,96.0
2018-10-13T11:00:00,N,N4,101.00000000000004
2018-10-13T12:00:00,N,N4,101.00000000000004
2018-10-13T13:00:00,N,N4,119.00000000000004
2018-10-13T14:00:00,N,N4,118.00000000000004
2018-10-13T15:00:00,N,N4,118.00000000000004
2018-10-13T16:00:00,N,N4,115.0
2018-10-13T17:00:00,N,N4,115.0
2018-10-13T18:00:00,N,N4,126.0
2018-10-13T19:00:00,N,N4,146.99999999999997
2018-10-13T20:00:00,N,N4,137.00000000000003
2018-10-13T21:00:00,N,N4,111.99999999999996
2018-10-13T22:00:00,N,N4,122.99999999999994
2018-10-13T23:00:00,N,N4,108.00000000000004
2018-10-14T00:00:00,N,N4,103.0000000000001
2018-10-14T01:00:00,N,N4,98.00000000000004
2018-10-14T02:00:00,N,N4,97.21744532744913
2018-10-14T03:00:00,N,N4,98.00000000000004
2018-10-14T04:00:00,N,N4,98.00000000000004
2018-10-14T05:00:00,N,N4,98.00000000000004
2018-10-14T06:00:00,N,N4,108.00000000000004
2018-10-14T07:00:00,N,N4,108.00000000000004
2018-10-14T08:00:00,N,N4,118.00000000000004
2018-10-14T09:00:00,N,N4,112.32297843766764
2018-10-14T10:00:00,N,N4,119.61092545476498
2018-10-14T11:00:00,N,N4,124.99505609298346
2018-10-14T12:00:00,N,N4,110.83687859771352
2018-10-14T13:00:00,N,N4,98.90765767688366
2018-10-14T14:00:00,N,N4,98.6707309923466
2018-10-14T15:00:00,N,N4,107.03234077442266
2018-10-14T16:00:00,N,N4,111.99999999999996
2018-10-14T17:00:00,N,N4,131.99999999999997
2018-10-14T18:00:00,N,N4,142.00000000000003
2018-10-14T19:00:00,N,N4,167.00000000000006
2018-10-14T20:00:00,N,N4,142.00000000000003
2018-10-14T21:00:00,N,N4,122.00000000000004
2018-10-14T22:00:00,N,N4,108.99999999999996
2018-10-14T23:00:00,N,N4,101.00000000000004
2018-10-15T00:00:00,N,N4,96.0
2018-10-15T01:00:00,N,N4,96.0
2018-10-15T02:00:00,N,N4,94.0
2018-10-15T03:00:00,N,N4,94.0
2018-10-15T04:00:00,N,N4,93.00000000000004
2018-10-15T05:00:00,N,N4,98.00000000000004
2018-10-15T06:00:00,N,N4,115.0
2018-10-15T07:00:00,N,N4,119.99999999999996
2018-10-15T08:00:00,N,N4,133.99999999999997
2018-10-15T09:00:00,N,N4,138.00000000000006
2018-10-15T10:00:00,N,N4,139.99999999999994
2018-10-15T11:00:00,N,N4,155.00000000000003
2018-10-15T12:00:00,N,N4,146.99999999999997
2018-10-15T13:00:00,N,N4,124.00000000000004
2018-10-15T14:00:00,N,N4,127.99999999999996
2018-10-15T15:00:00,N,N4,126.0
2018-10-15T16:00:00,N,N4,115.0
2018-10-15T17:00:00,N,N4,124.00000000000004
2018-10-15T18:00:00,N,N4,139.99999999999994
2018-10-15T19:00:00,N,N4,192.0
2018-10-15T20:00:00,N,N4,174.0
2018-10-15T21:00:00,N,N4,147.99999999999994
2018-10-15T22:00:00,N,N4,122.99999999999994
2018-10-15T23:00:00,N,N4,118.00000000000004
2018-10-16T00:00:00,N,N4,111.99999999999996
2018-10-16T01:00:00,N,N4,106.99999999999996
2018-10-16T02:00:00,N,N4,101.99999999999996
2018-10-16T03:00:00,N,N4,102.00000000000004
2018-10-16T04:00:00,N,N4,102.00000000000004
2018-10-16T05:00:00,N,N4,111.00000000000009
2018-10-16T06:00:00,N,N4,122.99999999999994
2018-10-16T07:00:00,N,N4,121.00000000000004
2018-10-16T08:00:00,N,N4,135.00000000000003
2018-10-16T09:00:00,N,N4,137.00000000000003
2018-10-16T10:00:00,N,N4,144.99999999999997
2018-10-16T11:00:00,N,N4,151.0
2018-10-16T12:00:00,N,N4,152.99999999999997
2018-10-16T13:00:00,N,N4,130.99999999999994
2018-10-16T14:00:00,N,N4,137.00000000000003
2018-10-16T15:00:00,N,N4,142.00000000000003
2018-10-16T16:00:00,N,N4,142.99999999999994
2018-10-16T17:00:00,N,N4,152.0
2018-10-16T18:00:00,N,N4,152.0
2018-10-16T19:00:00,N,N4,199.99999999999991
2018-10-16T20:00:00,N,N4,190.0
2018-10-16T21:00:00,N,N4,152.99999999999997
2018-10-16T22:00:00,N,N4,138.00000000000006
2018-10-16T23:00:00,N,N4,122.00000000000004
2018-10-17T00:00:00,N,N4,115.0
2018-10-17T01:00:00,N,N4,115.0
2018-10-17T02:00:00,N,N4,111.99999999999996
2018-10-17T03:00:00,N,N4,111.99999999999996
2018-10-17T04:00:00,N,N4,111.99999999999996
2018-10-17T05:00:00,N,N4,122.00000000000004
2018-10-17T06:00:00,N,N4,125.00000000000004
2018-10-17T07:00:00,N,N4,129.99999999999997
2018-10-17T08:00:00,N,N4,147.99999999999994
2018-10-17T09:00:00,N,N4,152.99999999999997
2018-10-17T10:00:00,N,N4,164.99999999999994
2018-10-17T11:00:00,N,N4,166.00000000000006
2018-10-17T12:00:00,N,N4,138.00000000000006
2018-10-17T13:00:00,N,N4,78.0
2018-10-17T14:00:00,N,N4,124.3666080215908
2018-10-17T15:00:00,N,N4,98.60708202240022
2018-10-17T16:00:00,N,N4,110.00000000000004
2018-10-17T17:00:00,N,N4,138.99999999999997
2018-10-17T18:00:00,N,N4,147.99999999999994
2018-10-17T19:00:00,N,N4,188.0
2018-10-17T20:00:00,N,N4,182.0
2018-10-17T21:00:00,N,N4,149.99999999999997
2018-10-17T22:00:00,N,N4,135.00000000000003
2018-10-17T23:00:00,N,N4,119.00000000000004
2018-10-18T00:00:00,N,N4,114.00000000000004
2018-10-18T01:00:00,N,N4,114.00000000000004
2018-10-18T02:00:00,N,N4,110.00000000000004
2018-10-18T03:00:00,N,N4,110.00000000000004
2018-10-18T04:00:00,N,N4,110.00000000000004
2018-10-18T05:00:00,N,N4,110.00000000000004
2018-10-18T06:00:00,N,N4,126.0
2018-10-18T07:00:00,N,N4,133.0
2018-10-18T08:00:00,N,N4,128.99999999999997
2018-10-18T09:00:00,N,N4,120.08333333333331
2018-10-18T10:00:00,N,N4,122.83333333333331
2018-10-18T11:00:00,N,N4,136.5
2018-10-18T12:00:00,N,N4,124.63636363636364
2018-10-18T13:00:00,N,N4,109.5
2018-10-18T14:00:00,N,N4,116.33333333333331
2018-10-18T15:00:00,N,N4,93.72934255753556
2018-10-18T16:00:00,N,N4,96.0
2018-10-18T17:00:00,N,N4,122.99999999999994
2018-10-18T18:00:00,N,N4,147.99999999999994
2018-10-18T19:00:00,N,N4,173.00000000000006
2018-10-18T20:00:00,N,N4,167.00000000000006
2018-10-18T21:00:00,N,N4,131.99999999999997
2018-10-18T22:00:00,N,N4,116.0
2018-10-18T23:00:00,N,N4,102.00000000000004
2018-10-19T00:00:00,N,N4,101.00000000000004
2018-10-19T01:00:00,N,N4,98.00000000000004
2018-10-19T02:00:00,N,N4,95.0
2018-10-19T03:00:00,N,N4,95.0
2018-10-19T04:00:00,N,N4,94.0
2018-10-19T05:00:00,N,N4,94.0
2018-10-19T06:00:00,N,N4,119.00000000000004
2018-10-19T07:00:00,N,N4,121.00000000000004
2018-10-19T08:00:00,N,N4,133.0
2018-10-19T09:00:00,N,N4,133.0
2018-10-19T10:00:00,N,N4,127.25
2018-10-19T11:00:00,N,N4,135.16666666666666
2018-10-19T12:00:00,N,N4,114.00000000000004
2018-10-19T13:00:00,N,N4,100.00000000000004
2018-10-19T14:00:00,N,N4,104.99999999999996
2018-10-19T15:00:00,N,N4,104.99999999999996
2018-10-19T16:00:00,N,N4,138.99999999999997
2018-10-19T17:00:00,N,N4,146.0
2018-10-19T18:00:00,N,N4,146.0
2018-10-19T19:00:00,N,N4,190.0
2018-10-19T20:00:00,N,N4,176.99999999999994
2018-10-19T21:00:00,N,N4,152.0
2018-10-19T22:00:00,N,N4,138.00000000000006
2018-10-19T23:00:00,N,N4,122.00000000000004
2018-10-20T00:00:00,N,N4,111.99999999999996
2018-10-20T01:00:00,N,N4,111.99999999999996
2018-10-20T02:00:00,N,N4,108.00000000000004
2018-10-20T03:00:00,N,N4,104.99999999999996
2018-10-20T04:00:00,N,N4,104.99999999999996
2018-10-20T05:00:00,N,N4,106.99999999999996
2018-10-20T06:00:00,N,N4,118.00000000000004
2018-10-20T07:00:00,N,N4,133.0
2018-10-20T08:00:00,N,N4,135.00000000000003
2018-10-20T09:00:00,N,N4,138.99999999999997
2018-10-20T10:00:00,N,N4,136.00000000000006
2018-10-20T11:00:00,N,N4,144.0
2018-10-20T12:00:00,N,N4,142.00000000000003
2018-10-20T13:00:00,N,N4,129.99999999999997
2018-10-20T14:00:00,N,N4,135.00000000000003
2018-10-20T15:00:00,N,N4,136.00000000000006
2018-10-20T16:00:00,N,N4,131.99999999999997
2018-10-20T17:00:00,N,N4,136.00000000000006
2018-10-20T18:00:00,N,N4,146.0
2018-10-20T19:00:00,N,N4,182.0
2018-10-20T20:00:00,N,N4,167.00000000000006
2018-10-20T21:00:00,N,N4,152.0
2018-10-20T22:00:00,N,N4,136.00000000000006
2018-10-20T23:00:00,N,N4,129.99999999999997
2018-10-21T00:00:00,N,N4,119.99999999999996
2018-10-21T01:00:00,N,N4,114.00000000000004
2018-10-21T02:00:00,N,N4,105.99999999999996
2018-10-21T03:00:00,N,N4,104.99999999999996
2018-10-21T04:00:00,N,N4,104.99999999999996
2018-10-21T05:00:00,N,N4,104.99999999999996
2018-10-21T06:00:00,N,N4,110.00000000000004
2018-10-21T07:00:00,N,N4,115.0
2018-10-21T08:00:00,N,N4,119.99999999999996
2018-10-21T09:00:00,N,N4,119.99999999999996
2018-10-21T10:00:00,N,N4,133.0
2018-10-21T11:00:00,N,N4,144.99999999999997
2018-10-21T12:00:00,N,N4,127.99999999999996
2018-10-21T13:00:00,N,N4,117.00000000000004
2018-10-21T14:00:00,N,N4,117.00000000000004
2018-10-21T15:00:00,N,N4,118.00000000000004
2018-10-21T16:00:00,N,N4,118.00000000000004
2018-10-21T17:00:00,N,N4,111.99999999999996
2018-10-21T18:00:00,N,N4,122.99999999999994
2018-10-21T19:00:00,N,N4,174.0
2018-10-21T20:00:00,N,N4,166.32286152407838
2018-10-21T21:00:00,N,N4,146.99999999999997
2018-10-21T22:00:00,N,N4,131.99999999999997
2018-10-21T23:00:00,N,N4,121.20297593210164
2018-10-22T00:00:00,N,N4,115.0
2018-10-22T01:00:00,N,N4,111.99999999999996
2018-10-22T02:00:00,N,N4,111.99999999999996
2018-10-22T03:00:00,N,N4,111.99999999999996
2018-10-22T04:00:00,N,N4,111.99999999999996
2018-10-22T05:00:00,N,N4,111.99999999999996
2018-10-22T06:00:00,N,N4,120.15542411837112
2018-10-22T07:00:00,N,N4,119.99999999999996
2018-10-22T08:00:00,N,N4,131.99999999999997
2018-10-22T09:00:00,N,N4,122.72727272727276
2018-10-22T10:00:00,N,N4,129.16666666666666
2018-10-22T11:00:00,N,N4,138.58333333333334
2018-10-22T12:00:00,N,N4,125.91666666666669
2018-10-22T13:00:00,N,N4,112.33333333333331
2018-10-22T14:00:00,N,N4,115.4
2018-10-22T15:00:00,N,N4,118.72727272727272
2018-10-22T16:00:00,N,N4,117.72727272727272
2018-10-22T17:00:00,N,N4,133.6133296917267
2018-10-22T18:00:00,N,N4,141.3440961623114
2018-10-22T19:00:00,N,N4,157.01405376099663
2018-10-22T20:00:00,N,N4,146.40728943089928
2018-10-22T21:00:00,N,N4,126.3958839247574
2018-10-22T22:00:00,N,N4,111.6376119747018
2018-10-22T23:00:00,N,N4,98.0969282862898
2018-10-23T00:00:00,N,N4,95.48609812387087
2018-10-23T01:00:00,N,N4,114.58872895489948
2018-10-23T02:00:00,N,N4,110.4408623610138
2018-10-23T03:00:00,N,N4,108.1516106140014
2018-10-23T04:00:00,N,N4,106.1896994250983
2018-10-23T05:00:00,N,N4,109.15060193647471
2018-10-23T06:00:00,N,N4,119.00000000000004
2018-10-23T07:00:00,N,N4,126.0
2018-10-23T08:00:00,N,N4,121.00000000000004
2018-10-23T09:00:00,N,N4,127.99999999999996
2018-10-23T10:00:00,N,N4,125.00000000000004
2018-10-23T11:00:00,N,N4,133.99999999999997
2018-10-23T12:00:00,N,N4,124.00000000000004
2018-10-23T13:00:00,N,N4,111.99999999999996
2018-10-23T14:00:00,N,N4,108.00000000000004
2018-10-23T15:00:00,N,N4,114.00000000000004
2018-10-23T16:00:00,N,N4,125.30063352027535
2018-10-23T17:00:00,N,N4,137.25
2018-10-23T18:00:00,N,N4,145.56845897616893
2018-10-23T19:00:00,N,N4,160.59509406183733
2018-10-23T20:00:00,N,N4,148.1659309840578
2018-10-23T21:00:00,N,N4,130.16187761317914
2018-10-23T22:00:00,N,N4,113.53997707478
2018-10-23T23:00:00,N,N4,103.95109995758656
2018-10-24T00:00:00,N,N4,99.66353606393956
2018-10-24T01:00:00,N,N4,98.08079008177457
2018-10-24T02:00:00,N,N4,93.245485692059
2018-10-24T03:00:00,N,N4,91.7715275967991
2018-10-24T04:00:00,N,N4,91.90948880952632
2018-10-24T05:00:00,N,N4,96.6875639872651
2018-10-24T06:00:00,N,N4,105.31621331908416
2018-10-24T07:00:00,N,N4,118.00000000000004
2018-10-24T08:00:00,N,N4,125.00000000000004
2018-10-24T09:00:00,N,N4,130.99999999999994
2018-10-24T10:00:00,N,N4,136.00000000000006
2018-10-24T11:00:00,N,N4,146.0
2018-10-24T12:00:00,N,N4,133.99999999999997
2018-10-24T13:00:00,N,N4,110.99999999999996
2018-10-24T14:00:00,N,N4,110.99999999999996
2018-10-24T15:00:00,N,N4,113.10897129119635
2018-10-24T16:00:00,N,N4,119.99999999999996
2018-10-24T17:00:00,N,N4,142.00000000000003
2018-10-24T18:00:00,N,N4,146.99999999999997
2018-10-24T19:00:00,N,N4,163.0
2018-10-24T20:00:00,N,N4,138.00000000000006
2018-10-24T21:00:00,N,N4,125.00000000000004
2018-10-24T22:00:00,N,N4,115.0
2018-10-24T23:00:00,N,N4,104.99999999999989
2018-10-25T00:00:00,N,N4,100.00000000000004
2018-10-25T01:00:00,N,N4,95.0
2018-10-25T02:00:00,N,N4,95.0
2018-10-25T03:00:00,N,N4,95.0
2018-10-25T04:00:00,N,N4,95.0
2018-10-25T05:00:00,N,N4,95.0
2018-10-25T06:00:00,N,N4,121.00000000000004
2018-10-25T07:00:00,N,N4,116.0
2018-10-25T08:00:00,N,N4,125.00000000000004
2018-10-25T09:00:00,N,N4,136.00000000000006
2018-10-25T10:00:00,N,N4,137.00000000000003
2018-10-25T11:00:00,N,N4,144.99999999999997
2018-10-25T12:00:00,N,N4,131.99999999999997
2018-10-25T13:00:00,N,N4,111.99999999999996
2018-10-25T14:00:00,N,N4,113.00000000000004
2018-10-25T15:00:00,N,N4,113.00000000000004
2018-10-25T16:00:00,N,N4,116.0
2018-10-25T17:00:00,N,N4,116.0
2018-10-25T18:00:00,N,N4,137.00000000000003
2018-10-25T19:00:00,N,N4,167.99999999999997
2018-10-25T20:00:00,N,N4,155.00000000000003
2018-10-25T21:00:00,N,N4,131.99999999999997
2018-10-25T22:00:00,N,N4,126.0
2018-10-25T23:00:00,N,N4,111.99999999999996
2018-10-26T00:00:00,N,N4,93.39207592916048
2018-10-26T01:00:00,N,N4,90.16741594732598
2018-10-26T02:00:00,N,N4,87.26800745653213
2018-10-26T03:00:00,N,N4,86.38392287424239
2018-10-26T04:00:00,N,N4,86.2015951215044
2018-10-26T05:00:00,N,N4,94.60205042215568
2018-10-26T06:00:00,N,N4,104.04757299131154
2018-10-26T07:00:00,N,N4,105.97211778555452
2018-10-26T08:00:00,N,N4,68.16272011053235
2018-10-26T09:00:00,N,N4,76.20110105871507
2018-10-26T10:00:00,N,N4,85.99999999999997
2018-10-26T11:00:00,N,N4,97.0
2018-10-26T12:00:00,N,N4,97.0
2018-10-26T13:00:00,N,N4,85.00000000000001
2018-10-26T14:00:00,N,N4,88.00000000000003
2018-10-26T15:00:00,N,N4,88.99999999999999
2018-10-26T16:00:00,N,N4,90.0
2018-10-26T17:00:00,N,N4,97.0
2018-10-26T18:00:00,N,N4,101.99999999999996
2018-10-26T19:00:00,N,N4,118.00000000000004
2018-10-26T20:00:00,N,N4,101.99999999999996
2018-10-26T21:00:00,N,N4,90.0
2018-10-26T22:00:00,N,N4,72.99999999999999
2018-10-26T23:00:00,N,N4,70.00000000000003
2018-10-27T00:00:00,N,N4,64.99999999999999
2018-10-27T01:00:00,N,N4,64.99999999999999
2018-10-27T02:00:00,N,N4,64.99999999999999
2018-10-27T03:00:00,N,N4,64.99999999999999
2018-10-27T04:00:00,N,N4,59.000000000000014
2018-10-27T05:00:00,N,N4,59.000000000000014
2018-10-27T06:00:00,N,N4,64.99999999999999
2018-10-27T07:00:00,N,N4,81.00000000000003
2018-10-27T08:00:00,N,N4,88.00000000000003
2018-10-27T09:00:00,N,N4,88.00000000000003
2018-10-27T10:00:00,N,N4,88.00000000000003
2018-10-27T11:00:00,N,N4,88.00000000000003
2018-10-27T12:00:00,N,N4,88.00000000000003
2018-10-27T13:00:00,N,N4,78.0
2018-10-27T14:00:00,N,N4,72.99999999999999
2018-10-27T15:00:00,N,N4,74.42057338587776
2018-10-27T16:00:00,N,N4,78.0
2018-10-27T17:00:00,N,N4,83.99999999999999
2018-10-27T18:00:00,N,N4,88.99999999999999
2018-10-27T19:00:00,N,N4,106.99999999999996
2018-10-27T20:00:00,N,N4,101.99999999999996
2018-10-27T21:00:00,N,N4,79.99999999999997
2018-10-27T22:00:00,N,N4,77.00000000000001
2018-10-27T23:00:00,N,N4,64.99999999999999
2018-10-28T00:00:00,N,N4,59.99999999999999
2018-10-28T01:00:00,N,N4,59.99999999999999
2018-10-28T02:00:00,N,N4,59.99999999999999
2018-10-28T03:00:00,N,N4,59.99999999999999
2018-10-28T04:00:00,N,N4,59.99999999999999
2018-10-28T05:00:00,N,N4,59.99999999999999
2018-10-28T06:00:00,N,N4,62.00000000000001
2018-10-28T07:00:00,N,N4,70.00000000000003
2018-10-28T08:00:00,N,N4,72.0
2018-10-28T09:00:00,N,N4,72.0
2018-10-28T10:00:00,N,N4,85.99999999999997
2018-10-28T11:00:00,N,N4,85.00000000000001
2018-10-28T12:00:00,N,N4,78.0
2018-10-28T13:00:00,N,N4,68.00000000000001
2018-10-28T14:00:00,N,N4,72.0
2018-10-28T15:00:00,N,N4,72.0
2018-10-28T16:00:00,N,N4,72.0
2018-10-28T17:00:00,N,N4,78.0
2018-10-28T18:00:00,N,N4,83.00000000000003
2018-10-28T19:00:00,N,N4,108.00000000000004
2018-10-28T20:00:00,N,N4,106.99999999999996
2018-10-28T21:00:00,N,N4,82.00000000000001
2018-10-28T22:00:00,N,N4,77.00000000000001
2018-10-28T23:00:00,N,N4,71.0
2018-10-29T00:00:00,N,N4,65.99999999999997
2018-10-29T01:00:00,N,N4,62.99999999999999
2018-10-29T02:00:00,N,N4,61.00000000000001
2018-10-29T03:00:00,N,N4,61.00000000000001
2018-10-29T04:00:00,N,N4,59.000000000000014
2018-10-29T05:00:00,N,N4,63.99999999999998
2018-10-29T06:00:00,N,N4,74.99999999999997
2018-10-29T07:00:00,N,N4,76.0
2018-10-29T08:00:00,N,N4,88.00000000000003
2018-10-29T09:00:00,N,N4,100.00000000000004
2018-10-29T10:00:00,N,N4,103.0
2018-10-29T11:00:00,N,N4,110.00000000000004
2018-10-29T12:00:00,N,N4,96.0
2018-10-29T13:00:00,N,N4,87.0
2018-10-29T14:00:00,N,N4,100.00000000000004
2018-10-29T15:00:00,N,N4,100.00000000000004
2018-10-29T16:00:00,N,N4,100.00000000000004
2018-10-29T17:00:00,N,N4,104.99999999999996
2018-10-29T18:00:00,N,N4,104.0
2018-10-29T19:00:00,N,N4,119.99999999999996
2018-10-29T20:00:00,N,N4,119.99999999999996
2018-10-29T21:00:00,N,N4,97.0
2018-10-29T22:00:00,N,N4,87.0
2018-10-29T23:00:00,N,N4,74.99999999999997
2018-10-30T00:00:00,N,N4,70.00000000000003
2018-10-30T01:00:00,N,N4,63.99999999999998
2018-10-30T02:00:00,N,N4,63.99999999999998
2018-10-30T03:00:00,N,N4,63.99999999999998
2018-10-30T04:00:00,N,N4,63.99999999999998
2018-10-30T05:00:00,N,N4,63.99999999999998
2018-10-30T06:00:00,N,N4,79.99999999999997
2018-10-30T07:00:00,N,N4,77.00000000000001
2018-10-30T08:00:00,N,N4,93.00000000000004
2018-10-30T09:00:00,N,N4,99.0
2018-10-30T10:00:00,N,N4,103.0
2018-10-30T11:00:00,N,N4,116.0
2018-10-30T12:00:00,N,N4,104.0
2018-10-30T13:00:00,N,N4,98.00000000000004
2018-10-30T14:00:00,N,N4,114.00000000000004
2018-10-30T15:00:00,N,N4,110.99999999999996
2018-10-30T16:00:00,N,N4,108.00000000000004
2018-10-30T17:00:00,N,N4,116.0
2018-10-30T18:00:00,N,N4,110.00000000000004
2018-10-30T19:00:00,N,N4,137.00000000000003
2018-10-30T20:00:00,N,N4,131.99999999999997
2018-10-30T21:00:00,N,N4,122.00000000000004
2018-10-30T22:00:00,N,N4,105.99999999999996
2018-10-30T23:00:00,N,N4,105.99999999999996
2018-10-31T00:00:00,N,N4,95.0
2018-10-31T01:00:00,N,N4,88.99999999999999
2018-10-31T02:00:00,N,N4,83.99999999999999
2018-10-31T03:00:00,N,N4,83.99999999999999
2018-10-31T04:00:00,N,N4,83.99999999999999
2018-10-31T05:00:00,N,N4,83.99999999999999
2018-10-31T06:00:00,N,N4,90.0
2018-10-31T07:00:00,N,N4,105.46694952062028
2018-10-31T08:00:00,N,N4,67.0277652096666
2018-10-31T09:00:00,N,N4,124.13751800751672
2018-10-31T10:00:00,N,N4,70.71198784297546
2018-10-31T11:00:00,N,N4,76.0
2018-10-31T12:00:00,N,N4,65.99999999999997
2018-10-31T13:00:00,N,N4,103.99549563287648
2018-10-31T14:00:00,N,N4,119.25549691047968
2018-10-31T15:00:00,N,N4,114.80897129119634
2018-10-31T16:00:00,N,N4,70.3879645402403
2018-10-31T17:00:00,N,N4,80.30539526882771
2018-10-31T18:00:00,N,N4,88.99999999999999
2018-10-31T19:00:00,N,N4,99.0
2018-10-31T20:00:00,N,N4,99.0
2018-10-31T21:00:00,N,N4,72.99999999999999
2018-10-31T22:00:00,N,N4,62.99999999999999
2018-10-31T23:00:00,N,N4,57.99999999999999
2018-11-01T00:00:00,N,N4,57.99999999999999
2018-11-01T01:00:00,N,N4,53.00000000000001
2018-11-01T02:00:00,N,N4,53.00000000000001
2018-11-01T03:00:00,N,N4,53.00000000000001
2018-11-01T04:00:00,N,N4,53.00000000000001
2018-11-01T05:00:00,N,N4,53.00000000000001
2018-11-01T06:00:00,N,N4,62.99999999999999
2018-11-01T07:00:00,N,N4,62.99999999999999
2018-11-01T08:00:00,N,N4,72.99999999999999
2018-11-01T09:00:00,N,N4,69.00000000000001
2018-11-01T10:00:00,N,N4,72.99999999999999
2018-11-01T11:00:00,N,N4,85.99999999999997
2018-11-01T12:00:00,N,N4,74.00000000000003
2018-11-01T13:00:00,N,N4,65.99999999999997
2018-11-01T14:00:00,N,N4,71.0
2018-11-01T15:00:00,N,N4,70.00000000000003
2018-11-01T16:00:00,N,N4,72.99999999999999
2018-11-01T17:00:00,N,N4,77.00000000000001
2018-11-01T18:00:00,N,N4,79.99999999999997
2018-11-01T19:00:00,N,N4,90.0
2018-11-01T20:00:00,N,N4,90.0
2018-11-01T21:00:00,N,N4,74.99999999999997
2018-11-01T22:00:00,N,N4,70.00000000000003
2018-11-01T23:00:00,N,N4,64.99999999999999
2018-11-02T00:00:00,N,N4,59.99999999999999
2018-11-02T01:00:00,N,N4,59.99999999999999
2018-11-02T02:00:00,N,N4,59.99999999999999
2018-11-02T03:00:00,N,N4,52.00000000000001
2018-11-02T04:00:00,N,N4,52.00000000000001
2018-11-02T05:00:00,N,N4,55.000000000000014
2018-11-02T06:00:00,N,N4,64.99999999999999
2018-11-02T07:00:00,N,N4,66.99999999999997
2018-11-02T08:00:00,N,N4,79.99999999999997
2018-11-02T09:00:00,N,N4,83.99999999999999
2018-11-02T10:00:00,N,N4,83.00000000000003
2018-11-02T11:00:00,N,N4,93.00000000000004
2018-11-02T12:00:00,N,N4,85.00000000000001
2018-11-02T13:00:00,N,N4,76.0
2018-11-02T14:00:00,N,N4,79.99999999999997
2018-11-02T15:00:00,N,N4,85.99999999999997
2018-11-02T16:00:00,N,N4,85.00000000000001
2018-11-02T17:00:00,N,N4,85.99999999999997
2018-11-02T18:00:00,N,N4,83.99999999999999
2018-11-02T19:00:00,N,N4,104.0
2018-11-02T20:00:00,N,N4,104.0
2018-11-02T21:00:00,N,N4,79.99999999999997
2018-11-02T22:00:00,N,N4,79.99999999999997
2018-11-02T23:00:00,N,N4,66.99999999999997
2018-11-03T00:00:00,N,N4,62.00000000000001
2018-11-03T01:00:00,N,N4,62.00000000000001
2018-11-03T02:00:00,N,N4,63.99999999999998
2018-11-03T03:00:00,N,N4,55.000000000000014
2018-11-03T04:00:00,N,N4,55.000000000000014
2018-11-03T05:00:00,N,N4,57.99999999999999
2018-11-03T06:00:00,N,N4,63.99999999999998
2018-11-03T07:00:00,N,N4,79.0
2018-11-03T08:00:00,N,N4,83.99999999999999
2018-11-03T09:00:00,N,N4,90.0
2018-11-03T10:00:00,N,N4,93.00000000000004
2018-11-03T11:00:00,N,N4,88.00000000000003
2018-11-03T12:00:00,N,N4,79.0
2018-11-03T13:00:00,N,N4,69.00000000000001
2018-11-03T14:00:00,N,N4,65.99999999999997
2018-11-03T15:00:00,N,N4,64.09297698663887
2018-11-03T16:00:00,N,N4,63.78673377031338
2018-11-03T17:00:00,N,N4,120.5
2018-11-03T18:00:00,N,N4,132.66096252245833
2018-11-03T19:00:00,N,N4,148.91666666666666
2018-11-03T20:00:00,N,N4,145.33169317115048
2018-11-03T21:00:00,N,N4,116.0
2018-11-03T22:00:00,N,N4,105.99999999999996
2018-11-03T23:00:00,N,N4,96.0
2018-11-04T00:00:00,N,N4,90.99999999999996
2018-11-04T01:00:00,N,N4,85.00000000000001
2018-11-04T02:00:00,N,N4,85.00000000000001
2018-11-04T03:00:00,N,N4,85.00000000000001
2018-11-04T04:00:00,N,N4,85.00000000000001
2018-11-04T05:00:00,N,N4,86.00000000000004
2018-11-04T06:00:00,N,N4,92.0
2018-11-04T07:00:00,N,N4,101.00000000000004
2018-11-04T08:00:00,N,N4,100.00000000000004
2018-11-04T09:00:00,N,N4,116.0
2018-11-04T10:00:00,N,N4,125.00000000000004
2018-11-04T11:00:00,N,N4,124.94336675697797
2018-11-04T12:00:00,N,N4,104.99999999999996
2018-11-04T13:00:00,N,N4,96.68587973070292
2018-11-04T14:00:00,N,N4,101.99999999999996
2018-11-04T15:00:00,N,N4,101.99999999999996
2018-11-04T16:00:00,N,N4,101.99999999999996
2018-11-04T17:00:00,N,N4,101.99999999999996
2018-11-04T18:00:00,N,N4,108.00000000000004
2018-11-04T19:00:00,N,N4,143.29770543051845
2018-11-04T20:00:00,N,N4,159.99999999999994
2018-11-04T21:00:00,N,N4,149.99999999999997
2018-11-04T22:00:00,N,N4,129.99999999999997
2018-11-04T23:00:00,N,N4,116.0
2018-11-05T00:00:00,N,N4,105.99999999999996
2018-11-05T01:00:00,N,N4,105.99999999999996
2018-11-05T02:00:00,N,N4,105.99999999999996
2018-11-05T03:00:00,N,N4,105.99999999999996
2018-11-05T04:00:00,N,N4,105.99999999999996
2018-11-05T05:00:00,N,N4,105.99999999999996
2018-11-05T06:00:00,N,N4,116.0
2018-11-05T07:00:00,N,N4,115.99999999999989
2018-11-05T08:00:00,N,N4,127.0
2018-11-05T09:00:00,N,N4,137.00000000000003
2018-11-05T10:00:00,N,N4,147.99999999999994
2018-11-05T11:00:00,N,N4,152.0
2018-11-05T12:00:00,N,N4,144.99999999999997
2018-11-05T13:00:00,N,N4,129.99999999999997
2018-11-05T14:00:00,N,N4,137.00000000000003
2018-11-05T15:00:00,N,N4,127.99999999999996
2018-11-05T16:00:00,N,N4,127.99999999999996
2018-11-05T17:00:00,N,N4,138.00000000000006
2018-11-05T18:00:00,N,N4,138.99999999999997
2018-11-05T19:00:00,N,N4,188.0
2018-11-05T20:00:00,N,N4,184.99999999999991
2018-11-05T21:00:00,N,N4,175.00000000000009
2018-11-05T22:00:00,N,N4,149.99999999999997
2018-11-05T23:00:00,N,N4,135.00000000000003
2018-11-06T00:00:00,N,N4,129.99999999999997
2018-11-06T01:00:00,N,N4,119.99999999999996
2018-11-06T02:00:00,N,N4,119.99999999999996
2018-11-06T03:00:00,N,N4,119.99999999999996
2018-11-06T04:00:00,N,N4,119.99999999999996
2018-11-06T05:00:00,N,N4,119.99999999999996
2018-11-06T06:00:00,N,N4,136.00000000000006
2018-11-06T07:00:00,N,N4,127.0
2018-11-06T08:00:00,N,N4,129.99999999999997
2018-11-06T09:00:00,N,N4,142.00000000000003
2018-11-06T10:00:00,N,N4,146.99999999999997
2018-11-06T11:00:00,N,N4,159.0
2018-11-06T12:00:00,N,N4,146.99999999999997
2018-11-06T13:00:00,N,N4,138.00000000000006
2018-11-06T14:00:00,N,N4,146.99999999999997
2018-11-06T15:00:00,N,N4,141.00000000000003
2018-11-06T16:00:00,N,N4,144.99999999999997
2018-11-06T17:00:00,N,N4,142.00000000000003
2018-11-06T18:00:00,N,N4,135.00000000000003
2018-11-06T19:00:00,N,N4,184.99999999999991
2018-11-06T20:00:00,N,N4,161.00000000000003
2018-11-06T21:00:00,N,N4,146.99999999999997
2018-11-06T22:00:00,N,N4,136.00000000000006
2018-11-06T23:00:00,N,N4,119.99999999999996
2018-11-07T00:00:00,N,N4,119.99999999999996
2018-11-07T01:00:00,N,N4,115.0
2018-11-07T02:00:00,N,N4,111.99999999999996
2018-11-07T03:00:00,N,N4,110.00000000000004
2018-11-07T04:00:00,N,N4,105.99999999999996
2018-11-07T05:00:00,N,N4,105.99999999999996
2018-11-07T06:00:00,N,N4,122.00000000000004
2018-11-07T07:00:00,N,N4,119.99999999999996
2018-11-07T08:00:00,N,N4,131.99999999999997
2018-11-07T09:00:00,N,N4,141.00000000000003
2018-11-07T10:00:00,N,N4,154.00000000000006
2018-11-07T11:00:00,N,N4,166.00000000000006
2018-11-07T12:00:00,N,N4,116.01370900670445
2018-11-07T13:00:00,N,N4,90.99999999999996
2018-11-07T14:00:00,N,N4,154.00000000000006
2018-11-07T15:00:00,N,N4,147.99999999999994
2018-11-07T16:00:00,N,N4,149.0
2018-11-07T17:00:00,N,N4,149.0
2018-11-07T18:00:00,N,N4,144.99999999999997
2018-11-07T19:00:00,N,N4,201.0
2018-11-07T20:00:00,N,N4,201.0
2018-11-07T21:00:00,N,N4,164.99999999999994
2018-11-07T22:00:00,N,N4,144.99999999999997
2018-11-07T23:00:00,N,N4,133.0
2018-11-08T00:00:00,N,N4,121.00000000000004
2018-11-08T01:00:00,N,N4,121.00000000000004
2018-11-08T02:00:00,N,N4,110.00000000000004
2018-11-08T03:00:00,N,N4,104.99999999999996
2018-11-08T04:00:00,N,N4,104.99999999999996
2018-11-08T05:00:00,N,N4,121.00000000000004
2018-11-08T06:00:00,N,N4,126.0
2018-11-08T07:00:00,N,N4,121.00000000000004
2018-11-08T08:00:00,N,N4,130.99999999999994
2018-11-08T09:00:00,N,N4,131.99999999999997
2018-11-08T10:00:00,N,N4,138.99999999999997
2018-11-08T11:00:00,N,N4,156.0
2018-11-08T12:00:00,N,N4,142.00000000000003
2018-11-08T13:00:00,N,N4,129.99999999999997
2018-11-08T14:00:00,N,N4,138.99999999999997
2018-11-08T15:00:00,N,N4,138.00000000000006
2018-11-08T16:00:00,N,N4,133.0
2018-11-08T17:00:00,N,N4,142.00000000000003
2018-11-08T18:00:00,N,N4,144.99999999999997
2018-11-08T19:00:00,N,N4,186.00000000000009
2018-11-08T20:00:00,N,N4,186.00000000000009
2018-11-08T21:00:00,N,N4,152.0
2018-11-08T22:00:00,N,N4,142.00000000000003
2018-11-08T23:00:00,N,N4,127.0
2018-11-09T00:00:00,N,N4,122.00000000000004
2018-11-09T01:00:00,N,N4,114.00000000000004
2018-11-09T02:00:00,N,N4,105.99999999999996
2018-11-09T03:00:00,N,N4,105.99999999999996
2018-11-09T04:00:00,N,N4,105.99999999999996
2018-11-09T05:00:00,N,N4,116.0
2018-11-09T06:00:00,N,N4,119.99999999999996
2018-11-09T07:00:00,N,N4,121.00000000000004
2018-11-09T08:00:00,N,N4,131.99999999999997
2018-11-09T09:00:00,N,N4,130.99999999999994
2018-11-09T10:00:00,N,N4,146.99999999999997
2018-11-09T11:00:00,N,N4,156.99999999999994
2018-11-09T12:00:00,N,N4,146.99999999999997
2018-11-09T13:00:00,N,N4,127.0
2018-11-09T14:00:00,N,N4,138.00000000000006
2018-11-09T15:00:00,N,N4,136.00000000000006
2018-11-09T16:00:00,N,N4,130.99999999999994
2018-11-09T17:00:00,N,N4,138.00000000000006
2018-11-09T18:00:00,N,N4,138.00000000000006
2018-11-09T19:00:00,N,N4,184.99999999999991
2018-11-09T20:00:00,N,N4,188.0
2018-11-09T21:00:00,N,N4,159.99999999999994
2018-11-09T22:00:00,N,N4,138.99999999999997
2018-11-09T23:00:00,N,N4,126.0
2018-11-10T00:00:00,N,N4,116.0
2018-11-10T01:00:00,N,N4,110.00000000000004
2018-11-10T02:00:00,N,N4,110.00000000000004
2018-11-10T03:00:00,N,N4,108.99999999999989
2018-11-10T04:00:00,N,N4,108.99999999999996
2018-11-10T05:00:00,N,N4,114.00000000000004
2018-11-10T06:00:00,N,N4,111.99999999999996
2018-11-10T07:00:00,N,N4,125.00000000000004
2018-11-10T08:00:00,N,N4,135.00000000000003
2018-11-10T09:00:00,N,N4,137.00000000000003
2018-11-10T10:00:00,N,N4,147.99999999999994
2018-11-10T11:00:00,N,N4,155.00000000000003
2018-11-10T12:00:00,N,N4,135.00000000000003
2018-11-10T13:00:00,N,N4,135.00000000000003
2018-11-10T14:00:00,N,N4,138.99999999999997
2018-11-10T15:00:00,N,N4,133.99999999999997
2018-11-10T16:00:00,N,N4,135.00000000000003
2018-11-10T17:00:00,N,N4,139.99999999999994
2018-11-10T18:00:00,N,N4,139.99999999999994
2018-11-10T19:00:00,N,N4,182.0
2018-11-10T20:00:00,N,N4,188.0
2018-11-10T21:00:00,N,N4,170.00000000000006
2018-11-10T22:00:00,N,N4,146.0
2018-11-10T23:00:00,N,N4,135.00000000000003
2018-11-11T00:00:00,N,N4,125.00000000000004
2018-11-11T01:00:00,N,N4,119.99999999999996
2018-11-11T02:00:00,N,N4,115.0
2018-11-11T03:00:00,N,N4,115.0
2018-11-11T04:00:00,N,N4,115.0
2018-11-11T05:00:00,N,N4,115.0
2018-11-11T06:00:00,N,N4,117.00000000000004
2018-11-11T07:00:00,N,N4,117.00000000000004
2018-11-11T08:00:00,N,N4,117.00000000000004
2018-11-11T09:00:00,N,N4,119.99999999999996
2018-11-11T10:00:00,N,N4,131.99999999999997
2018-11-11T11:00:00,N,N4,139.99999999999994
2018-11-11T12:00:00,N,N4,119.99999999999996
2018-11-11T13:00:00,N,N4,115.0
2018-11-11T14:00:00,N,N4,118.00000000000004
2018-11-11T15:00:00,N,N4,118.00000000000004
2018-11-11T16:00:00,N,N4,118.00000000000004
2018-11-11T17:00:00,N,N4,122.99999999999994
2018-11-11T18:00:00,N,N4,122.99999999999994
2018-11-11T19:00:00,N,N4,173.00000000000006
2018-11-11T20:00:00,N,N4,184.99999999999991
2018-11-11T21:00:00,N,N4,171.99999999999994
2018-11-11T22:00:00,N,N4,156.99999999999994
2018-11-11T23:00:00,N,N4,138.99999999999997
2018-11-12T00:00:00,N,N4,122.00000000000004
2018-11-12T01:00:00,N,N4,122.99999999999994
2018-11-12T02:00:00,N,N4,119.99999999999996
2018-11-12T03:00:00,N,N4,119.99999999999996
2018-11-12T04:00:00,N,N4,110.00000000000004
2018-11-12T05:00:00,N,N4,110.00000000000004
2018-11-12T06:00:00,N,N4,119.99999999999996
2018-11-12T07:00:00,N,N4,121.00000000000004
2018-11-12T08:00:00,N,N4,138.00000000000006
2018-11-12T09:00:00,N,N4,147.99999999999994
2018-11-12T10:00:00,N,N4,163.0
2018-11-12T11:00:00,N,N4,173.00000000000006
2018-11-12T12:00:00,N,N4,163.0
2018-11-12T13:00:00,N,N4,146.0
2018-11-12T14:00:00,N,N4,159.0
2018-11-12T15:00:00,N,N4,156.0
2018-11-12T16:00:00,N,N4,155.00000000000003
2018-11-12T17:00:00,N,N4,155.00000000000003
2018-11-12T18:00:00,N,N4,151.0
2018-11-12T19:00:00,N,N4,169.0
2018-11-12T20:00:00,N,N4,188.9789444400278
2018-11-12T21:00:00,N,N4,191.0
2018-11-12T22:00:00,N,N4,167.99999999999997
2018-11-12T23:00:00,N,N4,146.0
2018-11-13T00:00:00,N,N4,146.0
2018-11-13T01:00:00,N,N4,139.99999999999994
2018-11-13T02:00:00,N,N4,133.0
2018-11-13T03:00:00,N,N4,133.0
2018-11-13T04:00:00,N,N4,133.0
2018-11-13T05:00:00,N,N4,133.0
2018-11-13T06:00:00,N,N4,137.00000000000003
2018-11-13T07:00:00,N,N4,138.00000000000006
2018-11-13T08:00:00,N,N4,139.99999999999994
2018-11-13T09:00:00,N,N4,156.0
2018-11-13T10:00:00,N,N4,156.0
2018-11-13T11:00:00,N,N4,175.99999999999991
2018-11-13T12:00:00,N,N4,154.00000000000006
2018-11-13T13:00:00,N,N4,146.72251607629798
2018-11-13T14:00:00,N,N4,154.084650566214
2018-11-13T15:00:00,N,N4,154.76916558779965
2018-11-13T16:00:00,N,N4,156.99999999999994
2018-11-13T17:00:00,N,N4,159.99999999999994
2018-11-13T18:00:00,N,N4,156.0
2018-11-13T19:00:00,N,N4,211.00000000000003
2018-11-13T20:00:00,N,N4,212.0
2018-11-13T21:00:00,N,N4,195.0
2018-11-13T22:00:00,N,N4,127.0
2018-11-13T23:00:00,N,N4,115.0
2018-11-14T00:00:00,N,N4,101.99999999999996
2018-11-14T01:00:00,N,N4,95.0909090909091
2018-11-14T02:00:00,N,N4,74.99999999999997
2018-11-14T03:00:00,N,N4,72.0
2018-11-14T04:00:00,N,N4,78.0
2018-11-14T05:00:00,N,N4,78.0
2018-11-14T06:00:00,N,N4,88.99999999999999
2018-11-14T07:00:00,N,N4,90.99999999999996
2018-11-14T08:00:00,N,N4,106.99999999999996
2018-11-14T09:00:00,N,N4,110.99999999999996
2018-11-14T10:00:00,N,N4,98.00000000000004
2018-11-14T11:00:00,N,N4,124.00000000000004
2018-11-14T12:00:00,N,N4,116.0
2018-11-14T13:00:00,N,N4,100.00000000000004
2018-11-14T14:00:00,N,N4,110.99999999999996
2018-11-14T15:00:00,N,N4,108.00000000000004
2018-11-14T16:00:00,N,N4,110.00000000000004
2018-11-14T17:00:00,N,N4,111.99999999999996
2018-11-14T18:00:00,N,N4,124.00000000000004
2018-11-14T19:00:00,N,N4,129.99999999999997
2018-11-14T20:00:00,N,N4,175.00000000000009
2018-11-14T21:00:00,N,N4,142.00000000000003
2018-11-14T22:00:00,N,N4,117.00000000000004
2018-11-14T23:00:00,N,N4,104.99999999999996
2018-11-15T00:00:00,N,N4,100.00000000000004
2018-11-15T01:00:00,N,N4,92.0
2018-11-15T02:00:00,N,N4,92.0
2018-11-15T03:00:00,N,N4,92.0
2018-11-15T04:00:00,N,N4,87.0
2018-11-15T05:00:00,N,N4,92.0
2018-11-15T06:00:00,N,N4,111.99999999999996
2018-11-15T07:00:00,N,N4,117.00000000000004
2018-11-15T08:00:00,N,N4,122.99999999999994
2018-11-15T09:00:00,N,N4,133.0
2018-11-15T10:00:00,N,N4,137.00000000000003
2018-11-15T11:00:00,N,N4,152.0
2018-11-15T12:00:00,N,N4,131.99999999999997
2018-11-15T13:00:00,N,N4,117.00000000000004
2018-11-15T14:00:00,N,N4,125.00000000000004
2018-11-15T15:00:00,N,N4,127.99999999999996
2018-11-15T16:00:00,N,N4,126.0
2018-11-15T17:00:00,N,N4,127.0
2018-11-15T18:00:00,N,N4,136.00000000000006
2018-11-15T19:00:00,N,N4,141.00000000000003
2018-11-15T20:00:00,N,N4,175.99999999999991
2018-11-15T21:00:00,N,N4,139.99999999999994
2018-11-15T22:00:00,N,N4,119.99999999999996
2018-11-15T23:00:00,N,N4,111.99999999999996
2018-11-16T00:00:00,N,N4,104.99999999999996
2018-11-16T01:00:00,N,N4,100.00000000000004
2018-11-16T02:00:00,N,N4,92.0
2018-11-16T03:00:00,N,N4,92.0
2018-11-16T04:00:00,N,N4,92.0
2018-11-16T05:00:00,N,N4,100.00000000000004
2018-11-16T06:00:00,N,N4,110.00000000000004
2018-11-16T07:00:00,N,N4,117.00000000000004
2018-11-16T08:00:00,N,N4,127.0
2018-11-16T09:00:00,N,N4,127.0
2018-11-16T10:00:00,N,N4,133.99999999999997
2018-11-16T11:00:00,N,N4,146.99999999999997
2018-11-16T12:00:00,N,N4,138.99999999999997
2018-11-16T13:00:00,N,N4,131.99999999999997
2018-11-16T14:00:00,N,N4,142.99999999999994
2018-11-16T15:00:00,N,N4,138.00000000000006
2018-11-16T16:00:00,N,N4,144.0
2018-11-16T17:00:00,N,N4,149.0
2018-11-16T18:00:00,N,N4,142.00000000000003
2018-11-16T19:00:00,N,N4,161.00000000000003
2018-11-16T20:00:00,N,N4,199.99999999999991
2018-11-16T21:00:00,N,N4,188.0
2018-11-16T22:00:00,N,N4,166.00000000000006
2018-11-16T23:00:00,N,N4,152.0
2018-11-17T00:00:00,N,N4,142.00000000000003
2018-11-17T01:00:00,N,N4,137.00000000000003
2018-11-17T02:00:00,N,N4,135.00000000000003
2018-11-17T03:00:00,N,N4,129.99999999999997
2018-11-17T04:00:00,N,N4,124.99999999999994
2018-11-17T05:00:00,N,N4,125.00000000000004
2018-11-17T06:00:00,N,N4,133.8403007071846
2018-11-17T07:00:00,N,N4,138.99999999999997
2018-11-17T08:00:00,N,N4,149.0
2018-11-17T09:00:00,N,N4,138.99999999999997
2018-11-17T10:00:00,N,N4,146.99999999999997
2018-11-17T11:00:00,N,N4,147.99999999999994
2018-11-17T12:00:00,N,N4,142.00000000000003
2018-11-17T13:00:00,N,N4,142.99999999999994
2018-11-17T14:00:00,N,N4,139.99999999999994
2018-11-17T15:00:00,N,N4,139.99999999999994
2018-11-17T16:00:00,N,N4,135.00000000000003
2018-11-17T17:00:00,N,N4,135.00000000000003
2018-11-17T18:00:00,N,N4,139.99999999999994
2018-11-17T19:00:00,N,N4,182.0
2018-11-17T20:00:00,N,N4,195.0
2018-11-17T21:00:00,N,N4,174.0
2018-11-17T22:00:00,N,N4,158.00000000000003
2018-11-17T23:00:00,N,N4,142.99999999999994
2018-11-18T00:00:00,N,N4,130.77031029781963
2018-11-18T01:00:00,N,N4,120.49201126184622
2018-11-18T02:00:00,N,N4,111.21331208326971
2018-11-18T03:00:00,N,N4,104.38767490497058
2018-11-18T04:00:00,N,N4,97.90186157944228
2018-11-18T05:00:00,N,N4,94.66975272822204
2018-11-18T06:00:00,N,N4,96.0
2018-11-18T07:00:00,N,N4,99.0
2018-11-18T08:00:00,N,N4,99.0
2018-11-18T09:00:00,N,N4,108.99999999999996
2018-11-18T10:00:00,N,N4,101.99999999999996
2018-11-18T11:00:00,N,N4,101.99999999999996
2018-11-18T12:00:00,N,N4,111.99999999999996
2018-11-18T13:00:00,N,N4,106.99999999999996
2018-11-18T14:00:00,N,N4,87.0
2018-11-18T15:00:00,N,N4,87.0
2018-11-18T16:00:00,N,N4,87.0
2018-11-18T17:00:00,N,N4,97.0
2018-11-18T18:00:00,N,N4,110.00000000000004
2018-11-18T19:00:00,N,N4,149.99999999999997
2018-11-18T20:00:00,N,N4,149.99999999999997
2018-11-18T21:00:00,N,N4,133.99999999999997
2018-11-18T22:00:00,N,N4,114.00000000000004
2018-11-18T23:00:00,N,N4,98.00000000000004
2018-11-19T00:00:00,N,N4,93.00000000000004
2018-11-19T01:00:00,N,N4,93.00000000000004
2018-11-19T02:00:00,N,N4,93.00000000000004
2018-11-19T03:00:00,N,N4,93.00000000000004
2018-11-19T04:00:00,N,N4,93.00000000000004
2018-11-19T05:00:00,N,N4,93.00000000000004
2018-11-19T06:00:00,N,N4,108.00000000000004
2018-11-19T07:00:00,N,N4,103.0
2018-11-19T08:00:00,N,N4,113.00000000000004
2018-11-19T09:00:00,N,N4,125.00000000000004
2018-11-19T10:00:00,N,N4,127.0
2018-11-19T11:00:00,N,N4,144.99999999999997
2018-11-19T12:00:00,N,N4,135.00000000000003
2018-11-19T13:00:00,N,N4,114.00000000000004
2018-11-19T14:00:00,N,N4,114.00000000000004
2018-11-19T15:00:00,N,N4,114.00000000000004
2018-11-19T16:00:00,N,N4,111.99999999999996
2018-11-19T17:00:00,N,N4,117.00000000000004
2018-11-19T18:00:00,N,N4,129.99999999999997
2018-11-19T19:00:00,N,N4,147.08466881989332
2018-11-19T20:00:00,N,N4,148.6256018860689
2018-11-19T21:00:00,N,N4,131.99999999999997
2018-11-19T22:00:00,N,N4,117.00000000000004
2018-11-19T23:00:00,N,N4,106.99999999999996
2018-11-20T00:00:00,N,N4,101.99999999999996
2018-11-20T01:00:00,N,N4,96.0
2018-11-20T02:00:00,N,N4,96.0
2018-11-20T03:00:00,N,N4,98.00000000000004
2018-11-20T04:00:00,N,N4,100.00000000000004
2018-11-20T05:00:00,N,N4,101.99999999999996
2018-11-20T06:00:00,N,N4,108.96106091438668
2018-11-20T07:00:00,N,N4,113.00000000000004
2018-11-20T08:00:00,N,N4,113.00000000000004
2018-11-20T09:00:00,N,N4,122.00000000000004
2018-11-20T10:00:00,N,N4,122.99999999999994
2018-11-20T11:00:00,N,N4,149.0
2018-11-20T12:00:00,N,N4,136.7803536040244
2018-11-20T13:00:00,N,N4,127.0
2018-11-20T14:00:00,N,N4,133.99999999999997
2018-11-20T15:00:00,N,N4,129.99999999999997
2018-11-20T16:00:00,N,N4,131.99999999999997
2018-11-20T17:00:00,N,N4,138.99999999999997
2018-11-20T18:00:00,N,N4,142.00000000000003
2018-11-20T19:00:00,N,N4,159.40696103832934
2018-11-20T20:00:00,N,N4,161.26493749874118
2018-11-20T21:00:00,N,N4,144.20132098232585
2018-11-20T22:00:00,N,N4,132.85550441079744
2018-11-20T23:00:00,N,N4,122.00000000000004
2018-11-21T00:00:00,N,N4,116.19378906523154
2018-11-21T01:00:00,N,N4,111.99999999999996
2018-11-21T02:00:00,N,N4,108.99999999999996
2018-11-21T03:00:00,N,N4,104.0
2018-11-21T04:00:00,N,N4,104.0
2018-11-21T05:00:00,N,N4,105.85995977418104
2018-11-21T06:00:00,N,N4,112.32510280233856
2018-11-21T07:00:00,N,N4,116.0
2018-11-21T08:00:00,N,N4,116.0
2018-11-21T09:00:00,N,N4,116.0
2018-11-21T10:00:00,N,N4,139.99999999999994
2018-11-21T11:00:00,N,N4,149.0
2018-11-21T12:00:00,N,N4,133.99999999999997
2018-11-21T13:00:00,N,N4,121.00000000000004
2018-11-21T14:00:00,N,N4,129.99999999999997
2018-11-21T15:00:00,N,N4,131.99999999999997
2018-11-21T16:00:00,N,N4,125.00000000000004
2018-11-21T17:00:00,N,N4,109.26071871366374
2018-11-21T18:00:00,N,N4,93.00000000000004
2018-11-21T19:00:00,N,N4,106.99999999999996
2018-11-21T20:00:00,N,N4,127.0
2018-11-21T21:00:00,N,N4,105.99999999999996
2018-11-21T22:00:00,N,N4,96.0
2018-11-21T23:00:00,N,N4,83.99999999999999
2018-11-22T00:00:00,N,N4,81.00000000000003
2018-11-22T01:00:00,N,N4,74.99999999999997
2018-11-22T02:00:00,N,N4,64.99999999999999
2018-11-22T03:00:00,N,N4,64.99999999999999
2018-11-22T04:00:00,N,N4,64.99999999999999
2018-11-22T05:00:00,N,N4,64.99999999999999
2018-11-22T06:00:00,N,N4,77.00000000000001
2018-11-22T07:00:00,N,N4,77.00000000000009
2018-11-22T08:00:00,N,N4,90.99999999999996
2018-11-22T09:00:00,N,N4,95.0
2018-11-22T10:00:00,N,N4,95.0
2018-11-22T11:00:00,N,N4,110.00000000000004
2018-11-22T12:00:00,N,N4,120.27381429931285
2018-11-22T13:00:00,N,N4,88.00000000000003
2018-11-22T14:00:00,N,N4,99.0
2018-11-22T15:00:00,N,N4,97.0
2018-11-22T16:00:00,N,N4,101.99999999999996
2018-11-22T17:00:00,N,N4,108.00000000000004
2018-11-22T18:00:00,N,N4,101.99999999999996
2018-11-22T19:00:00,N,N4,126.0
2018-11-22T20:00:00,N,N4,131.99999999999997
2018-11-22T21:00:00,N,N4,110.00000000000004
2018-11-22T22:00:00,N,N4,101.99999999999996
2018-11-22T23:00:00,N,N4,92.0
2018-11-23T00:00:00,N,N4,87.0
2018-11-23T01:00:00,N,N4,81.00000000000003
2018-11-23T02:00:00,N,N4,81.00000000000003
2018-11-23T03:00:00,N,N4,81.00000000000003
2018-11-23T04:00:00,N,N4,81.00000000000003
2018-11-23T05:00:00,N,N4,81.00000000000003
2018-11-23T06:00:00,N,N4,74.99999999999997
2018-11-23T07:00:00,N,N4,74.00000000000003
2018-11-23T08:00:00,N,N4,83.99999999999999
2018-11-23T09:00:00,N,N4,85.00000000000001
2018-11-23T10:00:00,N,N4,85.99999999999997
2018-11-23T11:00:00,N,N4,100.00000000000004
2018-11-23T12:00:00,N,N4,88.00000000000003
2018-11-23T13:00:00,N,N4,82.00000000000001
2018-11-23T14:00:00,N,N4,85.00000000000001
2018-11-23T15:00:00,N,N4,82.00000000000001
2018-11-23T16:00:00,N,N4,88.00000000000003
2018-11-23T17:00:00,N,N4,88.00000000000003
2018-11-23T18:00:00,N,N4,92.0
2018-11-23T19:00:00,N,N4,92.0
2018-11-23T20:00:00,N,N4,96.84546535308468
2018-11-23T21:00:00,N,N4,85.25283676154275
2018-11-23T22:00:00,N,N4,78.0
2018-11-23T23:00:00,N,N4,72.99999999999999
2018-11-24T00:00:00,N,N4,66.99999999999997
2018-11-24T01:00:00,N,N4,62.00000000000001
2018-11-24T02:00:00,N,N4,62.000000000000064
2018-11-24T03:00:00,N,N4,62.00000000000001
2018-11-24T04:00:00,N,N4,62.00000000000001
2018-11-24T05:00:00,N,N4,62.00000000000001
2018-11-24T06:00:00,N,N4,71.0
2018-11-24T07:00:00,N,N4,79.0
2018-11-24T08:00:00,N,N4,85.00000000000001
2018-11-24T09:00:00,N,N4,88.99999999999999
2018-11-24T10:00:00,N,N4,95.0
2018-11-24T11:00:00,N,N4,90.0
2018-11-24T12:00:00,N,N4,82.00000000000001
2018-11-24T13:00:00,N,N4,74.99999999999997
2018-11-24T14:00:00,N,N4,76.0
2018-11-24T15:00:00,N,N4,81.00000000000003
2018-11-24T16:00:00,N,N4,77.00000000000001
2018-11-24T17:00:00,N,N4,83.00000000000003
2018-11-24T18:00:00,N,N4,88.00000000000003
2018-11-24T19:00:00,N,N4,104.99999999999996
2018-11-24T20:00:00,N,N4,106.99999999999996
2018-11-24T21:00:00,N,N4,90.99999999999996
2018-11-24T22:00:00,N,N4,77.00000000000001
2018-11-24T23:00:00,N,N4,72.0
2018-11-25T00:00:00,N,N4,72.0
2018-11-25T01:00:00,N,N4,62.00000000000001
2018-11-25T02:00:00,N,N4,62.00000000000001
2018-11-25T03:00:00,N,N4,62.00000000000001
2018-11-25T04:00:00,N,N4,62.00000000000001
2018-11-25T05:00:00,N,N4,62.00000000000001
2018-11-25T06:00:00,N,N4,66.09224650904223
2018-11-25T07:00:00,N,N4,68.45558844556386
2018-11-25T08:00:00,N,N4,76.14393504721575
2018-11-25T09:00:00,N,N4,78.87574125201179
2018-11-25T10:00:00,N,N4,82.33110545717983
2018-11-25T11:00:00,N,N4,89.9973063588236
2018-11-25T12:00:00,N,N4,80.20566457484894
2018-11-25T13:00:00,N,N4,72.57379716894339
2018-11-25T14:00:00,N,N4,75.3780409158124
2018-11-25T15:00:00,N,N4,72.83463652521546
2018-11-25T16:00:00,N,N4,71.30570359431725
2018-11-25T17:00:00,N,N4,74.00000000000003
2018-11-25T18:00:00,N,N4,74.00000000000003
2018-11-25T19:00:00,N,N4,94.0
2018-11-25T20:00:00,N,N4,98.00000000000004
2018-11-25T21:00:00,N,N4,87.0
2018-11-25T22:00:00,N,N4,77.00000000000001
2018-11-25T23:00:00,N,N4,72.0
2018-11-26T00:00:00,N,N4,63.99999999999998
2018-11-26T01:00:00,N,N4,63.99999999999998
2018-11-26T02:00:00,N,N4,59.99999999999999
2018-11-26T03:00:00,N,N4,57.99999999999999
2018-11-26T04:00:00,N,N4,57.99999999999999
2018-11-26T05:00:00,N,N4,57.99999999999999
2018-11-26T06:00:00,N,N4,63.99999999999998
2018-11-26T07:00:00,N,N4,74.00000000000003
2018-11-26T08:00:00,N,N4,78.0
2018-11-26T09:00:00,N,N4,83.00000000000003
2018-11-26T10:00:00,N,N4,85.99999999999997
2018-11-26T11:00:00,N,N4,97.0
2018-11-26T12:00:00,N,N4,83.00000000000003
2018-11-26T13:00:00,N,N4,87.0
2018-11-26T14:00:00,N,N4,93.00000000000004
2018-11-26T15:00:00,N,N4,88.99999999999999
2018-11-26T16:00:00,N,N4,85.99999999999997
2018-11-26T17:00:00,N,N4,95.0
2018-11-26T18:00:00,N,N4,96.0
2018-11-26T19:00:00,N,N4,110.99999999999996
2018-11-26T20:00:00,N,N4,116.0
2018-11-26T21:00:00,N,N4,92.0
2018-11-26T22:00:00,N,N4,87.0
2018-11-26T23:00:00,N,N4,76.0
2018-11-27T00:00:00,N,N4,66.99999999999997
2018-11-27T01:00:00,N,N4,62.00000000000001
2018-11-27T02:00:00,N,N4,62.00000000000001
2018-11-27T03:00:00,N,N4,62.000000000000064
2018-11-27T04:00:00,N,N4,62.00000000000001
2018-11-27T05:00:00,N,N4,66.99999999999997
2018-11-27T06:00:00,N,N4,65.99999999999997
2018-11-27T07:00:00,N,N4,71.0
2018-11-27T08:00:00,N,N4,83.99999999999999
2018-11-27T09:00:00,N,N4,82.00000000000001
2018-11-27T10:00:00,N,N4,87.0
2018-11-27T11:00:00,N,N4,95.0
2018-11-27T12:00:00,N,N4,87.0
2018-11-27T13:00:00,N,N4,82.00000000000001
2018-11-27T14:00:00,N,N4,90.0
2018-11-27T15:00:00,N,N4,93.00000000000004
2018-11-27T16:00:00,N,N4,90.0
2018-11-27T17:00:00,N,N4,90.99999999999996
2018-11-27T18:00:00,N,N4,90.0
2018-11-27T19:00:00,N,N4,101.00000000000004
2018-11-27T20:00:00,N,N4,104.99999999999996
2018-11-27T21:00:00,N,N4,90.0
2018-11-27T22:00:00,N,N4,79.99999999999997
2018-11-27T23:00:00,N,N4,74.99999999999997
2018-11-28T00:00:00,N,N4,74.99999999999997
2018-11-28T01:00:00,N,N4,69.00000000000001
2018-11-28T02:00:00,N,N4,62.00000000000001
2018-11-28T03:00:00,N,N4,55.000000000000014
2018-11-28T04:00:00,N,N4,55.000000000000014
2018-11-28T05:00:00,N,N4,52.00000000000001
2018-11-28T06:00:00,N,N4,63.99999999999998
2018-11-28T07:00:00,N,N4,64.99999999999999
2018-11-28T08:00:00,N,N4,110.08564710080556
2018-11-28T09:00:00,N,N4,117.8181818181818
2018-11-28T10:00:00,N,N4,121.70912655160306
2018-11-28T11:00:00,N,N4,132.59711888904107
2018-11-28T12:00:00,N,N4,118.30123315652756
2018-11-28T13:00:00,N,N4,108.10685103046563
2018-11-28T14:00:00,N,N4,122.13702598437078
2018-11-28T15:00:00,N,N4,117.72943100757934
2018-11-28T16:00:00,N,N4,108.97508215083658
2018-11-28T17:00:00,N,N4,81.00000000000003
2018-11-28T18:00:00,N,N4,76.0
2018-11-28T19:00:00,N,N4,93.00000000000004
2018-11-28T20:00:00,N,N4,93.00000000000004
2018-11-28T21:00:00,N,N4,82.00000000000001
2018-11-28T22:00:00,N,N4,71.0
2018-11-28T23:00:00,N,N4,65.99999999999997
2018-11-29T00:00:00,N,N4,65.99999999999997
2018-11-29T01:00:00,N,N4,59.99999999999999
2018-11-29T02:00:00,N,N4,59.99999999999999
2018-11-29T03:00:00,N,N4,57.00000000000001
2018-11-29T04:00:00,N,N4,55.000000000000014
2018-11-29T05:00:00,N,N4,55.000000000000014
2018-11-29T06:00:00,N,N4,61.00000000000001
2018-11-29T07:00:00,N,N4,68.00000000000001
2018-11-29T08:00:00,N,N4,77.00000000000001
2018-11-29T09:00:00,N,N4,85.99999999999997
2018-11-29T10:00:00,N,N4,87.0
2018-11-29T11:00:00,N,N4,94.0
2018-11-29T12:00:00,N,N4,88.00000000000003
2018-11-29T13:00:00,N,N4,83.99999999999999
2018-11-29T14:00:00,N,N4,96.0
2018-11-29T15:00:00,N,N4,90.99999999999996
2018-11-29T16:00:00,N,N4,87.0
2018-11-29T17:00:00,N,N4,87.0
2018-11-29T18:00:00,N,N4,87.0
2018-11-29T19:00:00,N,N4,95.0
2018-11-29T20:00:00,N,N4,110.99999999999996
2018-11-29T21:00:00,N,N4,93.00000000000004
2018-11-29T22:00:00,N,N4,85.99999999999997
2018-11-29T23:00:00,N,N4,78.0
2018-11-30T00:00:00,N,N4,76.0
2018-11-30T01:00:00,N,N4,71.0
2018-11-30T02:00:00,N,N4,65.99999999999997
2018-11-30T03:00:00,N,N4,65.99999999999997
2018-11-30T04:00:00,N,N4,65.99999999999997
2018-11-30T05:00:00,N,N4,65.99999999999997
2018-11-30T06:00:00,N,N4,65.99999999999997
2018-11-30T07:00:00,N,N4,72.99999999999999
2018-11-30T08:00:00,N,N4,85.99999999999997
2018-11-30T09:00:00,N,N4,95.0
2018-11-30T10:00:00,N,N4,90.0
2018-11-30T11:00:00,N,N4,101.99999999999996
2018-11-30T12:00:00,N,N4,92.0
2018-11-30T13:00:00,N,N4,85.99999999999997
2018-11-30T14:00:00,N,N4,98.00000000000004
2018-11-30T15:00:00,N,N4,94.0
2018-11-30T16:00:00,N,N4,92.0
2018-11-30T17:00:00,N,N4,92.0
2018-11-30T18:00:00,N,N4,92.0
2018-11-30T19:00:00,N,N4,92.0
2018-11-30T20:00:00,N,N4,90.0
2018-11-30T21:00:00,N,N4,79.0
2018-11-30T22:00:00,N,N4,74.00000000000003
2018-11-30T23:00:00,N,N4,66.99999999999997
2018-12-01T00:00:00,N,N4,62.99999999999999
2018-12-01T01:00:00,N,N4,59.000000000000014
2018-12-01T02:00:00,N,N4,59.000000000000014
2018-12-01T03:00:00,N,N4,59.000000000000014
2018-12-01T04:00:00,N,N4,59.000000000000014
2018-12-01T05:00:00,N,N4,59.000000000000014
2018-12-01T06:00:00,N,N4,59.000000000000014
2018-12-01T07:00:00,N,N4,63.99999999999998
2018-12-01T08:00:00,N,N4,82.00000000000001
2018-12-01T09:00:00,N,N4,85.99999999999997
2018-12-01T10:00:00,N,N4,85.99999999999997
2018-12-01T11:00:00,N,N4,88.00000000000003
2018-12-01T12:00:00,N,N4,88.00000000000003
2018-12-01T13:00:00,N,N4,78.0
2018-12-01T14:00:00,N,N4,77.00000000000001
2018-12-01T15:00:00,N,N4,77.00000000000001
2018-12-01T16:00:00,N,N4,72.0
2018-12-01T17:00:00,N,N4,72.0
2018-12-01T18:00:00,N,N4,79.99999999999997
2018-12-01T19:00:00,N,N4,92.0
2018-12-01T20:00:00,N,N4,92.0
2018-12-01T21:00:00,N,N4,79.99999999999997
2018-12-01T22:00:00,N,N4,72.99999999999999
2018-12-01T23:00:00,N,N4,68.00000000000001
2018-12-02T00:00:00,N,N4,66.99999999999997
2018-12-02T01:00:00,N,N4,63.99999999999998
2018-12-02T02:00:00,N,N4,57.99999999999999
2018-12-02T03:00:00,N,N4,57.99999999999999
2018-12-02T04:00:00,N,N4,57.99999999999999
2018-12-02T05:00:00,N,N4,57.99999999999999
2018-12-02T06:00:00,N,N4,61.1139387810761
2018-12-02T07:00:00,N,N4,63.60109035529336
2018-12-02T08:00:00,N,N4,70.99346732538407
2018-12-02T09:00:00,N,N4,73.59826373582698
2018-12-02T10:00:00,N,N4,76.86208580900906
2018-12-02T11:00:00,N,N4,84.3851975932221
2018-12-02T12:00:00,N,N4,75.08058704329386
2018-12-02T13:00:00,N,N4,68.00000000000001
2018-12-02T14:00:00,N,N4,62.99999999999999
2018-12-02T15:00:00,N,N4,62.99999999999999
2018-12-02T16:00:00,N,N4,62.99999999999999
2018-12-02T17:00:00,N,N4,59.000000000000014
2018-12-02T18:00:00,N,N4,59.000000000000014
2018-12-02T19:00:00,N,N4,72.0
2018-12-02T20:00:00,N,N4,87.0
2018-12-02T21:00:00,N,N4,77.00000000000001
2018-12-02T22:00:00,N,N4,71.0
2018-12-02T23:00:00,N,N4,61.00000000000001
2018-12-03T00:00:00,N,N4,56.00000000000002
2018-12-03T01:00:00,N,N4,56.00000000000002
2018-12-03T02:00:00,N,N4,55.000000000000014
2018-12-03T03:00:00,N,N4,55.000000000000014
2018-12-03T04:00:00,N,N4,55.000000000000014
2018-12-03T05:00:00,N,N4,55.000000000000014
2018-12-03T06:00:00,N,N4,61.00000000000001
2018-12-03T07:00:00,N,N4,63.99999999999998
2018-12-03T08:00:00,N,N4,76.0
2018-12-03T09:00:00,N,N4,77.00000000000001
2018-12-03T10:00:00,N,N4,81.00000000000003
2018-12-03T11:00:00,N,N4,85.00000000000001
2018-12-03T12:00:00,N,N4,76.0
2018-12-03T13:00:00,N,N4,64.99999999999999
2018-12-03T14:00:00,N,N4,72.99999999999999
2018-12-03T15:00:00,N,N4,72.99999999999999
2018-12-03T16:00:00,N,N4,77.00000000000001
2018-12-03T17:00:00,N,N4,83.00000000000003
2018-12-03T18:00:00,N,N4,87.0
2018-12-03T19:00:00,N,N4,97.0
2018-12-03T20:00:00,N,N4,96.0
2018-12-03T21:00:00,N,N4,82.00000000000001
2018-12-03T22:00:00,N,N4,82.00000000000001
2018-12-03T23:00:00,N,N4,62.00000000000001
2018-12-04T00:00:00,N,N4,57.99999999999999
2018-12-04T01:00:00,N,N4,53.00000000000001
2018-12-04T02:00:00,N,N4,53.00000000000001
2018-12-04T03:00:00,N,N4,53.00000000000001
2018-12-04T04:00:00,N,N4,53.00000000000001
2018-12-04T05:00:00,N,N4,53.00000000000001
2018-12-04T06:00:00,N,N4,55.000000000000014
2018-12-04T07:00:00,N,N4,62.99999999999999
2018-12-04T08:00:00,N,N4,77.00000000000001
2018-12-04T09:00:00,N,N4,78.0
2018-12-04T10:00:00,N,N4,79.99999999999997
2018-12-04T11:00:00,N,N4,87.0
2018-12-04T12:00:00,N,N4,76.0
2018-12-04T13:00:00,N,N4,68.00000000000001
2018-12-04T14:00:00,N,N4,78.0
2018-12-04T15:00:00,N,N4,81.00000000000003
2018-12-04T16:00:00,N,N4,78.0
2018-12-04T17:00:00,N,N4,83.99999999999999
2018-12-04T18:00:00,N,N4,83.99999999999999
2018-12-04T19:00:00,N,N4,99.0
2018-12-04T20:00:00,N,N4,100.00000000000004
2018-12-04T21:00:00,N,N4,90.0
2018-12-04T22:00:00,N,N4,82.00000000000001
2018-12-04T23:00:00,N,N4,70.00000000000003
2018-12-05T00:00:00,N,N4,64.99999999999999
2018-12-05T01:00:00,N,N4,90.0
2018-12-05T02:00:00,N,N4,90.0
2018-12-05T03:00:00,N,N4,90.0
2018-12-05T04:00:00,N,N4,90.0
2018-12-05T05:00:00,N,N4,90.0
2018-12-05T06:00:00,N,N4,65.99999999999997
2018-12-05T07:00:00,N,N4,65.99999999999997
2018-12-05T08:00:00,N,N4,83.99999999999999
2018-12-05T09:00:00,N,N4,78.0
2018-12-05T10:00:00,N,N4,83.99999999999999
2018-12-05T11:00:00,N,N4,90.99999999999996
2018-12-05T12:00:00,N,N4,81.00000000000003
2018-12-05T13:00:00,N,N4,76.0
2018-12-05T14:00:00,N,N4,88.99999999999999
2018-12-05T15:00:00,N,N4,88.99999999999999
2018-12-05T16:00:00,N,N4,83.00000000000003
2018-12-05T17:00:00,N,N4,92.0
2018-12-05T18:00:00,N,N4,87.0
2018-12-05T19:00:00,N,N4,93.00000000000004
2018-12-05T20:00:00,N,N4,103.0
2018-12-05T21:00:00,N,N4,88.00000000000003
2018-12-05T22:00:00,N,N4,78.0
2018-12-05T23:00:00,N,N4,66.99999999999997
2018-12-06T00:00:00,N,N4,68.00000000000001
2018-12-06T01:00:00,N,N4,62.00000000000001
2018-12-06T02:00:00,N,N4,55.000000000000014
2018-12-06T03:00:00,N,N4,55.000000000000014
2018-12-06T04:00:00,N,N4,55.000000000000014
2018-12-06T05:00:00,N,N4,55.000000000000014
2018-12-06T06:00:00,N,N4,64.99999999999999
2018-12-06T07:00:00,N,N4,68.00000000000001
2018-12-06T08:00:00,N,N4,79.99999999999997
2018-12-06T09:00:00,N,N4,85.99999999999997
2018-12-06T10:00:00,N,N4,88.00000000000003
2018-12-06T11:00:00,N,N4,101.99999999999996
2018-12-06T12:00:00,N,N4,88.99999999999999
2018-12-06T13:00:00,N,N4,90.0
2018-12-06T14:00:00,N,N4,90.99999999999996
2018-12-06T15:00:00,N,N4,93.00000000000004
2018-12-06T16:00:00,N,N4,90.0
2018-12-06T17:00:00,N,N4,90.99999999999996
2018-12-06T18:00:00,N,N4,90.99999999999996
2018-12-06T19:00:00,N,N4,99.0
2018-12-06T20:00:00,N,N4,105.99999999999996
2018-12-06T21:00:00,N,N4,87.0
2018-12-06T22:00:00,N,N4,74.99999999999997
2018-12-06T23:00:00,N,N4,66.99999999999997
2018-12-07T00:00:00,N,N4,63.99999999999998
2018-12-07T01:00:00,N,N4,63.99999999999998
2018-12-07T02:00:00,N,N4,55.000000000000014
2018-12-07T03:00:00,N,N4,55.000000000000014
2018-12-07T04:00:00,N,N4,49.99999999999999
2018-12-07T05:00:00,N,N4,55.000000000000014
2018-12-07T06:00:00,N,N4,65.99999999999997
2018-12-07T07:00:00,N,N4,63.99999999999998
2018-12-07T08:00:00,N,N4,72.0
2018-12-07T09:00:00,N,N4,108.96421930956464
2018-12-07T10:00:00,N,N4,83.00000000000003
2018-12-07T11:00:00,N,N4,88.00000000000003
2018-12-07T12:00:00,N,N4,74.00000000000003
2018-12-07T13:00:00,N,N4,70.00000000000003
2018-12-07T14:00:00,N,N4,79.0
2018-12-07T15:00:00,N,N4,74.99999999999997
2018-12-07T16:00:00,N,N4,81.00000000000003
2018-12-07T17:00:00,N,N4,81.00000000000003
2018-12-07T18:00:00,N,N4,81.00000000000003
2018-12-07T19:00:00,N,N4,87.0
2018-12-07T20:00:00,N,N4,97.0
2018-12-07T21:00:00,N,N4,77.00000000000009
2018-12-07T22:00:00,N,N4,74.99999999999997
2018-12-07T23:00:00,N,N4,62.00000000000001
2018-12-08T00:00:00,N,N4,56.00000000000002
2018-12-08T01:00:00,N,N4,55.000000000000014
2018-12-08T02:00:00,N,N4,49.99999999999999
2018-12-08T03:00:00,N,N4,49.99999999999999
2018-12-08T04:00:00,N,N4,49.99999999999999
2018-12-08T05:00:00,N,N4,49.99999999999999
2018-12-08T06:00:00,N,N4,51.00000000000002
2018-12-08T07:00:00,N,N4,56.00000000000002
2018-12-08T08:00:00,N,N4,61.00000000000001
2018-12-08T09:00:00,N,N4,61.00000000000001
2018-12-08T10:00:00,N,N4,61.00000000000001
2018-12-08T11:00:00,N,N4,72.0
2018-12-08T12:00:00,N,N4,66.99999999999997
2018-12-08T13:00:00,N,N4,66.99999999999997
2018-12-08T14:00:00,N,N4,59.99999999999999
2018-12-08T15:00:00,N,N4,62.00000000000001
2018-12-08T16:00:00,N,N4,52.00000000000001
2018-12-08T17:00:00,N,N4,59.99999999999999
2018-12-08T18:00:00,N,N4,59.99999999999999
2018-12-08T19:00:00,N,N4,72.0
2018-12-08T20:00:00,N,N4,85.00000000000001
2018-12-08T21:00:00,N,N4,72.99999999999999
2018-12-08T22:00:00,N,N4,65.99999999999997
2018-12-08T23:00:00,N,N4,61.00000000000001
2018-12-09T00:00:00,N,N4,56.00000000000002
2018-12-09T01:00:00,N,N4,92.1243342718205
2018-12-09T02:00:00,N,N4,89.35110934027246
2018-12-09T03:00:00,N,N4,87.6156395754142
2018-12-09T04:00:00,N,N4,86.1584884649535
2018-12-09T05:00:00,N,N4,86.13914606068518
2018-12-09T06:00:00,N,N4,89.18384877417652
2018-12-09T07:00:00,N,N4,42.66042848595716
2018-12-09T08:00:00,N,N4,51.59236110212608
2018-12-09T09:00:00,N,N4,56.44991290348215
2018-12-09T10:00:00,N,N4,62.02754203538495
2018-12-09T11:00:00,N,N4,71.80392442414428
2018-12-09T12:00:00,N,N4,66.00319937974834
2018-12-09T13:00:00,N,N4,62.31322538128979
2018-12-09T14:00:00,N,N4,66.99999999999997
2018-12-09T15:00:00,N,N4,62.00000000000001
2018-12-09T16:00:00,N,N4,62.00000000000001
2018-12-09T17:00:00,N,N4,62.00000000000001
2018-12-09T18:00:00,N,N4,66.99999999999997
2018-12-09T19:00:00,N,N4,87.0
2018-12-09T20:00:00,N,N4,92.0
2018-12-09T21:00:00,N,N4,81.00000000000003
2018-12-09T22:00:00,N,N4,71.0
2018-12-09T23:00:00,N,N4,64.99999999999999
2018-12-10T00:00:00,N,N4,61.00000000000001
2018-12-10T01:00:00,N,N4,57.00000000000001
2018-12-10T02:00:00,N,N4,57.00000000000001
2018-12-10T03:00:00,N,N4,57.00000000000001
2018-12-10T04:00:00,N,N4,57.00000000000001
2018-12-10T05:00:00,N,N4,57.00000000000001
2018-12-10T06:00:00,N,N4,63.99999999999998
2018-12-10T07:00:00,N,N4,64.99999999999999
2018-12-10T08:00:00,N,N4,76.0
2018-12-10T09:00:00,N,N4,83.00000000000003
2018-12-10T10:00:00,N,N4,87.0
2018-12-10T11:00:00,N,N4,99.0
2018-12-10T12:00:00,N,N4,90.0
2018-12-10T13:00:00,N,N4,99.0
2018-12-10T14:00:00,N,N4,101.00000000000004
2018-12-10T15:00:00,N,N4,96.0
2018-12-10T16:00:00,N,N4,92.0
2018-12-10T17:00:00,N,N4,92.0
2018-12-10T18:00:00,N,N4,93.00000000000004
2018-12-10T19:00:00,N,N4,98.00000000000004
2018-12-10T20:00:00,N,N4,108.00000000000004
2018-12-10T21:00:00,N,N4,108.00000000000004
2018-12-10T22:00:00,N,N4,98.00000000000004
2018-12-10T23:00:00,N,N4,88.00000000000003
2018-12-11T00:00:00,N,N4,83.99999999999999
2018-12-11T01:00:00,N,N4,74.00000000000003
2018-12-11T02:00:00,N,N4,70.00000000000003
2018-12-11T03:00:00,N,N4,64.99999999999999
2018-12-11T04:00:00,N,N4,64.99999999999999
2018-12-11T05:00:00,N,N4,64.99999999999999
2018-12-11T06:00:00,N,N4,62.00000000000001
2018-12-11T07:00:00,N,N4,72.99999999999999
2018-12-11T08:00:00,N,N4,77.00000000000001
2018-12-11T09:00:00,N,N4,88.99999999999999
2018-12-11T10:00:00,N,N4,90.99999999999996
2018-12-11T11:00:00,N,N4,103.0
2018-12-11T12:00:00,N,N4,100.00000000000004
2018-12-11T13:00:00,N,N4,93.00000000000004
2018-12-11T14:00:00,N,N4,99.0
2018-12-11T15:00:00,N,N4,100.00000000000004
2018-12-11T16:00:00,N,N4,95.0
2018-12-11T17:00:00,N,N4,100.00000000000004
2018-12-11T18:00:00,N,N4,94.0
2018-12-11T19:00:00,N,N4,110.00000000000004
2018-12-11T20:00:00,N,N4,115.0
2018-12-11T21:00:00,N,N4,115.0
2018-12-11T22:00:00,N,N4,104.99999999999996
2018-12-11T23:00:00,N,N4,100.00000000000004
2018-12-12T00:00:00,N,N4,90.0
2018-12-12T01:00:00,N,N4,79.99999999999997
2018-12-12T02:00:00,N,N4,79.99999999999997
2018-12-12T03:00:00,N,N4,79.99999999999997
2018-12-12T04:00:00,N,N4,79.99999999999997
2018-12-12T05:00:00,N,N4,79.99999999999997
2018-12-12T06:00:00,N,N4,70.00000000000003
2018-12-12T07:00:00,N,N4,70.00000000000003
2018-12-12T08:00:00,N,N4,90.99999999999996
2018-12-12T09:00:00,N,N4,92.0
2018-12-12T10:00:00,N,N4,99.0
2018-12-12T11:00:00,N,N4,115.0
2018-12-12T12:00:00,N,N4,100.00000000000004
2018-12-12T13:00:00,N,N4,99.0
2018-12-12T14:00:00,N,N4,106.99999999999996
2018-12-12T15:00:00,N,N4,101.99999999999996
2018-12-12T16:00:00,N,N4,99.0
2018-12-12T17:00:00,N,N4,88.99999999999999
2018-12-12T18:00:00,N,N4,88.99999999999999
2018-12-12T19:00:00,N,N4,115.20599603876668
2018-12-12T20:00:00,N,N4,138.61599438760393
2018-12-12T21:00:00,N,N4,141.00000000000003
2018-12-12T22:00:00,N,N4,129.6866649683978
2018-12-12T23:00:00,N,N4,119.1272630280738
2018-12-13T00:00:00,N,N4,113.00000000000004
2018-12-13T01:00:00,N,N4,108.21311924324826
2018-12-13T02:00:00,N,N4,104.61363132444636
2018-12-13T03:00:00,N,N4,103.22395325850194
2018-12-13T04:00:00,N,N4,102.05013484524062
2018-12-13T05:00:00,N,N4,103.05321454330594
2018-12-13T06:00:00,N,N4,106.99999999999996
2018-12-13T07:00:00,N,N4,101.99999999999996
2018-12-13T08:00:00,N,N4,113.18642063342844
2018-12-13T09:00:00,N,N4,118.77933068527602
2018-12-13T10:00:00,N,N4,125.21091584777405
2018-12-13T11:00:00,N,N4,136.76299068509996
2018-12-13T12:00:00,N,N4,129.01195729244114
2018-12-13T13:00:00,N,N4,124.00000000000004
2018-12-13T14:00:00,N,N4,127.92932315602062
2018-12-13T15:00:00,N,N4,125.34119329266773
2018-12-13T16:00:00,N,N4,124.15878762868982
2018-12-13T17:00:00,N,N4,126.73617763321472
2018-12-13T18:00:00,N,N4,128.56527702099666
2018-12-13T19:00:00,N,N4,142.28923511458277
2018-12-13T20:00:00,N,N4,151.75130354948917
2018-12-13T21:00:00,N,N4,138.9730664362345
2018-12-13T22:00:00,N,N4,127.876398539636
2018-12-13T23:00:00,N,N4,117.5566774016674
2018-12-14T00:00:00,N,N4,111.6305307660527
2018-12-14T01:00:00,N,N4,106.75111776818842
2018-12-14T02:00:00,N,N4,103.06794637188608
2018-12-14T03:00:00,N,N4,101.5902745676413
2018-12-14T04:00:00,N,N4,100.3270804974501
2018-12-14T05:00:00,N,N4,101.20620448962644
2018-12-14T06:00:00,N,N4,104.9380051785285
2018-12-14T07:00:00,N,N4,110.05101206410932
2018-12-14T08:00:00,N,N4,120.50767962522224
2018-12-14T09:00:00,N,N4,125.17598925202267
2018-12-14T10:00:00,N,N4,130.67061877424726
2018-12-14T11:00:00,N,N4,141.29822039663375
2018-12-14T12:00:00,N,N4,132.45633895907451
2018-12-14T13:00:00,N,N4,126.4446323013111
2018-12-14T14:00:00,N,N4,130.36438883223687
2018-12-14T15:00:00,N,N4,127.72142396768204
2018-12-14T16:00:00,N,N4,126.50797842589634
2018-12-14T17:00:00,N,N4,129.0232259200478
2018-12-14T18:00:00,N,N4,130.7970182469299
2018-12-14T19:00:00,N,N4,144.41505960532498
2018-12-14T20:00:00,N,N4,154.15900415846613
2018-12-14T21:00:00,N,N4,141.45557569493096
2018-12-14T22:00:00,N,N4,130.26835501583574
2018-12-14T23:00:00,N,N4,119.89534704234072
2018-12-15T00:00:00,N,N4,113.92936466747142
2018-12-15T01:00:00,N,N4,108.99161260052512
2018-12-15T02:00:00,N,N4,105.26786350266964
2018-12-15T03:00:00,N,N4,103.77104876346044
2018-12-15T04:00:00,N,N4,102.48910446234548
2018-12-15T05:00:00,N,N4,103.343351078231
2018-12-15T06:00:00,N,N4,106.99999999999996
2018-12-15T07:00:00,N,N4,110.38312892295396
2018-12-15T08:00:00,N,N4,119.00000000000004
2018-12-15T09:00:00,N,N4,103.0
2018-12-15T10:00:00,N,N4,109.7453786667097
2018-12-15T11:00:00,N,N4,121.42041658336386
2018-12-15T12:00:00,N,N4,114.70451129710392
2018-12-15T13:00:00,N,N4,110.66742648794632
2018-12-15T14:00:00,N,N4,116.0
2018-12-15T15:00:00,N,N4,116.0
2018-12-15T16:00:00,N,N4,122.00000000000004
2018-12-15T17:00:00,N,N4,127.99999999999996
2018-12-15T18:00:00,N,N4,131.99999999999997
2018-12-15T19:00:00,N,N4,137.00000000000003
2018-12-15T20:00:00,N,N4,149.98031805380563
2018-12-15T21:00:00,N,N4,140.6538710983951
2018-12-15T22:00:00,N,N4,132.5173773450168
2018-12-15T23:00:00,N,N4,125.08815399403642
2018-12-16T00:00:00,N,N4,122.00000000000004
2018-12-16T01:00:00,N,N4,115.0
2018-12-16T02:00:00,N,N4,110.00000000000004
2018-12-16T03:00:00,N,N4,110.00000000000004
2018-12-16T04:00:00,N,N4,110.00000000000004
2018-12-16T05:00:00,N,N4,110.00000000000004
2018-12-16T06:00:00,N,N4,113.00000000000004
2018-12-16T07:00:00,N,N4,107.7948153297326
2018-12-16T08:00:00,N,N4,107.6581047175972
2018-12-16T09:00:00,N,N4,101.78255731463744
2018-12-16T10:00:00,N,N4,96.72903356180132
2018-12-16T11:00:00,N,N4,96.16825895989255
2018-12-16T12:00:00,N,N4,79.0
2018-12-16T13:00:00,N,N4,90.0
2018-12-16T14:00:00,N,N4,90.0
2018-12-16T15:00:00,N,N4,83.99999999999999
2018-12-16T16:00:00,N,N4,78.0
2018-12-16T17:00:00,N,N4,78.0
2018-12-16T18:00:00,N,N4,78.0
2018-12-16T19:00:00,N,N4,88.00000000000003
2018-12-16T20:00:00,N,N4,106.99999999999996
2018-12-16T21:00:00,N,N4,104.99999999999996
2018-12-16T22:00:00,N,N4,101.99999999999996
2018-12-16T23:00:00,N,N4,90.0
2018-12-17T00:00:00,N,N4,77.00000000000001
2018-12-17T01:00:00,N,N4,77.00000000000001
2018-12-17T02:00:00,N,N4,70.00000000000003
2018-12-17T03:00:00,N,N4,70.00000000000003
2018-12-17T04:00:00,N,N4,64.99999999999999
2018-12-17T05:00:00,N,N4,64.99999999999999
2018-12-17T06:00:00,N,N4,69.00000000000001
2018-12-17T07:00:00,N,N4,72.99999999999999
2018-12-17T08:00:00,N,N4,87.0
2018-12-17T09:00:00,N,N4,85.00000000000001
2018-12-17T10:00:00,N,N4,94.0
2018-12-17T11:00:00,N,N4,110.00000000000004
2018-12-17T12:00:00,N,N4,106.99999999999996
2018-12-17T13:00:00,N,N4,104.99999999999996
2018-12-17T14:00:00,N,N4,105.99999999999996
2018-12-17T15:00:00,N,N4,108.00000000000004
2018-12-17T16:00:00,N,N4,100.00000000000004
2018-12-17T17:00:00,N,N4,97.0
2018-12-17T18:00:00,N,N4,92.0
2018-12-17T19:00:00,N,N4,111.99999999999996
2018-12-17T20:00:00,N,N4,125.00000000000004
2018-12-17T21:00:00,N,N4,125.00000000000004
2018-12-17T22:00:00,N,N4,115.0
2018-12-17T23:00:00,N,N4,100.00000000000004
2018-12-18T00:00:00,N,N4,90.99999999999996
2018-12-18T01:00:00,N,N4,90.99999999999996
2018-12-18T02:00:00,N,N4,88.99999999999999
2018-12-18T03:00:00,N,N4,87.0
2018-12-18T04:00:00,N,N4,83.00000000000003
2018-12-18T05:00:00,N,N4,83.99999999999999
2018-12-18T06:00:00,N,N4,81.00000000000003
2018-12-18T07:00:00,N,N4,88.00000000000003
2018-12-18T08:00:00,N,N4,104.99999999999996
2018-12-18T09:00:00,N,N4,105.99999999999996
2018-12-18T10:00:00,N,N4,108.99999999999996
2018-12-18T11:00:00,N,N4,121.00000000000004
2018-12-18T12:00:00,N,N4,111.99999999999996
2018-12-18T13:00:00,N,N4,114.00000000000004
2018-12-18T14:00:00,N,N4,121.00000000000004
2018-12-18T15:00:00,N,N4,115.0
2018-12-18T16:00:00,N,N4,110.00000000000004
2018-12-18T17:00:00,N,N4,107.58993657347504
2018-12-18T18:00:00,N,N4,104.53999947356893
2018-12-18T19:00:00,N,N4,111.918544693163
2018-12-18T20:00:00,N,N4,117.00000000000004
2018-12-18T21:00:00,N,N4,113.00000000000004
2018-12-18T22:00:00,N,N4,100.00000000000004
2018-12-18T23:00:00,N,N4,90.99999999999996
2018-12-19T00:00:00,N,N4,81.00000000000003
2018-12-19T01:00:00,N,N4,81.00000000000003
2018-12-19T02:00:00,N,N4,74.00000000000003
2018-12-19T03:00:00,N,N4,71.0
2018-12-19T04:00:00,N,N4,71.0
2018-12-19T05:00:00,N,N4,71.0
2018-12-19T06:00:00,N,N4,71.0
2018-12-19T07:00:00,N,N4,74.99999999999997
2018-12-19T08:00:00,N,N4,83.99999999999999
2018-12-19T09:00:00,N,N4,90.0
2018-12-19T10:00:00,N,N4,94.79753077626142
2018-12-19T11:00:00,N,N4,104.16542666849276
2018-12-19T12:00:00,N,N4,96.31356472180327
2018-12-19T13:00:00,N,N4,91.17536133512208
2018-12-19T14:00:00,N,N4,94.37025984370776
2018-12-19T15:00:00,N,N4,91.68722805339324
2018-12-19T16:00:00,N,N4,90.337939118962
2018-12-19T17:00:00,N,N4,92.09350015911944
2018-12-19T18:00:00,N,N4,93.23869922936
2018-12-19T19:00:00,N,N4,104.4300341729784
2018-12-19T20:00:00,N,N4,113.94546278131163
2018-12-19T21:00:00,N,N4,102.96346495610084
2018-12-19T22:00:00,N,N4,92.67997495540833
2018-12-19T23:00:00,N,N4,83.38738473362348
2018-12-20T00:00:00,N,N4,77.96752595154896
2018-12-20T01:00:00,N,N4,73.38807185165801
2018-12-20T02:00:00,N,N4,69.917416115754
2018-12-20T03:00:00,N,N4,68.4270794912733
2018-12-20T04:00:00,N,N4,67.12339513023745
2018-12-20T05:00:00,N,N4,67.58169049669083
2018-12-20T06:00:00,N,N4,70.19539350854838
2018-12-20T07:00:00,N,N4,74.81800403273947
2018-12-20T08:00:00,N,N4,83.99999999999999
2018-12-20T09:00:00,N,N4,83.99999999999999
2018-12-20T10:00:00,N,N4,94.0
2018-12-20T11:00:00,N,N4,105.99999999999996
2018-12-20T12:00:00,N,N4,110.00000000000004
2018-12-20T13:00:00,N,N4,106.99999999999996
2018-12-20T14:00:00,N,N4,108.99999999999996
2018-12-20T15:00:00,N,N4,101.00000000000004
2018-12-20T16:00:00,N,N4,103.0
2018-12-20T17:00:00,N,N4,104.99999999999996
2018-12-20T18:00:00,N,N4,101.99999999999996
2018-12-20T19:00:00,N,N4,102.00000000000004
2018-12-20T20:00:00,N,N4,117.00000000000004
2018-12-20T21:00:00,N,N4,117.00000000000004
2018-12-20T22:00:00,N,N4,108.00000000000004
2018-12-20T23:00:00,N,N4,103.0
2018-12-21T00:00:00,N,N4,97.0
2018-12-21T01:00:00,N,N4,92.0
2018-12-21T02:00:00,N,N4,90.0
2018-12-21T03:00:00,N,N4,85.00000000000001
2018-12-21T04:00:00,N,N4,79.99999999999997
2018-12-21T05:00:00,N,N4,70.00000000000003
2018-12-21T06:00:00,N,N4,76.0
2018-12-21T07:00:00,N,N4,76.0
2018-12-21T08:00:00,N,N4,81.00000000000003
2018-12-21T09:00:00,N,N4,88.00000000000003
2018-12-21T10:00:00,N,N4,88.99999999999999
2018-12-21T11:00:00,N,N4,88.00000000000003
2018-12-21T12:00:00,N,N4,78.0
2018-12-21T13:00:00,N,N4,63.99999999999998
2018-12-21T14:00:00,N,N4,65.99999999999997
2018-12-21T15:00:00,N,N4,63.99999999999998
2018-12-21T16:00:00,N,N4,69.00000000000001
2018-12-21T17:00:00,N,N4,74.00000000000003
2018-12-21T18:00:00,N,N4,72.0
2018-12-21T19:00:00,N,N4,77.00000000000001
2018-12-21T20:00:00,N,N4,93.00000000000004
2018-12-21T21:00:00,N,N4,79.99999999999997
2018-12-21T22:00:00,N,N4,76.0
2018-12-21T23:00:00,N,N4,70.00000000000003
2018-12-22T00:00:00,N,N4,64.99999999999999
2018-12-22T01:00:00,N,N4,64.99999999999999
2018-12-22T02:00:00,N,N4,62.00000000000001
2018-12-22T03:00:00,N,N4,59.99999999999999
2018-12-22T04:00:00,N,N4,59.99999999999999
2018-12-22T05:00:00,N,N4,55.000000000000014
2018-12-22T06:00:00,N,N4,90.09565658364092
2018-12-22T07:00:00,N,N4,97.10053151246584
2018-12-22T08:00:00,N,N4,107.53613458675518
2018-12-22T09:00:00,N,N4,107.80463432500238
2018-12-22T10:00:00,N,N4,112.47345096578776
2018-12-22T11:00:00,N,N4,88.99999999999999
2018-12-22T12:00:00,N,N4,88.00000000000003
2018-12-22T13:00:00,N,N4,83.00000000000003
2018-12-22T14:00:00,N,N4,74.00000000000003
2018-12-22T15:00:00,N,N4,70.00000000000003
2018-12-22T16:00:00,N,N4,68.00000000000001
2018-12-22T17:00:00,N,N4,78.0
2018-12-22T18:00:00,N,N4,83.00000000000003
2018-12-22T19:00:00,N,N4,78.0
2018-12-22T20:00:00,N,N4,83.00000000000003
2018-12-22T21:00:00,N,N4,78.0
2018-12-22T22:00:00,N,N4,72.99999999999999
2018-12-22T23:00:00,N,N4,62.99999999999999
2018-12-23T00:00:00,N,N4,62.99999999999999
2018-12-23T01:00:00,N,N4,57.99999999999999
2018-12-23T02:00:00,N,N4,57.99999999999999
2018-12-23T03:00:00,N,N4,57.99999999999999
2018-12-23T04:00:00,N,N4,57.99999999999999
2018-12-23T05:00:00,N,N4,57.99999999999999
2018-12-23T06:00:00,N,N4,55.000000000000014
2018-12-23T07:00:00,N,N4,59.000000000000014
2018-12-23T08:00:00,N,N4,63.99999999999998
2018-12-23T09:00:00,N,N4,64.99999999999999
2018-12-23T10:00:00,N,N4,77.00000000000001
2018-12-23T11:00:00,N,N4,81.00000000000003
2018-12-23T12:00:00,N,N4,79.0
2018-12-23T13:00:00,N,N4,79.99999999999997
2018-12-23T14:00:00,N,N4,76.0
2018-12-23T15:00:00,N,N4,76.0
2018-12-23T16:00:00,N,N4,77.00000000000001
2018-12-23T17:00:00,N,N4,72.0
2018-12-23T18:00:00,N,N4,77.00000000000001
2018-12-23T19:00:00,N,N4,83.00000000000003
2018-12-23T20:00:00,N,N4,100.00000000000004
2018-12-23T21:00:00,N,N4,95.0
2018-12-23T22:00:00,N,N4,90.0
2018-12-23T23:00:00,N,N4,90.0
2018-12-24T00:00:00,N,N4,74.99999999999997
2018-12-24T01:00:00,N,N4,64.99999999999999
2018-12-24T02:00:00,N,N4,64.99999999999999
2018-12-24T03:00:00,N,N4,64.99999999999999
2018-12-24T04:00:00,N,N4,64.99999999999999
2018-12-24T05:00:00,N,N4,64.99999999999999
2018-12-24T06:00:00,N,N4,59.99999999999999
2018-12-24T07:00:00,N,N4,68.00000000000001
2018-12-24T08:00:00,N,N4,77.00000000000001
2018-12-24T09:00:00,N,N4,79.99999999999997
2018-12-24T10:00:00,N,N4,85.00000000000001
2018-12-24T11:00:00,N,N4,95.0
2018-12-24T12:00:00,N,N4,95.0
2018-12-24T13:00:00,N,N4,94.0
2018-12-24T14:00:00,N,N4,85.00000000000001
2018-12-24T15:00:00,N,N4,78.0
2018-12-24T16:00:00,N,N4,72.99999999999999
2018-12-24T17:00:00,N,N4,72.0
2018-12-24T18:00:00,N,N4,72.0
2018-12-24T19:00:00,N,N4,85.00000000000001
2018-12-24T20:00:00,N,N4,85.00000000000001
2018-12-24T21:00:00,N,N4,83.99999999999999
2018-12-24T22:00:00,N,N4,76.0
2018-12-24T23:00:00,N,N4,72.0
2018-12-25T00:00:00,N,N4,65.99999999999997
2018-12-25T01:00:00,N,N4,65.99999999999997
2018-12-25T02:00:00,N,N4,62.99999999999999
2018-12-25T03:00:00,N,N4,59.99999999999999
2018-12-25T04:00:00,N,N4,56.00000000000002
2018-12-25T05:00:00,N,N4,56.00000000000002
2018-12-25T06:00:00,N,N4,51.00000000000002
2018-12-25T07:00:00,N,N4,57.00000000000001
2018-12-25T08:00:00,N,N4,57.00000000000001
2018-12-25T09:00:00,N,N4,62.99999999999999
2018-12-25T10:00:00,N,N4,64.99999999999999
2018-12-25T11:00:00,N,N4,72.42300611803358
2018-12-25T12:00:00,N,N4,64.99999999999999
2018-12-25T13:00:00,N,N4,64.99999999999999
2018-12-25T14:00:00,N,N4,68.00000000000001
2018-12-25T15:00:00,N,N4,68.00000000000001
2018-12-25T16:00:00,N,N4,62.99999999999999
2018-12-25T17:00:00,N,N4,69.00000000000001
2018-12-25T18:00:00,N,N4,79.0
2018-12-25T19:00:00,N,N4,85.00000000000001
2018-12-25T20:00:00,N,N4,95.0
2018-12-25T21:00:00,N,N4,90.0
2018-12-25T22:00:00,N,N4,79.99999999999997
2018-12-25T23:00:00,N,N4,70.00000000000003
2018-12-26T00:00:00,N,N4,70.00000000000003
2018-12-26T01:00:00,N,N4,70.00000000000003
2018-12-26T02:00:00,N,N4,61.00000000000001
2018-12-26T03:00:00,N,N4,61.00000000000001
2018-12-26T04:00:00,N,N4,61.00000000000001
2018-12-26T05:00:00,N,N4,59.99999999999999
2018-12-26T06:00:00,N,N4,59.99999999999999
2018-12-26T07:00:00,N,N4,65.99999999999997
2018-12-26T08:00:00,N,N4,81.00000000000003
2018-12-26T09:00:00,N,N4,83.99999999999999
2018-12-26T10:00:00,N,N4,90.0
2018-12-26T11:00:00,N,N4,99.0
2018-12-26T12:00:00,N,N4,92.0
2018-12-26T13:00:00,N,N4,92.0
2018-12-26T14:00:00,N,N4,98.00000000000004
2018-12-26T15:00:00,N,N4,93.00000000000004
2018-12-26T16:00:00,N,N4,93.00000000000004
2018-12-26T17:00:00,N,N4,103.0
2018-12-26T18:00:00,N,N4,108.00000000000004
2018-12-26T19:00:00,N,N4,98.00000000000004
2018-12-26T20:00:00,N,N4,119.99999999999996
2018-12-26T21:00:00,N,N4,119.99999999999996
2018-12-26T22:00:00,N,N4,108.99999999999996
2018-12-26T23:00:00,N,N4,103.0
2018-12-27T00:00:00,N,N4,85.99999999999997
2018-12-27T01:00:00,N,N4,86.00000000000004
2018-12-27T02:00:00,N,N4,72.0
2018-12-27T03:00:00,N,N4,72.0
2018-12-27T04:00:00,N,N4,69.00000000000001
2018-12-27T05:00:00,N,N4,74.00000000000003
2018-12-27T06:00:00,N,N4,66.99999999999997
2018-12-27T07:00:00,N,N4,76.0
2018-12-27T08:00:00,N,N4,88.00000000000003
2018-12-27T09:00:00,N,N4,92.0
2018-12-27T10:00:00,N,N4,96.0
2018-12-27T11:00:00,N,N4,105.99999999999996
2018-12-27T12:00:00,N,N4,101.00000000000004
2018-12-27T13:00:00,N,N4,100.00000000000004
2018-12-27T14:00:00,N,N4,113.00000000000004
2018-12-27T15:00:00,N,N4,108.00000000000004
2018-12-27T16:00:00,N,N4,107.16216608601027
2018-12-27T17:00:00,N,N4,109.30089886904504
2018-12-27T18:00:00,N,N4,110.89201634548442
2018-12-27T19:00:00,N,N4,122.17367991830626
2018-12-27T20:00:00,N,N4,134.19856092650633
2018-12-27T21:00:00,N,N4,124.21020094051056
2018-12-27T22:00:00,N,N4,113.7460539648549
2018-12-27T23:00:00,N,N4,104.65033505195356
2018-12-28T00:00:00,N,N4,99.46667741792828
2018-12-28T01:00:00,N,N4,95.0516951833235
2018-12-28T02:00:00,N,N4,91.81143702183056
2018-12-28T03:00:00,N,N4,90.78616547065572
2018-12-28T04:00:00,N,N4,89.95997383210187
2018-12-28T05:00:00,N,N4,90.93169234050625
2018-12-28T06:00:00,N,N4,93.94280829895504
2018-12-28T07:00:00,N,N4,100.11505418105534
2018-12-28T08:00:00,N,N4,111.18078978184268
2018-12-28T09:00:00,N,N4,116.19354140403814
2018-12-28T10:00:00,N,N4,122.21464395505376
2018-12-28T11:00:00,N,N4,133.0262430206202
2018-12-28T12:00:00,N,N4,125.678612780711
2018-12-28T13:00:00,N,N4,121.51706624354938
2018-12-28T14:00:00,N,N4,125.57917930129491
2018-12-28T15:00:00,N,N4,123.16850397817112
2018-12-28T16:00:00,N,N4,122.28370954931503
2018-12-28T17:00:00,N,N4,124.4734519520889
2018-12-28T18:00:00,N,N4,126.1033205762028
2018-12-28T19:00:00,N,N4,137.7138086763144
2018-12-28T20:00:00,N,N4,150.35593704521207
2018-12-28T21:00:00,N,N4,140.06434097912188
2018-12-28T22:00:00,N,N4,129.1256700822243
2018-12-28T23:00:00,N,N4,119.64811037099426
2018-12-29T00:00:00,N,N4,114.21755145046328
2018-12-29T01:00:00,N,N4,109.5770679169283
2018-12-29T02:00:00,N,N4,106.16173925600656
2018-12-29T03:00:00,N,N4,105.0775994849176
2018-12-29T04:00:00,N,N4,104.20354394737954
2018-12-29T05:00:00,N,N4,105.20114743825948
2018-12-29T06:00:00,N,N4,108.30757829650636
2018-12-29T07:00:00,N,N4,114.82324922663624
2018-12-29T08:00:00,N,N4,126.43361504106214
2018-12-29T09:00:00,N,N4,131.65561190002853
2018-12-29T10:00:00,N,N4,137.93603292274346
2018-12-29T11:00:00,N,N4,149.1645156565558
2018-12-29T12:00:00,N,N4,141.5664503589716
2018-12-29T13:00:00,N,N4,137.30998062585374
2018-12-29T14:00:00,N,N4,141.52607332467892
2018-12-29T15:00:00,N,N4,138.99999999999997
2018-12-29T16:00:00,N,N4,136.00000000000006
2018-12-29T17:00:00,N,N4,122.99999999999994
2018-12-29T18:00:00,N,N4,129.99999999999997
2018-12-29T19:00:00,N,N4,138.00000000000006
2018-12-29T20:00:00,N,N4,154.7093470560192
2018-12-29T21:00:00,N,N4,148.28897007946122
2018-12-29T22:00:00,N,N4,140.91366198609697
2018-12-29T23:00:00,N,N4,134.9278519337475
2018-12-30T00:00:00,N,N4,133.0
2018-12-30T01:00:00,N,N4,127.99999999999996
2018-12-30T02:00:00,N,N4,122.99999999999994
2018-12-30T03:00:00,N,N4,122.99999999999994
2018-12-30T04:00:00,N,N4,122.99999999999994
2018-12-30T05:00:00,N,N4,122.99999999999994
2018-12-30T06:00:00,N,N4,116.0
2018-12-30T07:00:00,N,N4,116.0
2018-12-30T08:00:00,N,N4,116.0
2018-12-30T09:00:00,N,N4,122.00000000000004
2018-12-30T10:00:00,N,N4,131.99999999999997
2018-12-30T11:00:00,N,N4,144.0
2018-12-30T12:00:00,N,N4,144.0
2018-12-30T13:00:00,N,N4,133.99999999999997
2018-12-30T14:00:00,N,N4,127.99999999999996
2018-12-30T15:00:00,N,N4,124.00000000000004
2018-12-30T16:00:00,N,N4,122.99999999999994
2018-12-30T17:00:00,N,N4,124.00000000000004
2018-12-30T18:00:00,N,N4,128.99999999999997
2018-12-30T19:00:00,N,N4,152.0
2018-12-30T20:00:00,N,N4,161.00000000000003
2018-12-30T21:00:00,N,N4,156.0
2018-12-30T22:00:00,N,N4,151.0
2018-12-30T23:00:00,N,N4,139.99999999999994
2018-12-31T00:00:00,N,N4,139.99999999999994
2018-12-31T01:00:00,N,N4,127.0
2018-12-31T02:00:00,N,N4,125.00000000000004
2018-12-31T03:00:00,N,N4,125.00000000000004
2018-12-31T04:00:00,N,N4,125.00000000000004
2018-12-31T05:00:00,N,N4,125.00000000000004
2018-12-31T06:00:00,N,N4,122.00000000000004
2018-12-31T07:00:00,N,N4,122.00000000000004
2018-12-31T08:00:00,N,N4,128.99999999999997
2018-12-31T09:00:00,N,N4,138.00000000000006
2018-12-31T10:00:00,N,N4,149.0
2018-12-31T11:00:00,N,N4,163.0
2018-12-31T12:00:00,N,N4,164.00000000000006
2018-12-31T13:00:00,N,N4,142.99999999999994
2018-12-31T14:00:00,N,N4,156.0
2018-12-31T15:00:00,N,N4,146.99999999999997
2018-12-31T16:00:00,N,N4,147.99999999999994
2018-12-31T17:00:00,N,N4,149.0
2018-12-31T18:00:00,N,N4,161.00000000000003
2018-12-31T19:00:00,N,N4,169.0
2018-12-31T20:00:00,N,N4,186.00000000000009
2018-12-31T21:00:00,N,N4,109.55490242297373
2018-12-31T22:00:00,N,N4,97.91666666666669
2018-12-31T23:00:00,N,N4,87.83333333333333
2019-01-01T00:00:00,N,N4,82.0
2019-01-01T01:00:00,N,N4,77.58333333333333
2019-01-01T02:00:00,N,N4,75.08333333333333
2019-01-01T03:00:00,N,N4,72.0
2019-01-01T04:00:00,N,N4,71.0
2019-01-01T05:00:00,N,N4,72.09090909090908
2019-01-01T06:00:00,N,N4,125.00000000000004
2019-01-01T07:00:00,N,N4,126.0
2019-01-01T08:00:00,N,N4,127.0
2019-01-01T09:00:00,N,N4,131.99999999999997
2019-01-01T10:00:00,N,N4,131.99999999999997
2019-01-01T11:00:00,N,N4,133.99999999999997
2019-01-01T12:00:00,N,N4,133.0
2019-01-01T13:00:00,N,N4,124.00000000000004
2019-01-01T14:00:00,N,N4,125.00000000000004
2019-01-01T15:00:00,N,N4,105.33333333333331
2019-01-01T16:00:00,N,N4,104.16666666666669
2019-01-01T17:00:00,N,N4,105.79916138112291
2019-01-01T18:00:00,N,N4,105.3072337727204
2019-01-01T19:00:00,N,N4,116.8204305447869
2019-01-01T20:00:00,N,N4,125.60541145822845
2019-01-01T21:00:00,N,N4,117.10011008186048
2019-01-01T22:00:00,N,N4,105.90462536756644
2019-01-01T23:00:00,N,N4,95.5
2019-01-02T00:00:00,N,N4,90.43281575543595
2019-01-02T01:00:00,N,N4,88.08333333333333
2019-01-02T02:00:00,N,N4,84.16666666666667
2019-01-02T03:00:00,N,N4,81.83333333333333
2019-01-02T04:00:00,N,N4,79.74999999999999
2019-01-02T05:00:00,N,N4,79.73832998118174
2019-01-02T06:00:00,N,N4,80.11042523352822
2019-01-02T07:00:00,N,N4,133.99999999999997
2019-01-02T08:00:00,N,N4,141.00000000000003
2019-01-02T09:00:00,N,N4,152.0
2019-01-02T10:00:00,N,N4,164.99999999999994
2019-01-02T11:00:00,N,N4,177.99999999999997
2019-01-02T12:00:00,N,N4,174.0
2019-01-02T13:00:00,N,N4,167.99999999999997
2019-01-02T14:00:00,N,N4,170.00000000000006
2019-01-02T15:00:00,N,N4,163.0
2019-01-02T16:00:00,N,N4,108.21253991990564
2019-01-02T17:00:00,N,N4,105.61285157273193
2019-01-02T18:00:00,N,N4,103.43655826911332
2019-01-02T19:00:00,N,N4,113.38633585097875
2019-01-02T20:00:00,N,N4,130.5467880974096
2019-01-02T21:00:00,N,N4,123.58028874634176
2019-01-02T22:00:00,N,N4,110.36388666031718
2019-01-02T23:00:00,N,N4,100.79288731347476
2019-01-03T00:00:00,N,N4,94.66396049596244
2019-01-03T01:00:00,N,N4,87.71676592457551
2019-01-03T02:00:00,N,N4,82.7109206200167
2019-01-03T03:00:00,N,N4,79.9709193958146
2019-01-03T04:00:00,N,N4,78.59779416462317
2019-01-03T05:00:00,N,N4,78.96957541999973
2019-01-03T06:00:00,N,N4,82.51628279237903
2019-01-03T07:00:00,N,N4,138.00000000000006
2019-01-03T08:00:00,N,N4,144.99999999999997
2019-01-03T09:00:00,N,N4,156.0
2019-01-03T10:00:00,N,N4,151.0
2019-01-03T11:00:00,N,N4,175.00000000000009
2019-01-03T12:00:00,N,N4,167.99999999999997
2019-01-03T13:00:00,N,N4,164.99999999999994
2019-01-03T14:00:00,N,N4,164.99999999999994
2019-01-03T15:00:00,N,N4,161.99999999999994
2019-01-03T16:00:00,N,N4,144.99999999999997
2019-01-03T17:00:00,N,N4,114.44312020165012
2019-01-03T18:00:00,N,N4,101.22771293174554
2019-01-03T19:00:00,N,N4,115.23746452605552
2019-01-03T20:00:00,N,N4,131.99999999999997
2019-01-03T21:00:00,N,N4,128.99999999999997
2019-01-03T22:00:00,N,N4,119.00000000000004
2019-01-03T23:00:00,N,N4,104.0
2019-01-04T00:00:00,N,N4,100.00000000000004
2019-01-04T01:00:00,N,N4,95.0
2019-01-04T02:00:00,N,N4,90.0
2019-01-04T03:00:00,N,N4,87.0
2019-01-04T04:00:00,N,N4,87.0
2019-01-04T05:00:00,N,N4,87.0
2019-01-04T06:00:00,N,N4,87.0
2019-01-04T07:00:00,N,N4,90.0
2019-01-04T08:00:00,N,N4,104.0
2019-01-04T09:00:00,N,N4,110.00000000000004
2019-01-04T10:00:00,N,N4,113.00000000000004
2019-01-04T11:00:00,N,N4,125.00000000000004
2019-01-04T12:00:00,N,N4,124.00000000000014
2019-01-04T13:00:00,N,N4,117.918028669026
2019-01-04T14:00:00,N,N4,112.77052652839562
2019-01-04T15:00:00,N,N4,108.69543652998868
2019-01-04T16:00:00,N,N4,110.03904455254842
2019-01-04T17:00:00,N,N4,110.07063987567822
2019-01-04T18:00:00,N,N4,106.5870499326161
2019-01-04T19:00:00,N,N4,113.10797637459416
2019-01-04T20:00:00,N,N4,124.0260029880534
2019-01-04T21:00:00,N,N4,113.01586991300591
2019-01-04T22:00:00,N,N4,104.9085738453202
2019-01-04T23:00:00,N,N4,94.83282806314308
2019-01-05T00:00:00,N,N4,88.99772316738608
2019-01-05T01:00:00,N,N4,79.0
2019-01-05T02:00:00,N,N4,77.00000000000001
2019-01-05T03:00:00,N,N4,72.0
2019-01-05T04:00:00,N,N4,72.0
2019-01-05T05:00:00,N,N4,72.0
2019-01-05T06:00:00,N,N4,72.0
2019-01-05T07:00:00,N,N4,79.99999999999997
2019-01-05T08:00:00,N,N4,90.99999999999996
2019-01-05T09:00:00,N,N4,92.0
2019-01-05T10:00:00,N,N4,99.0
2019-01-05T11:00:00,N,N4,104.99999999999996
2019-01-05T12:00:00,N,N4,97.84774921975438
2019-01-05T13:00:00,N,N4,93.88452926093191
2019-01-05T14:00:00,N,N4,96.85082145021416
2019-01-05T15:00:00,N,N4,93.91099280018136
2019-01-05T16:00:00,N,N4,92.4346813728672
2019-01-05T17:00:00,N,N4,93.49298980572372
2019-01-05T18:00:00,N,N4,94.14952135754898
2019-01-05T19:00:00,N,N4,102.94922908748184
2019-01-05T20:00:00,N,N4,114.44392864287197
2019-01-05T21:00:00,N,N4,104.99999999999996
2019-01-05T22:00:00,N,N4,95.0
2019-01-05T23:00:00,N,N4,90.0
2019-01-06T00:00:00,N,N4,83.99999999999999
2019-01-06T01:00:00,N,N4,83.99999999999999
2019-01-06T02:00:00,N,N4,81.99999999999994
2019-01-06T03:00:00,N,N4,82.00000000000001
2019-01-06T04:00:00,N,N4,74.99999999999997
2019-01-06T05:00:00,N,N4,74.99999999999997
2019-01-06T06:00:00,N,N4,98.00000000000004
2019-01-06T07:00:00,N,N4,121.00000000000004
2019-01-06T08:00:00,N,N4,119.99999999999996
2019-01-06T09:00:00,N,N4,119.99999999999996
2019-01-06T10:00:00,N,N4,137.00000000000003
2019-01-06T11:00:00,N,N4,144.0
2019-01-06T12:00:00,N,N4,144.0
2019-01-06T13:00:00,N,N4,129.99999999999997
2019-01-06T14:00:00,N,N4,124.00000000000004
2019-01-06T15:00:00,N,N4,119.00000000000004
2019-01-06T16:00:00,N,N4,119.00000000000004
2019-01-06T17:00:00,N,N4,124.00000000000004
2019-01-06T18:00:00,N,N4,131.99999999999997
2019-01-06T19:00:00,N,N4,146.99999999999997
2019-01-06T20:00:00,N,N4,158.00000000000003
2019-01-06T21:00:00,N,N4,142.99999999999994
2019-01-06T22:00:00,N,N4,133.0
2019-01-06T23:00:00,N,N4,126.0
2019-01-07T00:00:00,N,N4,116.0
2019-01-07T01:00:00,N,N4,116.0
2019-01-07T02:00:00,N,N4,115.0
2019-01-07T03:00:00,N,N4,111.99999999999996
2019-01-07T04:00:00,N,N4,111.99999999999996
2019-01-07T05:00:00,N,N4,111.99999999999996
2019-01-07T06:00:00,N,N4,115.0
2019-01-07T07:00:00,N,N4,122.00000000000004
2019-01-07T08:00:00,N,N4,126.0
2019-01-07T09:00:00,N,N4,127.0
2019-01-07T10:00:00,N,N4,127.0
2019-01-07T11:00:00,N,N4,111.75
2019-01-07T12:00:00,N,N4,106.08333333333331
2019-01-07T13:00:00,N,N4,105.99999999999996
2019-01-07T14:00:00,N,N4,104.0
2019-01-07T15:00:00,N,N4,98.00000000000004
2019-01-07T16:00:00,N,N4,104.0
2019-01-07T17:00:00,N,N4,125.00000000000004
2019-01-07T18:00:00,N,N4,130.99999999999994
2019-01-07T19:00:00,N,N4,154.00000000000006
2019-01-07T20:00:00,N,N4,147.99999999999994
2019-01-07T21:00:00,N,N4,118.00000000000004
2019-01-07T22:00:00,N,N4,105.99999999999996
2019-01-07T23:00:00,N,N4,96.0
2019-01-08T00:00:00,N,N4,92.0
2019-01-08T01:00:00,N,N4,92.0
2019-01-08T02:00:00,N,N4,92.0
2019-01-08T03:00:00,N,N4,68.45454545454545
2019-01-08T04:00:00,N,N4,67.27272727272727
2019-01-08T05:00:00,N,N4,67.72727272727273
2019-01-08T06:00:00,N,N4,92.0
2019-01-08T07:00:00,N,N4,101.99999999999996
2019-01-08T08:00:00,N,N4,125.00000000000004
2019-01-08T09:00:00,N,N4,129.99999999999997
2019-01-08T10:00:00,N,N4,129.99999999999997
2019-01-08T11:00:00,N,N4,144.99999999999997
2019-01-08T12:00:00,N,N4,138.99999999999997
2019-01-08T13:00:00,N,N4,127.99999999999996
2019-01-08T14:00:00,N,N4,128.99999999999997
2019-01-08T15:00:00,N,N4,126.0
2019-01-08T16:00:00,N,N4,127.0
2019-01-08T17:00:00,N,N4,133.0
2019-01-08T18:00:00,N,N4,139.99999999999994
2019-01-08T19:00:00,N,N4,166.00000000000006
2019-01-08T20:00:00,N,N4,174.0
2019-01-08T21:00:00,N,N4,169.0
2019-01-08T22:00:00,N,N4,147.99999999999994
2019-01-08T23:00:00,N,N4,133.99999999999997
2019-01-09T00:00:00,N,N4,122.00000000000004
2019-01-09T01:00:00,N,N4,122.00000000000004
2019-01-09T02:00:00,N,N4,119.99999999999996
2019-01-09T03:00:00,N,N4,119.99999999999996
2019-01-09T04:00:00,N,N4,106.99999999999996
2019-01-09T05:00:00,N,N4,106.99999999999996
2019-01-09T06:00:00,N,N4,119.00000000000004
2019-01-09T07:00:00,N,N4,130.00000000000009
2019-01-09T08:00:00,N,N4,133.0
2019-01-09T09:00:00,N,N4,137.00000000000003
2019-01-09T10:00:00,N,N4,152.0
2019-01-09T11:00:00,N,N4,164.99999999999994
2019-01-09T12:00:00,N,N4,159.0
2019-01-09T13:00:00,N,N4,151.0
2019-01-09T14:00:00,N,N4,146.99999999999997
2019-01-09T15:00:00,N,N4,142.00000000000003
2019-01-09T16:00:00,N,N4,138.00000000000006
2019-01-09T17:00:00,N,N4,142.99999999999994
2019-01-09T18:00:00,N,N4,149.99999999999997
2019-01-09T19:00:00,N,N4,156.0
2019-01-09T20:00:00,N,N4,197.0
2019-01-09T21:00:00,N,N4,187.00000000000003
2019-01-09T22:00:00,N,N4,171.99999999999994
2019-01-09T23:00:00,N,N4,155.00000000000003
2019-01-10T00:00:00,N,N4,146.99999999999997
2019-01-10T01:00:00,N,N4,131.99999999999997
2019-01-10T02:00:00,N,N4,131.99999999999997
2019-01-10T03:00:00,N,N4,127.0
2019-01-10T04:00:00,N,N4,127.0
2019-01-10T05:00:00,N,N4,127.0
2019-01-10T06:00:00,N,N4,129.99999999999997
2019-01-10T07:00:00,N,N4,139.99999999999994
2019-01-10T08:00:00,N,N4,155.00000000000003
2019-01-10T09:00:00,N,N4,151.0
2019-01-10T10:00:00,N,N4,159.0
2019-01-10T11:00:00,N,N4,180.0
2019-01-10T12:00:00,N,N4,167.00000000000006
2019-01-10T13:00:00,N,N4,164.00000000000006
2019-01-10T14:00:00,N,N4,159.0
2019-01-10T15:00:00,N,N4,161.00000000000003
2019-01-10T16:00:00,N,N4,151.0
2019-01-10T17:00:00,N,N4,149.0
2019-01-10T18:00:00,N,N4,147.99999999999994
2019-01-10T19:00:00,N,N4,152.99999999999997
2019-01-10T20:00:00,N,N4,201.0
2019-01-10T21:00:00,N,N4,177.99999999999997
2019-01-10T22:00:00,N,N4,152.0
2019-01-10T23:00:00,N,N4,139.99999999999994
2019-01-11T00:00:00,N,N4,129.99999999999997
2019-01-11T01:00:00,N,N4,122.00000000000004
2019-01-11T02:00:00,N,N4,122.00000000000004
2019-01-11T03:00:00,N,N4,115.0
2019-01-11T04:00:00,N,N4,115.0
2019-01-11T05:00:00,N,N4,115.0
2019-01-11T06:00:00,N,N4,122.00000000000004
2019-01-11T07:00:00,N,N4,130.99999999999994
2019-01-11T08:00:00,N,N4,142.99999999999994
2019-01-11T09:00:00,N,N4,138.99999999999997
2019-01-11T10:00:00,N,N4,159.0
2019-01-11T11:00:00,N,N4,164.99999999999994
2019-01-11T12:00:00,N,N4,159.0
2019-01-11T13:00:00,N,N4,156.99999999999994
2019-01-11T14:00:00,N,N4,167.00000000000006
2019-01-11T15:00:00,N,N4,156.0
2019-01-11T16:00:00,N,N4,156.0
2019-01-11T17:00:00,N,N4,156.0
2019-01-11T18:00:00,N,N4,126.0
2019-01-11T19:00:00,N,N4,133.0
2019-01-11T20:00:00,N,N4,174.0
2019-01-11T21:00:00,N,N4,159.99999999999994
2019-01-11T22:00:00,N,N4,149.99999999999997
2019-01-11T23:00:00,N,N4,129.99999999999997
2019-01-12T00:00:00,N,N4,122.00000000000004
2019-01-12T01:00:00,N,N4,115.0
2019-01-12T02:00:00,N,N4,115.0
2019-01-12T03:00:00,N,N4,115.0
2019-01-12T04:00:00,N,N4,115.0
2019-01-12T05:00:00,N,N4,106.99999999999996
2019-01-12T06:00:00,N,N4,118.00000000000004
2019-01-12T07:00:00,N,N4,127.0
2019-01-12T08:00:00,N,N4,137.00000000000003
2019-01-12T09:00:00,N,N4,137.00000000000003
2019-01-12T10:00:00,N,N4,137.00000000000003
2019-01-12T11:00:00,N,N4,137.00000000000003
2019-01-12T12:00:00,N,N4,142.00000000000003
2019-01-12T13:00:00,N,N4,130.99999999999994
2019-01-12T14:00:00,N,N4,130.99999999999994
2019-01-12T15:00:00,N,N4,96.11131814218771
2019-01-12T16:00:00,N,N4,139.99999999999994
2019-01-12T17:00:00,N,N4,131.99999999999997
2019-01-12T18:00:00,N,N4,139.99999999999994
2019-01-12T19:00:00,N,N4,156.99999999999994
2019-01-12T20:00:00,N,N4,187.00000000000003
2019-01-12T21:00:00,N,N4,173.00000000000006
2019-01-12T22:00:00,N,N4,158.00000000000003
2019-01-12T23:00:00,N,N4,147.99999999999994
2019-01-13T00:00:00,N,N4,139.99999999999994
2019-01-13T01:00:00,N,N4,129.99999999999997
2019-01-13T02:00:00,N,N4,128.99999999999997
2019-01-13T03:00:00,N,N4,119.99999999999996
2019-01-13T04:00:00,N,N4,116.0
2019-01-13T05:00:00,N,N4,118.00000000000004
2019-01-13T06:00:00,N,N4,113.00000000000004
2019-01-13T07:00:00,N,N4,126.0
2019-01-13T08:00:00,N,N4,126.0
2019-01-13T09:00:00,N,N4,135.00000000000003
2019-01-13T10:00:00,N,N4,144.0
2019-01-13T11:00:00,N,N4,164.99999999999994
2019-01-13T12:00:00,N,N4,159.0
2019-01-13T13:00:00,N,N4,149.0
2019-01-13T14:00:00,N,N4,142.00000000000003
2019-01-13T15:00:00,N,N4,88.58333333333333
2019-01-13T16:00:00,N,N4,87.75
2019-01-13T17:00:00,N,N4,96.74637157871452
2019-01-13T18:00:00,N,N4,97.0
2019-01-13T19:00:00,N,N4,98.94626367488304
2019-01-13T20:00:00,N,N4,130.99999999999994
2019-01-13T21:00:00,N,N4,122.00000000000004
2019-01-13T22:00:00,N,N4,108.99999999999996
2019-01-13T23:00:00,N,N4,104.0
2019-01-14T00:00:00,N,N4,95.0
2019-01-14T01:00:00,N,N4,85.00000000000001
2019-01-14T02:00:00,N,N4,78.0
2019-01-14T03:00:00,N,N4,78.0
2019-01-14T04:00:00,N,N4,77.00000000000001
2019-01-14T05:00:00,N,N4,77.00000000000001
2019-01-14T06:00:00,N,N4,81.99999999999994
2019-01-14T07:00:00,N,N4,85.99999999999997
2019-01-14T08:00:00,N,N4,103.0
2019-01-14T09:00:00,N,N4,108.00000000000004
2019-01-14T10:00:00,N,N4,114.00000000000004
2019-01-14T11:00:00,N,N4,122.99999999999994
2019-01-14T12:00:00,N,N4,118.00000000000004
2019-01-14T13:00:00,N,N4,122.99999999999994
2019-01-14T14:00:00,N,N4,111.99999999999996
2019-01-14T15:00:00,N,N4,115.0
2019-01-14T16:00:00,N,N4,115.0
2019-01-14T17:00:00,N,N4,115.0
2019-01-14T18:00:00,N,N4,115.0
2019-01-14T19:00:00,N,N4,115.0
2019-01-14T20:00:00,N,N4,137.00000000000003
2019-01-14T21:00:00,N,N4,128.99999999999997
2019-01-14T22:00:00,N,N4,110.99999999999996
2019-01-14T23:00:00,N,N4,100.00000000000004
2019-01-15T00:00:00,N,N4,95.0
2019-01-15T01:00:00,N,N4,88.00000000000003
2019-01-15T02:00:00,N,N4,83.99999999999999
2019-01-15T03:00:00,N,N4,79.99999999999997
2019-01-15T04:00:00,N,N4,79.99999999999997
2019-01-15T05:00:00,N,N4,79.99999999999997
2019-01-15T06:00:00,N,N4,82.00000000000001
2019-01-15T07:00:00,N,N4,102.00000000000004
2019-01-15T08:00:00,N,N4,111.99999999999996
2019-01-15T09:00:00,N,N4,115.0
2019-01-15T10:00:00,N,N4,119.99999999999996
2019-01-15T11:00:00,N,N4,127.0
2019-01-15T12:00:00,N,N4,111.99999999999996
2019-01-15T13:00:00,N,N4,117.00000000000004
2019-01-15T14:00:00,N,N4,119.99999999999996
2019-01-15T15:00:00,N,N4,97.0
2019-01-15T16:00:00,N,N4,108.99999999999996
2019-01-15T17:00:00,N,N4,85.00000000000001
2019-01-15T18:00:00,N,N4,89.14680579907589
2019-01-15T19:00:00,N,N4,100.51966080595028
2019-01-15T20:00:00,N,N4,116.0
2019-01-15T21:00:00,N,N4,116.0
2019-01-15T22:00:00,N,N4,101.99999999999996
2019-01-15T23:00:00,N,N4,92.0
2019-01-16T00:00:00,N,N4,85.99999999999997
2019-01-16T01:00:00,N,N4,79.0
2019-01-16T02:00:00,N,N4,76.0
2019-01-16T03:00:00,N,N4,76.0
2019-01-16T04:00:00,N,N4,76.0
2019-01-16T05:00:00,N,N4,76.0
2019-01-16T06:00:00,N,N4,66.99999999999997
2019-01-16T07:00:00,N,N4,92.0
2019-01-16T08:00:00,N,N4,100.00000000000004
2019-01-16T09:00:00,N,N4,104.99999999999996
2019-01-16T10:00:00,N,N4,115.0
2019-01-16T11:00:00,N,N4,125.00000000000004
2019-01-16T12:00:00,N,N4,117.00000000000004
2019-01-16T13:00:00,N,N4,117.00000000000004
2019-01-16T14:00:00,N,N4,121.00000000000004
2019-01-16T15:00:00,N,N4,118.00000000000004
2019-01-16T16:00:00,N,N4,115.0
2019-01-16T17:00:00,N,N4,113.00000000000004
2019-01-16T18:00:00,N,N4,114.00000000000004
2019-01-16T19:00:00,N,N4,115.0
2019-01-16T20:00:00,N,N4,142.99999999999994
2019-01-16T21:00:00,N,N4,138.00000000000006
2019-01-16T22:00:00,N,N4,133.0
2019-01-16T23:00:00,N,N4,122.00000000000004
2019-01-17T00:00:00,N,N4,116.0
2019-01-17T01:00:00,N,N4,103.0
2019-01-17T02:00:00,N,N4,98.00000000000004
2019-01-17T03:00:00,N,N4,98.00000000000004
2019-01-17T04:00:00,N,N4,98.00000000000004
2019-01-17T05:00:00,N,N4,98.00000000000004
2019-01-17T06:00:00,N,N4,90.0
2019-01-17T07:00:00,N,N4,95.0
2019-01-17T08:00:00,N,N4,106.99999999999996
2019-01-17T09:00:00,N,N4,115.0
2019-01-17T10:00:00,N,N4,122.00000000000004
2019-01-17T11:00:00,N,N4,127.0
2019-01-17T12:00:00,N,N4,127.0
2019-01-17T13:00:00,N,N4,119.99999999999996
2019-01-17T14:00:00,N,N4,133.0
2019-01-17T15:00:00,N,N4,124.00000000000004
2019-01-17T16:00:00,N,N4,122.99999999999994
2019-01-17T17:00:00,N,N4,124.00000000000004
2019-01-17T18:00:00,N,N4,126.0
2019-01-17T19:00:00,N,N4,144.99999999999997
2019-01-17T20:00:00,N,N4,152.0
2019-01-17T21:00:00,N,N4,152.0
2019-01-17T22:00:00,N,N4,136.00000000000006
2019-01-17T23:00:00,N,N4,125.00000000000004
2019-01-18T00:00:00,N,N4,119.99999999999996
2019-01-18T01:00:00,N,N4,110.00000000000004
2019-01-18T02:00:00,N,N4,104.0
2019-01-18T03:00:00,N,N4,104.0
2019-01-18T04:00:00,N,N4,104.0
2019-01-18T05:00:00,N,N4,104.0
2019-01-18T06:00:00,N,N4,99.0
2019-01-18T07:00:00,N,N4,108.99999999999996
2019-01-18T08:00:00,N,N4,117.00000000000004
2019-01-18T09:00:00,N,N4,119.00000000000004
2019-01-18T10:00:00,N,N4,122.99999999999994
2019-01-18T11:00:00,N,N4,127.0
2019-01-18T12:00:00,N,N4,121.00000000000004
2019-01-18T13:00:00,N,N4,127.0
2019-01-18T14:00:00,N,N4,122.99999999999994
2019-01-18T15:00:00,N,N4,121.00000000000004
2019-01-18T16:00:00,N,N4,118.00000000000004
2019-01-18T17:00:00,N,N4,119.00000000000004
2019-01-18T18:00:00,N,N4,114.00000000000004
2019-01-18T19:00:00,N,N4,114.00000000000004
2019-01-18T20:00:00,N,N4,119.00000000000004
2019-01-18T21:00:00,N,N4,111.99999999999996
2019-01-18T22:00:00,N,N4,104.99999999999996
2019-01-18T23:00:00,N,N4,100.00000000000004
2019-01-19T00:00:00,N,N4,88.00000000000003
2019-01-19T01:00:00,N,N4,82.00000000000001
2019-01-19T02:00:00,N,N4,77.00000000000001
2019-01-19T03:00:00,N,N4,77.00000000000001
2019-01-19T04:00:00,N,N4,77.00000000000001
2019-01-19T05:00:00,N,N4,77.00000000000001
2019-01-19T06:00:00,N,N4,83.00000000000003
2019-01-19T07:00:00,N,N4,85.99999999999997
2019-01-19T08:00:00,N,N4,99.0
2019-01-19T09:00:00,N,N4,104.0
2019-01-19T10:00:00,N,N4,105.99999999999996
2019-01-19T11:00:00,N,N4,104.0
2019-01-19T12:00:00,N,N4,93.00000000000004
2019-01-19T13:00:00,N,N4,87.0
2019-01-19T14:00:00,N,N4,92.0
2019-01-19T15:00:00,N,N4,87.0
2019-01-19T16:00:00,N,N4,92.0
2019-01-19T17:00:00,N,N4,93.00000000000004
2019-01-19T18:00:00,N,N4,95.0
2019-01-19T19:00:00,N,N4,100.00000000000004
2019-01-19T20:00:00,N,N4,108.00000000000004
2019-01-19T21:00:00,N,N4,90.0
2019-01-19T22:00:00,N,N4,77.00000000000001
2019-01-19T23:00:00,N,N4,77.00000000000001
2019-01-20T00:00:00,N,N4,70.00000000000003
2019-01-20T01:00:00,N,N4,66.99999999999997
2019-01-20T02:00:00,N,N4,66.99999999999997
2019-01-20T03:00:00,N,N4,62.00000000000001
2019-01-20T04:00:00,N,N4,62.00000000000001
2019-01-20T05:00:00,N,N4,62.000000000000064
2019-01-20T06:00:00,N,N4,69.00000000000001
2019-01-20T07:00:00,N,N4,79.0
2019-01-20T08:00:00,N,N4,83.00000000000003
2019-01-20T09:00:00,N,N4,88.99999999999999
2019-01-20T10:00:00,N,N4,88.99999999999999
2019-01-20T11:00:00,N,N4,101.00000000000004
2019-01-20T12:00:00,N,N4,85.00000000000001
2019-01-20T13:00:00,N,N4,79.99999999999997
2019-01-20T14:00:00,N,N4,79.99999999999997
2019-01-20T15:00:00,N,N4,79.99999999999997
2019-01-20T16:00:00,N,N4,79.99999999999997
2019-01-20T17:00:00,N,N4,79.0
2019-01-20T18:00:00,N,N4,83.99999999999999
2019-01-20T19:00:00,N,N4,83.99999999999999
2019-01-20T20:00:00,N,N4,101.00000000000004
2019-01-20T21:00:00,N,N4,95.0
2019-01-20T22:00:00,N,N4,90.0
2019-01-20T23:00:00,N,N4,77.00000000000001
2019-01-21T00:00:00,N,N4,77.00000000000001
2019-01-21T01:00:00,N,N4,70.00000000000003
2019-01-21T02:00:00,N,N4,62.00000000000001
2019-01-21T03:00:00,N,N4,62.00000000000001
2019-01-21T04:00:00,N,N4,62.000000000000064
2019-01-21T05:00:00,N,N4,66.99999999999997
2019-01-21T06:00:00,N,N4,74.00000000000003
2019-01-21T07:00:00,N,N4,77.00000000000001
2019-01-21T08:00:00,N,N4,99.0
2019-01-21T09:00:00,N,N4,99.0
2019-01-21T10:00:00,N,N4,113.00000000000004
2019-01-21T11:00:00,N,N4,127.99999999999996
2019-01-21T12:00:00,N,N4,127.99999999999996
2019-01-21T13:00:00,N,N4,111.99999999999996
2019-01-21T14:00:00,N,N4,117.00000000000004
2019-01-21T15:00:00,N,N4,111.99999999999996
2019-01-21T16:00:00,N,N4,111.99999999999996
2019-01-21T17:00:00,N,N4,117.00000000000004
2019-01-21T18:00:00,N,N4,111.99999999999996
2019-01-21T19:00:00,N,N4,117.00000000000004
2019-01-21T20:00:00,N,N4,139.99999999999994
2019-01-21T21:00:00,N,N4,130.99999999999994
2019-01-21T22:00:00,N,N4,113.00000000000004
2019-01-21T23:00:00,N,N4,103.0
2019-01-22T00:00:00,N,N4,98.00000000000004
2019-01-22T01:00:00,N,N4,90.99999999999996
2019-01-22T02:00:00,N,N4,83.99999999999999
2019-01-22T03:00:00,N,N4,83.99999999999999
2019-01-22T04:00:00,N,N4,79.0
2019-01-22T05:00:00,N,N4,82.00000000000001
2019-01-22T06:00:00,N,N4,82.00000000000001
2019-01-22T07:00:00,N,N4,97.0
2019-01-22T08:00:00,N,N4,105.99999999999996
2019-01-22T09:00:00,N,N4,117.00000000000004
2019-01-22T10:00:00,N,N4,119.00000000000004
2019-01-22T11:00:00,N,N4,124.00000000000004
2019-01-22T12:00:00,N,N4,124.00000000000004
2019-01-22T13:00:00,N,N4,126.0
2019-01-22T14:00:00,N,N4,133.99999999999997
2019-01-22T15:00:00,N,N4,133.99999999999997
2019-01-22T16:00:00,N,N4,129.99999999999997
2019-01-22T17:00:00,N,N4,127.0
2019-01-22T18:00:00,N,N4,127.0
2019-01-22T19:00:00,N,N4,127.0
2019-01-22T20:00:00,N,N4,155.00000000000003
2019-01-22T21:00:00,N,N4,152.99999999999997
2019-01-22T22:00:00,N,N4,142.00000000000003
2019-01-22T23:00:00,N,N4,127.0
2019-01-23T00:00:00,N,N4,122.00000000000004
2019-01-23T01:00:00,N,N4,110.00000000000004
2019-01-23T02:00:00,N,N4,104.0
2019-01-23T03:00:00,N,N4,100.00000000000004
2019-01-23T04:00:00,N,N4,96.0
2019-01-23T05:00:00,N,N4,94.0
2019-01-23T06:00:00,N,N4,95.0
2019-01-23T07:00:00,N,N4,111.99999999999996
2019-01-23T08:00:00,N,N4,118.00000000000004
2019-01-23T09:00:00,N,N4,126.0
2019-01-23T10:00:00,N,N4,128.99999999999997
2019-01-23T11:00:00,N,N4,142.00000000000003
2019-01-23T12:00:00,N,N4,133.99999999999997
2019-01-23T13:00:00,N,N4,138.99999999999997
2019-01-23T14:00:00,N,N4,137.00000000000003
2019-01-23T15:00:00,N,N4,117.00000000000004
2019-01-23T16:00:00,N,N4,117.00000000000004
2019-01-23T17:00:00,N,N4,111.99999999999996
2019-01-23T18:00:00,N,N4,104.99999999999996
2019-01-23T19:00:00,N,N4,119.99999999999996
2019-01-23T20:00:00,N,N4,127.0
2019-01-23T21:00:00,N,N4,125.00000000000004
2019-01-23T22:00:00,N,N4,104.99999999999996
2019-01-23T23:00:00,N,N4,95.0
2019-01-24T00:00:00,N,N4,90.0
2019-01-24T01:00:00,N,N4,78.0
2019-01-24T02:00:00,N,N4,74.99999999999997
2019-01-24T03:00:00,N,N4,70.00000000000003
2019-01-24T04:00:00,N,N4,66.99999999999997
2019-01-24T05:00:00,N,N4,66.99999999999997
2019-01-24T06:00:00,N,N4,77.00000000000001
2019-01-24T07:00:00,N,N4,76.0
2019-01-24T08:00:00,N,N4,83.00000000000003
2019-01-24T09:00:00,N,N4,97.0
2019-01-24T10:00:00,N,N4,103.0
2019-01-24T11:00:00,N,N4,114.00000000000004
2019-01-24T12:00:00,N,N4,118.00000000000004
2019-01-24T13:00:00,N,N4,113.00000000000004
2019-01-24T14:00:00,N,N4,116.0
2019-01-24T15:00:00,N,N4,113.00000000000004
2019-01-24T16:00:00,N,N4,105.99999999999996
2019-01-24T17:00:00,N,N4,104.0
2019-01-24T18:00:00,N,N4,101.99999999999996
2019-01-24T19:00:00,N,N4,96.0
2019-01-24T20:00:00,N,N4,105.99999999999996
2019-01-24T21:00:00,N,N4,105.99999999999996
2019-01-24T22:00:00,N,N4,96.0
2019-01-24T23:00:00,N,N4,90.99999999999996
2019-01-25T00:00:00,N,N4,86.00000000000004
2019-01-25T01:00:00,N,N4,81.00000000000003
2019-01-25T02:00:00,N,N4,76.0
2019-01-25T03:00:00,N,N4,76.0
2019-01-25T04:00:00,N,N4,76.0
2019-01-25T05:00:00,N,N4,76.0
2019-01-25T06:00:00,N,N4,72.0
2019-01-25T07:00:00,N,N4,79.0
2019-01-25T08:00:00,N,N4,85.99999999999997
2019-01-25T09:00:00,N,N4,92.0
2019-01-25T10:00:00,N,N4,100.00000000000004
2019-01-25T11:00:00,N,N4,110.00000000000004
2019-01-25T12:00:00,N,N4,101.99999999999996
2019-01-25T13:00:00,N,N4,106.99999999999996
2019-01-25T14:00:00,N,N4,110.00000000000004
2019-01-25T15:00:00,N,N4,111.99999999999996
2019-01-25T16:00:00,N,N4,113.00000000000004
2019-01-25T17:00:00,N,N4,106.99999999999996
2019-01-25T18:00:00,N,N4,110.00000000000004
2019-01-25T19:00:00,N,N4,110.00000000000004
2019-01-25T20:00:00,N,N4,127.99999999999996
2019-01-25T21:00:00,N,N4,122.99999999999994
2019-01-25T22:00:00,N,N4,118.00000000000004
2019-01-25T23:00:00,N,N4,108.00000000000004
2019-01-26T00:00:00,N,N4,103.0000000000001
2019-01-26T01:00:00,N,N4,98.00000000000004
2019-01-26T02:00:00,N,N4,93.00000000000004
2019-01-26T03:00:00,N,N4,93.00000000000004
2019-01-26T04:00:00,N,N4,93.00000000000004
2019-01-26T05:00:00,N,N4,93.00000000000004
2019-01-26T06:00:00,N,N4,77.00000000000001
2019-01-26T07:00:00,N,N4,87.0
2019-01-26T08:00:00,N,N4,99.0
2019-01-26T09:00:00,N,N4,100.00000000000004
2019-01-26T10:00:00,N,N4,108.99999999999996
2019-01-26T11:00:00,N,N4,108.99999999999996
2019-01-26T12:00:00,N,N4,108.00000000000004
2019-01-26T13:00:00,N,N4,110.99999999999996
2019-01-26T14:00:00,N,N4,110.99999999999996
2019-01-26T15:00:00,N,N4,106.99999999999996
2019-01-26T16:00:00,N,N4,93.00000000000004
2019-01-26T17:00:00,N,N4,94.0
2019-01-26T18:00:00,N,N4,93.00000000000004
2019-01-26T19:00:00,N,N4,99.0
2019-01-26T20:00:00,N,N4,119.99999999999996
2019-01-26T21:00:00,N,N4,116.0
2019-01-26T22:00:00,N,N4,110.99999999999996
2019-01-26T23:00:00,N,N4,98.00000000000004
2019-01-27T00:00:00,N,N4,98.00000000000004
2019-01-27T01:00:00,N,N4,88.00000000000003
2019-01-27T02:00:00,N,N4,85.00000000000001
2019-01-27T03:00:00,N,N4,83.00000000000003
2019-01-27T04:00:00,N,N4,83.00000000000003
2019-01-27T05:00:00,N,N4,83.00000000000003
2019-01-27T06:00:00,N,N4,83.79008086838512
2019-01-27T07:00:00,N,N4,87.56363434611652
2019-01-27T08:00:00,N,N4,96.67735921104432
2019-01-27T09:00:00,N,N4,98.65972918823375
2019-01-27T10:00:00,N,N4,101.50004754341856
2019-01-27T11:00:00,N,N4,107.90267609850154
2019-01-27T12:00:00,N,N4,98.81636672467936
2019-01-27T13:00:00,N,N4,93.66460699859304
2019-01-27T14:00:00,N,N4,95.0
2019-01-27T15:00:00,N,N4,95.0
2019-01-27T16:00:00,N,N4,100.00000000000004
2019-01-27T17:00:00,N,N4,90.99999999999996
2019-01-27T18:00:00,N,N4,96.0
2019-01-27T19:00:00,N,N4,96.0
2019-01-27T20:00:00,N,N4,116.0
2019-01-27T21:00:00,N,N4,113.00000000000004
2019-01-27T22:00:00,N,N4,100.00000000000004
2019-01-27T23:00:00,N,N4,100.00000000000004
2019-01-28T00:00:00,N,N4,92.0
2019-01-28T01:00:00,N,N4,88.00000000000003
2019-01-28T02:00:00,N,N4,87.0
2019-01-28T03:00:00,N,N4,87.0
2019-01-28T04:00:00,N,N4,79.99999999999997
2019-01-28T05:00:00,N,N4,79.99999999999997
2019-01-28T06:00:00,N,N4,81.00000000000003
2019-01-28T07:00:00,N,N4,88.99999999999999
2019-01-28T08:00:00,N,N4,100.00000000000004
2019-01-28T09:00:00,N,N4,101.99999999999996
2019-01-28T10:00:00,N,N4,104.0
2019-01-28T11:00:00,N,N4,110.00000000000004
2019-01-28T12:00:00,N,N4,101.99999999999996
2019-01-28T13:00:00,N,N4,111.99999999999996
2019-01-28T14:00:00,N,N4,113.00000000000004
2019-01-28T15:00:00,N,N4,108.00000000000004
2019-01-28T16:00:00,N,N4,108.00000000000004
2019-01-28T17:00:00,N,N4,108.99999999999996
2019-01-28T18:00:00,N,N4,100.00000000000004
2019-01-28T19:00:00,N,N4,110.00000000000004
2019-01-28T20:00:00,N,N4,128.99999999999997
2019-01-28T21:00:00,N,N4,117.00000000000004
2019-01-28T22:00:00,N,N4,100.00000000000004
2019-01-28T23:00:00,N,N4,92.0
2019-01-29T00:00:00,N,N4,87.0
2019-01-29T01:00:00,N,N4,79.99999999999997
2019-01-29T02:00:00,N,N4,74.99999999999997
2019-01-29T03:00:00,N,N4,74.99999999999997
2019-01-29T04:00:00,N,N4,74.99999999999997
2019-01-29T05:00:00,N,N4,74.99999999999997
2019-01-29T06:00:00,N,N4,74.00000000000003
2019-01-29T07:00:00,N,N4,78.0
2019-01-29T08:00:00,N,N4,88.99999999999999
2019-01-29T09:00:00,N,N4,100.00000000000004
2019-01-29T10:00:00,N,N4,105.99999999999996
2019-01-29T11:00:00,N,N4,115.0
2019-01-29T12:00:00,N,N4,117.00000000000004
2019-01-29T13:00:00,N,N4,117.00000000000004
2019-01-29T14:00:00,N,N4,117.00000000000004
2019-01-29T15:00:00,N,N4,111.99999999999996
2019-01-29T16:00:00,N,N4,104.99999999999996
2019-01-29T17:00:00,N,N4,115.0
2019-01-29T18:00:00,N,N4,103.0
2019-01-29T19:00:00,N,N4,131.99999999999997
2019-01-29T20:00:00,N,N4,133.0
2019-01-29T21:00:00,N,N4,122.00000000000004
2019-01-29T22:00:00,N,N4,122.00000000000004
2019-01-29T23:00:00,N,N4,101.99999999999996
2019-01-30T00:00:00,N,N4,102.00000000000004
2019-01-30T01:00:00,N,N4,92.0
2019-01-30T02:00:00,N,N4,87.0
2019-01-30T03:00:00,N,N4,87.0
2019-01-30T04:00:00,N,N4,79.99999999999997
2019-01-30T05:00:00,N,N4,79.99999999999997
2019-01-30T06:00:00,N,N4,81.00000000000003
2019-01-30T07:00:00,N,N4,88.00000000000003
2019-01-30T08:00:00,N,N4,101.99999999999996
2019-01-30T09:00:00,N,N4,110.00000000000004
2019-01-30T10:00:00,N,N4,110.00000000000004
2019-01-30T11:00:00,N,N4,122.00000000000004
2019-01-30T12:00:00,N,N4,119.00000000000004
2019-01-30T13:00:00,N,N4,115.0
2019-01-30T14:00:00,N,N4,111.99999999999996
2019-01-30T15:00:00,N,N4,111.99999999999996
2019-01-30T16:00:00,N,N4,111.99999999999996
2019-01-30T17:00:00,N,N4,104.99999999999996
2019-01-30T18:00:00,N,N4,104.99999999999996
2019-01-30T19:00:00,N,N4,115.0
2019-01-30T20:00:00,N,N4,131.99999999999997
2019-01-30T21:00:00,N,N4,135.00000000000003
2019-01-30T22:00:00,N,N4,119.00000000000004
2019-01-30T23:00:00,N,N4,113.00000000000004
2019-01-31T00:00:00,N,N4,103.0000000000001
2019-01-31T01:00:00,N,N4,97.0
2019-01-31T02:00:00,N,N4,95.0
2019-01-31T03:00:00,N,N4,90.0
2019-01-31T04:00:00,N,N4,85.00000000000001
2019-01-31T05:00:00,N,N4,85.00000000000001
2019-01-31T06:00:00,N,N4,81.00000000000003
2019-01-31T07:00:00,N,N4,96.0
2019-01-31T08:00:00,N,N4,101.99999999999996
2019-01-31T09:00:00,N,N4,101.99999999999996
2019-01-31T10:00:00,N,N4,111.99999999999996
2019-01-31T11:00:00,N,N4,125.00000000000004
2019-01-31T12:00:00,N,N4,119.00000000000004
2019-01-31T13:00:00,N,N4,112.04053421168152
2019-01-31T14:00:00,N,N4,111.99999999999996
2019-01-31T15:00:00,N,N4,111.99999999999996
2019-01-31T16:00:00,N,N4,111.99999999999996
2019-01-31T17:00:00,N,N4,111.99999999999996
2019-01-31T18:00:00,N,N4,111.99999999999996
2019-01-31T19:00:00,N,N4,119.99999999999996
2019-01-31T20:00:00,N,N4,139.99999999999994
2019-01-31T21:00:00,N,N4,136.00000000000006
2019-01-31T22:00:00,N,N4,129.99999999999997
2019-01-31T23:00:00,N,N4,119.00000000000004
2019-02-01T00:00:00,N,N4,106.99999999999996
2019-02-01T01:00:00,N,N4,100.00000000000004
2019-02-01T02:00:00,N,N4,94.0
2019-02-01T03:00:00,N,N4,90.0
2019-02-01T04:00:00,N,N4,90.0
2019-02-01T05:00:00,N,N4,90.0
2019-02-01T06:00:00,N,N4,88.00000000000003
2019-02-01T07:00:00,N,N4,99.0
2019-02-01T08:00:00,N,N4,105.99999999999996
2019-02-01T09:00:00,N,N4,111.99999999999996
2019-02-01T10:00:00,N,N4,116.0
2019-02-01T11:00:00,N,N4,122.00000000000004
2019-02-01T12:00:00,N,N4,122.99999999999994
2019-02-01T13:00:00,N,N4,127.0
2019-02-01T14:00:00,N,N4,127.0
2019-02-01T15:00:00,N,N4,115.0
2019-02-01T16:00:00,N,N4,115.0
2019-02-01T17:00:00,N,N4,110.00000000000004
2019-02-01T18:00:00,N,N4,101.99999999999996
2019-02-01T19:00:00,N,N4,117.00000000000004
2019-02-01T20:00:00,N,N4,125.00000000000004
2019-02-01T21:00:00,N,N4,124.00000000000004
2019-02-01T22:00:00,N,N4,114.00000000000004
2019-02-01T23:00:00,N,N4,95.0
2019-02-02T00:00:00,N,N4,90.0
2019-02-02T01:00:00,N,N4,85.00000000000001
2019-02-02T02:00:00,N,N4,79.99999999999997
2019-02-02T03:00:00,N,N4,74.99999999999997
2019-02-02T04:00:00,N,N4,74.99999999999997
2019-02-02T05:00:00,N,N4,74.99999999999997
2019-02-02T06:00:00,N,N4,77.00000000000001
2019-02-02T07:00:00,N,N4,85.00000000000001
2019-02-02T08:00:00,N,N4,95.0
2019-02-02T09:00:00,N,N4,101.99999999999996
2019-02-02T10:00:00,N,N4,101.99999999999996
2019-02-02T11:00:00,N,N4,115.0
2019-02-02T12:00:00,N,N4,115.0
2019-02-02T13:00:00,N,N4,115.0
2019-02-02T14:00:00,N,N4,110.00000000000004
2019-02-02T15:00:00,N,N4,101.99999999999996
2019-02-02T16:00:00,N,N4,96.0
2019-02-02T17:00:00,N,N4,100.00000000000004
2019-02-02T18:00:00,N,N4,105.99999999999996
2019-02-02T19:00:00,N,N4,101.99999999999996
2019-02-02T20:00:00,N,N4,103.0
2019-02-02T21:00:00,N,N4,93.00000000000004
2019-02-02T22:00:00,N,N4,88.99999999999999
2019-02-02T23:00:00,N,N4,83.99999999999999
2019-02-03T00:00:00,N,N4,77.00000000000001
2019-02-03T01:00:00,N,N4,64.99999999999999
2019-02-03T02:00:00,N,N4,70.00000000000003
2019-02-03T03:00:00,N,N4,70.00000000000003
2019-02-03T04:00:00,N,N4,70.00000000000003
2019-02-03T05:00:00,N,N4,69.00000000000001
2019-02-03T06:00:00,N,N4,71.6715609851136
2019-02-03T07:00:00,N,N4,76.61441649212152
2019-02-03T08:00:00,N,N4,87.03512663929554
2019-02-03T09:00:00,N,N4,90.45376290486186
2019-02-03T10:00:00,N,N4,94.60458492059836
2019-02-03T11:00:00,N,N4,102.1481319424933
2019-02-03T12:00:00,N,N4,94.49275533059355
2019-02-03T13:00:00,N,N4,90.92495511506267
2019-02-03T14:00:00,N,N4,94.0
2019-02-03T15:00:00,N,N4,85.00000000000001
2019-02-03T16:00:00,N,N4,79.99999999999997
2019-02-03T17:00:00,N,N4,79.99999999999997
2019-02-03T18:00:00,N,N4,79.99999999999997
2019-02-03T19:00:00,N,N4,87.4089004237136
2019-02-03T20:00:00,N,N4,98.00000000000004
2019-02-03T21:00:00,N,N4,98.00000000000004
2019-02-03T22:00:00,N,N4,83.99999999999999
2019-02-03T23:00:00,N,N4,77.00000000000001
2019-02-04T00:00:00,N,N4,72.0
2019-02-04T01:00:00,N,N4,68.00000000000001
2019-02-04T02:00:00,N,N4,57.00000000000001
2019-02-04T03:00:00,N,N4,59.99999999999999
2019-02-04T04:00:00,N,N4,59.99999999999999
2019-02-04T05:00:00,N,N4,62.99999999999999
2019-02-04T06:00:00,N,N4,59.99999999999999
2019-02-04T07:00:00,N,N4,70.00000000000003
2019-02-04T08:00:00,N,N4,79.99999999999997
2019-02-04T09:00:00,N,N4,87.0
2019-02-04T10:00:00,N,N4,92.0
2019-02-04T11:00:00,N,N4,101.99999999999996
2019-02-04T12:00:00,N,N4,95.0
2019-02-04T13:00:00,N,N4,85.99999999999997
2019-02-04T14:00:00,N,N4,97.0
2019-02-04T15:00:00,N,N4,101.99999999999996
2019-02-04T16:00:00,N,N4,100.00000000000004
2019-02-04T17:00:00,N,N4,104.0
2019-02-04T18:00:00,N,N4,104.0
2019-02-04T19:00:00,N,N4,104.0
2019-02-04T20:00:00,N,N4,126.0
2019-02-04T21:00:00,N,N4,115.0
2019-02-04T22:00:00,N,N4,102.00000000000004
2019-02-04T23:00:00,N,N4,95.0
2019-02-05T00:00:00,N,N4,85.00000000000001
2019-02-05T01:00:00,N,N4,79.99999999999997
2019-02-05T02:00:00,N,N4,76.0
2019-02-05T03:00:00,N,N4,72.0
2019-02-05T04:00:00,N,N4,72.0
2019-02-05T05:00:00,N,N4,72.99999999999999
2019-02-05T06:00:00,N,N4,83.00000000000003
2019-02-05T07:00:00,N,N4,79.0
2019-02-05T08:00:00,N,N4,88.99999999999999
2019-02-05T09:00:00,N,N4,93.00000000000004
2019-02-05T10:00:00,N,N4,98.00000000000004
2019-02-05T11:00:00,N,N4,101.99999999999996
2019-02-05T12:00:00,N,N4,95.0
2019-02-05T13:00:00,N,N4,88.00000000000003
2019-02-05T14:00:00,N,N4,101.99999999999996
2019-02-05T15:00:00,N,N4,110.00000000000004
2019-02-05T16:00:00,N,N4,110.00000000000004
2019-02-05T17:00:00,N,N4,113.00000000000004
2019-02-05T18:00:00,N,N4,110.99999999999996
2019-02-05T19:00:00,N,N4,115.0
2019-02-05T20:00:00,N,N4,124.00000000000004
2019-02-05T21:00:00,N,N4,104.99999999999996
2019-02-05T22:00:00,N,N4,90.0
2019-02-05T23:00:00,N,N4,82.00000000000001
2019-02-06T00:00:00,N,N4,77.00000000000001
2019-02-06T01:00:00,N,N4,72.99999999999999
2019-02-06T02:00:00,N,N4,72.99999999999999
2019-02-06T03:00:00,N,N4,64.99999999999999
2019-02-06T04:00:00,N,N4,64.99999999999999
2019-02-06T05:00:00,N,N4,64.99999999999999
2019-02-06T06:00:00,N,N4,74.00000000000003
2019-02-06T07:00:00,N,N4,78.0
2019-02-06T08:00:00,N,N4,93.00000000000004
2019-02-06T09:00:00,N,N4,94.0
2019-02-06T10:00:00,N,N4,104.0
2019-02-06T11:00:00,N,N4,110.00000000000004
2019-02-06T12:00:00,N,N4,106.99999999999996
2019-02-06T13:00:00,N,N4,104.99999999999996
2019-02-06T14:00:00,N,N4,110.99999999999996
2019-02-06T15:00:00,N,N4,110.00000000000004
2019-02-06T16:00:00,N,N4,108.00000000000004
2019-02-06T17:00:00,N,N4,108.99999999999996
2019-02-06T18:00:00,N,N4,104.0
2019-02-06T19:00:00,N,N4,122.00000000000004
2019-02-06T20:00:00,N,N4,131.99999999999997
2019-02-06T21:00:00,N,N4,126.0
2019-02-06T22:00:00,N,N4,100.00000000000004
2019-02-06T23:00:00,N,N4,92.0
2019-02-07T00:00:00,N,N4,87.0
2019-02-07T01:00:00,N,N4,82.00000000000001
2019-02-07T02:00:00,N,N4,74.99999999999997
2019-02-07T03:00:00,N,N4,64.99999999999999
2019-02-07T04:00:00,N,N4,64.99999999999999
2019-02-07T05:00:00,N,N4,64.99999999999999
2019-02-07T06:00:00,N,N4,74.00000000000003
2019-02-07T07:00:00,N,N4,72.99999999999999
2019-02-07T08:00:00,N,N4,139.99999999999994
2019-02-07T09:00:00,N,N4,147.99999999999994
2019-02-07T10:00:00,N,N4,149.0
2019-02-07T11:00:00,N,N4,158.36204218268898
2019-02-07T12:00:00,N,N4,149.95040775944796
2019-02-07T13:00:00,N,N4,146.48641054017818
2019-02-07T14:00:00,N,N4,151.0454478392625
2019-02-07T15:00:00,N,N4,148.5477492161734
2019-02-07T16:00:00,N,N4,148.15716872542887
2019-02-07T17:00:00,N,N4,150.280365917542
2019-02-07T18:00:00,N,N4,152.51006340190187
2019-02-07T19:00:00,N,N4,160.48120352017912
2019-02-07T20:00:00,N,N4,171.61414039307394
2019-02-07T21:00:00,N,N4,161.964605366506
2019-02-07T22:00:00,N,N4,149.5486976229461
2019-02-07T23:00:00,N,N4,141.07333944342844
2019-02-08T00:00:00,N,N4,135.1402981340428
2019-02-08T01:00:00,N,N4,130.11542637443057
2019-02-08T02:00:00,N,N4,126.85047000079162
2019-02-08T03:00:00,N,N4,125.35346538446316
2019-02-08T04:00:00,N,N4,124.26932206358
2019-02-08T05:00:00,N,N4,125.00000000000004
2019-02-08T06:00:00,N,N4,127.12383156684828
2019-02-08T07:00:00,N,N4,131.33181501186027
2019-02-08T08:00:00,N,N4,142.1630755245971
2019-02-08T09:00:00,N,N4,144.4172924346292
2019-02-08T10:00:00,N,N4,147.39512473181668
2019-02-08T11:00:00,N,N4,154.1000028427391
2019-02-08T12:00:00,N,N4,143.18411627303206
2019-02-08T13:00:00,N,N4,137.284316924434
2019-02-08T14:00:00,N,N4,139.3027502072154
2019-02-08T15:00:00,N,N4,134.45531041401077
2019-02-08T16:00:00,N,N4,131.67684665536942
2019-02-08T17:00:00,N,N4,131.35100063600186
2019-02-08T18:00:00,N,N4,131.14426036826052
2019-02-08T19:00:00,N,N4,136.16684821349054
2019-02-08T20:00:00,N,N4,143.9516292998778
2019-02-08T21:00:00,N,N4,132.41768552047532
2019-02-08T22:00:00,N,N4,118.50886104578233
2019-02-08T23:00:00,N,N4,108.45047934438196
2019-02-09T00:00:00,N,N4,100.8257618906984
2019-02-09T01:00:00,N,N4,94.12418397954109
2019-02-09T02:00:00,N,N4,89.09656573066444
2019-02-09T03:00:00,N,N4,85.66976823774733
2019-02-09T04:00:00,N,N4,82.650465214589
2019-02-09T05:00:00,N,N4,81.23845642282286
2019-02-09T06:00:00,N,N4,83.16670110699035
2019-02-09T07:00:00,N,N4,86.79470218310817
2019-02-09T08:00:00,N,N4,96.25745758848616
2019-02-09T09:00:00,N,N4,98.22116339304
2019-02-09T10:00:00,N,N4,100.81265668967906
2019-02-09T11:00:00,N,N4,106.66856786327553
2019-02-09T12:00:00,N,N4,97.00011154895336
2019-02-09T13:00:00,N,N4,91.82440043661056
2019-02-09T14:00:00,N,N4,93.6210168752544
2019-02-09T15:00:00,N,N4,89.42482490607156
2019-02-09T16:00:00,N,N4,87.03870314506669
2019-02-09T17:00:00,N,N4,86.81714842113102
2019-02-09T18:00:00,N,N4,86.72402926187883
2019-02-09T19:00:00,N,N4,91.0111200498252
2019-02-09T20:00:00,N,N4,97.59418640703603
2019-02-09T21:00:00,N,N4,87.51674549392709
2019-02-09T22:00:00,N,N4,75.52118719340847
2019-02-09T23:00:00,N,N4,66.97096447130345
2019-02-10T00:00:00,N,N4,60.54553741921019
2019-02-10T01:00:00,N,N4,54.95045681687406
2019-02-10T02:00:00,N,N4,50.80344004708573
2019-02-10T03:00:00,N,N4,47.9864983866613
2019-02-10T04:00:00,N,N4,45.52575799373688
2019-02-10T05:00:00,N,N4,44.391509439729255
2019-02-10T06:00:00,N,N4,46.04063766143138
2019-02-10T07:00:00,N,N4,48.99999999999999
2019-02-10T08:00:00,N,N4,59.95091486394211
2019-02-10T09:00:00,N,N4,64.78414516268245
2019-02-10T10:00:00,N,N4,70.27866370094365
2019-02-10T11:00:00,N,N4,78.82110585242741
2019-02-10T12:00:00,N,N4,73.37546173343748
2019-02-10T13:00:00,N,N4,71.94720243016062
2019-02-10T14:00:00,N,N4,77.00000000000001
2019-02-10T15:00:00,N,N4,77.00000000000001
2019-02-10T16:00:00,N,N4,72.99999999999999
2019-02-10T17:00:00,N,N4,72.99999999999999
2019-02-10T18:00:00,N,N4,74.99999999999997
2019-02-10T19:00:00,N,N4,85.00000000000001
2019-02-10T20:00:00,N,N4,92.0
2019-02-10T21:00:00,N,N4,104.0
2019-02-10T22:00:00,N,N4,98.00000000000004
2019-02-10T23:00:00,N,N4,88.00000000000003
2019-02-11T00:00:00,N,N4,88.00000000000003
2019-02-11T01:00:00,N,N4,79.99999999999997
2019-02-11T02:00:00,N,N4,77.00000000000001
2019-02-11T03:00:00,N,N4,77.00000000000001
2019-02-11T04:00:00,N,N4,77.00000000000001
2019-02-11T05:00:00,N,N4,77.00000000000001
2019-02-11T06:00:00,N,N4,77.00000000000001
2019-02-11T07:00:00,N,N4,90.0
2019-02-11T08:00:00,N,N4,95.0
2019-02-11T09:00:00,N,N4,101.99999999999996
2019-02-11T10:00:00,N,N4,115.0
2019-02-11T11:00:00,N,N4,111.99999999999996
2019-02-11T12:00:00,N,N4,104.99999999999996
2019-02-11T13:00:00,N,N4,111.99999999999996
2019-02-11T14:00:00,N,N4,118.00000000000004
2019-02-11T15:00:00,N,N4,117.00000000000004
2019-02-11T16:00:00,N,N4,117.00000000000004
2019-02-11T17:00:00,N,N4,118.00000000000004
2019-02-11T18:00:00,N,N4,115.0
2019-02-11T19:00:00,N,N4,122.00000000000004
2019-02-11T20:00:00,N,N4,82.00000000000001
2019-02-11T21:00:00,N,N4,69.65882907568452
2019-02-11T22:00:00,N,N4,56.00000000000002
2019-02-11T23:00:00,N,N4,51.00000000000002
2019-02-12T00:00:00,N,N4,46.99999999999999
2019-02-12T01:00:00,N,N4,46.00000000000002
2019-02-12T02:00:00,N,N4,44.99999999999999
2019-02-12T03:00:00,N,N4,44.99999999999999
2019-02-12T04:00:00,N,N4,44.99999999999999
2019-02-12T05:00:00,N,N4,44.99999999999999
2019-02-12T06:00:00,N,N4,46.00000000000002
2019-02-12T07:00:00,N,N4,57.99999999999999
2019-02-12T08:00:00,N,N4,63.31999976460142
2019-02-12T09:00:00,N,N4,62.00000000000001
2019-02-12T10:00:00,N,N4,82.00000000000001
2019-02-12T11:00:00,N,N4,82.00000000000001
2019-02-12T12:00:00,N,N4,74.99999999999997
2019-02-12T13:00:00,N,N4,78.0
2019-02-12T14:00:00,N,N4,82.00000000000001
2019-02-12T15:00:00,N,N4,85.99999999999997
2019-02-12T16:00:00,N,N4,88.99999999999999
2019-02-12T17:00:00,N,N4,94.0
2019-02-12T18:00:00,N,N4,88.00000000000003
2019-02-12T19:00:00,N,N4,83.00000000000003
2019-02-12T20:00:00,N,N4,100.00000000000004
2019-02-12T21:00:00,N,N4,85.99999999999997
2019-02-12T22:00:00,N,N4,74.99999999999997
2019-02-12T23:00:00,N,N4,69.00000000000001
2019-02-13T00:00:00,N,N4,66.99999999999997
2019-02-13T01:00:00,N,N4,66.99999999999997
2019-02-13T02:00:00,N,N4,62.00000000000001
2019-02-13T03:00:00,N,N4,61.00000000000001
2019-02-13T04:00:00,N,N4,59.99999999999999
2019-02-13T05:00:00,N,N4,63.99999999999998
2019-02-13T06:00:00,N,N4,70.00000000000003
2019-02-13T07:00:00,N,N4,82.00000000000001
2019-02-13T08:00:00,N,N4,95.0
2019-02-13T09:00:00,N,N4,88.99999999999999
2019-02-13T10:00:00,N,N4,101.99999999999996
2019-02-13T11:00:00,N,N4,104.99999999999996
2019-02-13T12:00:00,N,N4,90.0
2019-02-13T13:00:00,N,N4,95.0
2019-02-13T14:00:00,N,N4,101.99999999999996
2019-02-13T15:00:00,N,N4,104.0
2019-02-13T16:00:00,N,N4,99.0
2019-02-13T17:00:00,N,N4,106.99999999999996
2019-02-13T18:00:00,N,N4,104.99999999999996
2019-02-13T19:00:00,N,N4,110.00000000000004
2019-02-13T20:00:00,N,N4,127.99999999999996
2019-02-13T21:00:00,N,N4,119.99999999999996
2019-02-13T22:00:00,N,N4,106.99999999999996
2019-02-13T23:00:00,N,N4,98.00000000000004
2019-02-14T00:00:00,N,N4,88.99999999999999
2019-02-14T01:00:00,N,N4,83.99999999999999
2019-02-14T02:00:00,N,N4,79.0
2019-02-14T03:00:00,N,N4,77.00000000000001
2019-02-14T04:00:00,N,N4,76.0
2019-02-14T05:00:00,N,N4,74.00000000000003
2019-02-14T06:00:00,N,N4,79.0
2019-02-14T07:00:00,N,N4,79.99999999999997
2019-02-14T08:00:00,N,N4,92.0
2019-02-14T09:00:00,N,N4,101.99999999999996
2019-02-14T10:00:00,N,N4,104.99999999999996
2019-02-14T11:00:00,N,N4,104.99999999999996
2019-02-14T12:00:00,N,N4,90.0
2019-02-14T13:00:00,N,N4,85.00000000000001
2019-02-14T14:00:00,N,N4,101.99999999999996
2019-02-14T15:00:00,N,N4,95.0
2019-02-14T16:00:00,N,N4,95.0
2019-02-14T17:00:00,N,N4,95.0
2019-02-14T18:00:00,N,N4,96.0
2019-02-14T19:00:00,N,N4,92.0
2019-02-14T20:00:00,N,N4,96.0
2019-02-14T21:00:00,N,N4,92.0
2019-02-14T22:00:00,N,N4,85.99999999999997
2019-02-14T23:00:00,N,N4,81.00000000000003
2019-02-15T00:00:00,N,N4,71.0
2019-02-15T01:00:00,N,N4,74.00000000000003
2019-02-15T02:00:00,N,N4,69.00000000000001
2019-02-15T03:00:00,N,N4,69.00000000000001
2019-02-15T04:00:00,N,N4,69.00000000000001
2019-02-15T05:00:00,N,N4,69.00000000000001
2019-02-15T06:00:00,N,N4,68.00000000000001
2019-02-15T07:00:00,N,N4,72.99999999999999
2019-02-15T08:00:00,N,N4,88.00000000000003
2019-02-15T09:00:00,N,N4,93.00000000000004
2019-02-15T10:00:00,N,N4,93.00000000000004
2019-02-15T11:00:00,N,N4,101.99999999999996
2019-02-15T12:00:00,N,N4,96.0
2019-02-15T13:00:00,N,N4,82.00000000000001
2019-02-15T14:00:00,N,N4,90.99999999999996
2019-02-15T15:00:00,N,N4,88.00000000000003
2019-02-15T16:00:00,N,N4,96.0
2019-02-15T17:00:00,N,N4,97.0
2019-02-15T18:00:00,N,N4,90.0
2019-02-15T19:00:00,N,N4,104.99999999999996
2019-02-15T20:00:00,N,N4,104.99999999999996
2019-02-15T21:00:00,N,N4,90.0
2019-02-15T22:00:00,N,N4,79.0
2019-02-15T23:00:00,N,N4,72.99999999999999
2019-02-16T00:00:00,N,N4,72.99999999999999
2019-02-16T01:00:00,N,N4,72.99999999999999
2019-02-16T02:00:00,N,N4,70.00000000000003
2019-02-16T03:00:00,N,N4,65.99999999999997
2019-02-16T04:00:00,N,N4,65.99999999999997
2019-02-16T05:00:00,N,N4,65.99999999999997
2019-02-16T06:00:00,N,N4,68.00000000000001
2019-02-16T07:00:00,N,N4,69.00000000000001
2019-02-16T08:00:00,N,N4,88.00000000000003
2019-02-16T09:00:00,N,N4,85.99999999999997
2019-02-16T10:00:00,N,N4,90.0
2019-02-16T11:00:00,N,N4,99.0
2019-02-16T12:00:00,N,N4,90.0
2019-02-16T13:00:00,N,N4,83.00000000000003
2019-02-16T14:00:00,N,N4,88.00000000000003
2019-02-16T15:00:00,N,N4,88.99999999999999
2019-02-16T16:00:00,N,N4,88.99999999999999
2019-02-16T17:00:00,N,N4,88.99999999999999
2019-02-16T18:00:00,N,N4,87.0
2019-02-16T19:00:00,N,N4,104.0
2019-02-16T20:00:00,N,N4,104.0
2019-02-16T21:00:00,N,N4,85.99999999999997
2019-02-16T22:00:00,N,N4,81.00000000000003
2019-02-16T23:00:00,N,N4,81.00000000000003
2019-02-17T00:00:00,N,N4,70.00000000000003
2019-02-17T01:00:00,N,N4,64.99999999999999
2019-02-17T02:00:00,N,N4,64.99999999999999
2019-02-17T03:00:00,N,N4,64.99999999999999
2019-02-17T04:00:00,N,N4,64.99999999999999
2019-02-17T05:00:00,N,N4,64.99999999999999
2019-02-17T06:00:00,N,N4,68.4194122084553
2019-02-17T07:00:00,N,N4,72.58845611893184
2019-02-17T08:00:00,N,N4,82.59388136795357
2019-02-17T09:00:00,N,N4,85.34427936660452
2019-02-17T10:00:00,N,N4,88.69975408439137
2019-02-17T11:00:00,N,N4,94.99017793533775
2019-02-17T12:00:00,N,N4,86.13009426502222
2019-02-17T13:00:00,N,N4,81.98816026530196
2019-02-17T14:00:00,N,N4,85.00000000000001
2019-02-17T15:00:00,N,N4,85.99999999999997
2019-02-17T16:00:00,N,N4,85.99999999999997
2019-02-17T17:00:00,N,N4,90.99999999999996
2019-02-17T18:00:00,N,N4,90.99999999999996
2019-02-17T19:00:00,N,N4,96.0
2019-02-17T20:00:00,N,N4,104.0
2019-02-17T21:00:00,N,N4,104.0
2019-02-17T22:00:00,N,N4,87.0
2019-02-17T23:00:00,N,N4,87.0
2019-02-18T00:00:00,N,N4,87.0
2019-02-18T01:00:00,N,N4,69.00000000000001
2019-02-18T02:00:00,N,N4,64.99999999999999
2019-02-18T03:00:00,N,N4,64.99999999999999
2019-02-18T04:00:00,N,N4,64.99999999999999
2019-02-18T05:00:00,N,N4,64.99999999999999
2019-02-18T06:00:00,N,N4,69.00000000000001
2019-02-18T07:00:00,N,N4,87.0
2019-02-18T08:00:00,N,N4,100.00000000000004
2019-02-18T09:00:00,N,N4,99.0
2019-02-18T10:00:00,N,N4,101.00000000000004
2019-02-18T11:00:00,N,N4,104.99999999999996
2019-02-18T12:00:00,N,N4,98.00000000000004
2019-02-18T13:00:00,N,N4,103.0
2019-02-18T14:00:00,N,N4,102.00000000000004
2019-02-18T15:00:00,N,N4,105.99999999999996
2019-02-18T16:00:00,N,N4,104.99999999999996
2019-02-18T17:00:00,N,N4,106.99999999999996
2019-02-18T18:00:00,N,N4,106.99999999999996
2019-02-18T19:00:00,N,N4,100.00000000000004
2019-02-18T20:00:00,N,N4,108.99999999999989
2019-02-18T21:00:00,N,N4,94.0
2019-02-18T22:00:00,N,N4,83.99999999999999
2019-02-18T23:00:00,N,N4,77.00000000000001
2019-02-19T00:00:00,N,N4,72.0
2019-02-19T01:00:00,N,N4,56.00000000000002
2019-02-19T02:00:00,N,N4,56.00000000000002
2019-02-19T03:00:00,N,N4,59.000000000000014
2019-02-19T04:00:00,N,N4,59.000000000000014
2019-02-19T05:00:00,N,N4,54.00000000000001
2019-02-19T06:00:00,N,N4,68.00000000000001
2019-02-19T07:00:00,N,N4,74.99999999999997
2019-02-19T08:00:00,N,N4,88.99999999999999
2019-02-19T09:00:00,N,N4,90.99999999999996
2019-02-19T10:00:00,N,N4,94.0
2019-02-19T11:00:00,N,N4,116.0
2019-02-19T12:00:00,N,N4,94.0
2019-02-19T13:00:00,N,N4,90.0
2019-02-19T14:00:00,N,N4,98.00000000000004
2019-02-19T15:00:00,N,N4,99.0
2019-02-19T16:00:00,N,N4,103.0
2019-02-19T17:00:00,N,N4,104.99999999999996
2019-02-19T18:00:00,N,N4,106.99999999999996
2019-02-19T19:00:00,N,N4,111.99999999999996
2019-02-19T20:00:00,N,N4,122.99999999999994
2019-02-19T21:00:00,N,N4,101.99999999999996
2019-02-19T22:00:00,N,N4,96.25
2019-02-19T23:00:00,N,N4,87.0
2019-02-20T00:00:00,N,N4,77.00000000000001
2019-02-20T01:00:00,N,N4,72.0
2019-02-20T02:00:00,N,N4,72.0
2019-02-20T03:00:00,N,N4,70.00000000000003
2019-02-20T04:00:00,N,N4,66.99999999999997
2019-02-20T05:00:00,N,N4,66.99999999999997
2019-02-20T06:00:00,N,N4,76.0
2019-02-20T07:00:00,N,N4,74.00000000000003
2019-02-20T08:00:00,N,N4,93.00000000000004
2019-02-20T09:00:00,N,N4,93.00000000000004
2019-02-20T10:00:00,N,N4,108.58333333333331
2019-02-20T11:00:00,N,N4,100.00000000000004
2019-02-20T12:00:00,N,N4,98.00000000000004
2019-02-20T13:00:00,N,N4,100.00000000000004
2019-02-20T14:00:00,N,N4,108.99999999999996
2019-02-20T15:00:00,N,N4,113.00000000000004
2019-02-20T16:00:00,N,N4,114.00000000000004
2019-02-20T17:00:00,N,N4,111.99999999999996
2019-02-20T18:00:00,N,N4,113.00000000000004
2019-02-20T19:00:00,N,N4,110.00000000000004
2019-02-20T20:00:00,N,N4,135.00000000000003
2019-02-20T21:00:00,N,N4,122.00000000000004
2019-02-20T22:00:00,N,N4,117.00000000000004
2019-02-20T23:00:00,N,N4,104.99999999999996
2019-02-21T00:00:00,N,N4,96.0
2019-02-21T01:00:00,N,N4,90.99999999999996
2019-02-21T02:00:00,N,N4,85.00000000000001
2019-02-21T03:00:00,N,N4,81.00000000000003
2019-02-21T04:00:00,N,N4,79.99999999999997
2019-02-21T05:00:00,N,N4,79.99999999999997
2019-02-21T06:00:00,N,N4,85.99999999999997
2019-02-21T07:00:00,N,N4,83.00000000000003
2019-02-21T08:00:00,N,N4,100.00000000000004
2019-02-21T09:00:00,N,N4,104.0
2019-02-21T10:00:00,N,N4,104.0
2019-02-21T11:00:00,N,N4,113.00000000000004
2019-02-21T12:00:00,N,N4,104.99999999999996
2019-02-21T13:00:00,N,N4,108.99999999999996
2019-02-21T14:00:00,N,N4,116.0
2019-02-21T15:00:00,N,N4,111.99999999999996
2019-02-21T16:00:00,N,N4,114.00000000000004
2019-02-21T17:00:00,N,N4,101.00000000000004
2019-02-21T18:00:00,N,N4,110.00000000000004
2019-02-21T19:00:00,N,N4,110.00000000000004
2019-02-21T20:00:00,N,N4,130.99999999999994
2019-02-21T21:00:00,N,N4,127.0
2019-02-21T22:00:00,N,N4,110.00000000000004
2019-02-21T23:00:00,N,N4,104.99999999999996
2019-02-22T00:00:00,N,N4,100.00000000000004
2019-02-22T01:00:00,N,N4,95.0
2019-02-22T02:00:00,N,N4,87.0
2019-02-22T03:00:00,N,N4,81.99999999999994
2019-02-22T04:00:00,N,N4,79.0
2019-02-22T05:00:00,N,N4,79.0
2019-02-22T06:00:00,N,N4,90.99999999999996
2019-02-22T07:00:00,N,N4,79.0
2019-02-22T08:00:00,N,N4,101.00000000000004
2019-02-22T09:00:00,N,N4,99.0
2019-02-22T10:00:00,N,N4,103.0
2019-02-22T11:00:00,N,N4,111.99999999999996
2019-02-22T12:00:00,N,N4,110.00000000000004
2019-02-22T13:00:00,N,N4,108.99999999999996
2019-02-22T14:00:00,N,N4,119.99999999999996
2019-02-22T15:00:00,N,N4,115.0
2019-02-22T16:00:00,N,N4,118.00000000000004
2019-02-22T17:00:00,N,N4,115.0
2019-02-22T18:00:00,N,N4,105.99999999999996
2019-02-22T19:00:00,N,N4,119.59841624978355
2019-02-22T20:00:00,N,N4,133.99999999999986
2019-02-22T21:00:00,N,N4,127.0
2019-02-22T22:00:00,N,N4,111.99999999999996
2019-02-22T23:00:00,N,N4,101.00000000000004
2019-02-23T00:00:00,N,N4,96.0
2019-02-23T01:00:00,N,N4,90.99999999999996
2019-02-23T02:00:00,N,N4,87.0
2019-02-23T03:00:00,N,N4,87.0
2019-02-23T04:00:00,N,N4,83.99999999999999
2019-02-23T05:00:00,N,N4,81.00000000000003
2019-02-23T06:00:00,N,N4,71.0
2019-02-23T07:00:00,N,N4,74.99999999999997
2019-02-23T08:00:00,N,N4,87.0
2019-02-23T09:00:00,N,N4,92.0
2019-02-23T10:00:00,N,N4,96.0
2019-02-23T11:00:00,N,N4,101.99999999999996
2019-02-23T12:00:00,N,N4,98.00000000000004
2019-02-23T13:00:00,N,N4,100.00000000000004
2019-02-23T14:00:00,N,N4,108.99999999999996
2019-02-23T15:00:00,N,N4,108.99999999999996
2019-02-23T16:00:00,N,N4,104.0
2019-02-23T17:00:00,N,N4,104.0
2019-02-23T18:00:00,N,N4,104.0
2019-02-23T19:00:00,N,N4,124.00000000000004
2019-02-23T20:00:00,N,N4,128.99999999999997
2019-02-23T21:00:00,N,N4,126.0
2019-02-23T22:00:00,N,N4,114.00000000000004
2019-02-23T23:00:00,N,N4,108.99999999999996
2019-02-24T00:00:00,N,N4,104.0
2019-02-24T01:00:00,N,N4,99.0
2019-02-24T02:00:00,N,N4,94.0
2019-02-24T03:00:00,N,N4,87.0
2019-02-24T04:00:00,N,N4,87.0
2019-02-24T05:00:00,N,N4,87.0
2019-02-24T06:00:00,N,N4,46.00000000000002
2019-02-24T07:00:00,N,N4,53.601321032803526
2019-02-24T08:00:00,N,N4,67.16392264620714
2019-02-24T09:00:00,N,N4,74.21907435944215
2019-02-24T10:00:00,N,N4,82.15070154427278
2019-02-24T11:00:00,N,N4,92.99668266584938
2019-02-24T12:00:00,N,N4,88.57766574528182
2019-02-24T13:00:00,N,N4,89.15352842643702
2019-02-24T14:00:00,N,N4,97.5788150987481
2019-02-24T15:00:00,N,N4,100.00000000000004
2019-02-24T16:00:00,N,N4,100.00000000000004
2019-02-24T17:00:00,N,N4,100.00000000000004
2019-02-24T18:00:00,N,N4,100.00000000000004
2019-02-24T19:00:00,N,N4,92.76311511422224
2019-02-24T20:00:00,N,N4,131.99999999999997
2019-02-24T21:00:00,N,N4,131.99999999999997
2019-02-24T22:00:00,N,N4,120.61355935111916
2019-02-24T23:00:00,N,N4,113.00000000000004
2019-02-25T00:00:00,N,N4,106.99999999999996
2019-02-25T01:00:00,N,N4,103.0
2019-02-25T02:00:00,N,N4,92.0
2019-02-25T03:00:00,N,N4,92.0
2019-02-25T04:00:00,N,N4,92.0
2019-02-25T05:00:00,N,N4,92.0
2019-02-25T06:00:00,N,N4,89.607226471109
2019-02-25T07:00:00,N,N4,87.0
2019-02-25T08:00:00,N,N4,101.99999999999996
2019-02-25T09:00:00,N,N4,99.0
2019-02-25T10:00:00,N,N4,108.99999999999996
2019-02-25T11:00:00,N,N4,114.45280859180303
2019-02-25T12:00:00,N,N4,101.83333333333331
2019-02-25T13:00:00,N,N4,97.72727272727272
2019-02-25T14:00:00,N,N4,101.63636363636364
2019-02-25T15:00:00,N,N4,104.25
2019-02-25T16:00:00,N,N4,103.41666666666669
2019-02-25T17:00:00,N,N4,82.00000000000001
2019-02-25T18:00:00,N,N4,79.99999999999997
2019-02-25T19:00:00,N,N4,82.00000000000001
2019-02-25T20:00:00,N,N4,82.00000000000001
2019-02-25T21:00:00,N,N4,66.99999999999997
2019-02-25T22:00:00,N,N4,62.00000000000001
2019-02-25T23:00:00,N,N4,62.00000000000001
2019-02-26T00:00:00,N,N4,52.00000000000001
2019-02-26T01:00:00,N,N4,52.00000000000001
2019-02-26T02:00:00,N,N4,52.00000000000001
2019-02-26T03:00:00,N,N4,52.00000000000001
2019-02-26T04:00:00,N,N4,52.00000000000001
2019-02-26T05:00:00,N,N4,52.00000000000001
2019-02-26T06:00:00,N,N4,66.99999999999997
2019-02-26T07:00:00,N,N4,59.99999999999999
2019-02-26T08:00:00,N,N4,71.0
2019-02-26T09:00:00,N,N4,79.99999999999997
2019-02-26T10:00:00,N,N4,77.00000000000001
2019-02-26T11:00:00,N,N4,82.00000000000001
2019-02-26T12:00:00,N,N4,70.00000000000003
2019-02-26T13:00:00,N,N4,64.99999999999999
2019-02-26T14:00:00,N,N4,72.99999999999999
2019-02-26T15:00:00,N,N4,74.00000000000003
2019-02-26T16:00:00,N,N4,77.00000000000001
2019-02-26T17:00:00,N,N4,85.99999999999997
2019-02-26T18:00:00,N,N4,82.00000000000001
2019-02-26T19:00:00,N,N4,83.00000000000003
2019-02-26T20:00:00,N,N4,104.0
2019-02-26T21:00:00,N,N4,83.99999999999999
2019-02-26T22:00:00,N,N4,59.000000000000014
2019-02-26T23:00:00,N,N4,59.000000000000014
2019-02-27T00:00:00,N,N4,55.000000000000014
2019-02-27T01:00:00,N,N4,51.00000000000002
2019-02-27T02:00:00,N,N4,51.00000000000002
2019-02-27T03:00:00,N,N4,51.00000000000002
2019-02-27T04:00:00,N,N4,51.00000000000002
2019-02-27T05:00:00,N,N4,51.00000000000002
2019-02-27T06:00:00,N,N4,53.00000000000001
2019-02-27T07:00:00,N,N4,61.00000000000001
2019-02-27T08:00:00,N,N4,79.99999999999997
2019-02-27T09:00:00,N,N4,78.0
2019-02-27T10:00:00,N,N4,87.0
2019-02-27T11:00:00,N,N4,90.99999999999996
2019-02-27T12:00:00,N,N4,74.00000000000003
2019-02-27T13:00:00,N,N4,71.0
2019-02-27T14:00:00,N,N4,88.00000000000003
2019-02-27T15:00:00,N,N4,85.00000000000001
2019-02-27T16:00:00,N,N4,90.0
2019-02-27T17:00:00,N,N4,95.0
2019-02-27T18:00:00,N,N4,96.0
2019-02-27T19:00:00,N,N4,113.00000000000004
2019-02-27T20:00:00,N,N4,113.00000000000004
2019-02-27T21:00:00,N,N4,98.00000000000004
2019-02-27T22:00:00,N,N4,98.00000000000004
2019-02-27T23:00:00,N,N4,78.0
2019-02-28T00:00:00,N,N4,72.99999999999999
2019-02-28T01:00:00,N,N4,68.00000000000001
2019-02-28T02:00:00,N,N4,68.00000000000001
2019-02-28T03:00:00,N,N4,68.00000000000001
2019-02-28T04:00:00,N,N4,101.00000000000004
2019-02-28T05:00:00,N,N4,101.00000000000004
2019-02-28T06:00:00,N,N4,74.00000000000003
2019-02-28T07:00:00,N,N4,71.0
2019-02-28T08:00:00,N,N4,87.0
2019-02-28T09:00:00,N,N4,90.99999999999996
2019-02-28T10:00:00,N,N4,88.00000000000003
2019-02-28T11:00:00,N,N4,88.99999999999999
2019-02-28T12:00:00,N,N4,79.99999999999997
2019-02-28T13:00:00,N,N4,71.0
2019-02-28T14:00:00,N,N4,90.0
2019-02-28T15:00:00,N,N4,92.0
2019-02-28T16:00:00,N,N4,98.00000000000004
2019-02-28T17:00:00,N,N4,98.00000000000004
2019-02-28T18:00:00,N,N4,101.99999999999996
2019-02-28T19:00:00,N,N4,122.00000000000004
2019-02-28T20:00:00,N,N4,113.00000000000004
2019-02-28T21:00:00,N,N4,108.00000000000004
2019-02-28T22:00:00,N,N4,92.0
2019-02-28T23:00:00,N,N4,82.00000000000001
2019-03-01T00:00:00,N,N4,77.00000000000001
2019-03-01T01:00:00,N,N4,72.0
2019-03-01T02:00:00,N,N4,66.99999999999997
2019-03-01T03:00:00,N,N4,66.99999999999997
2019-03-01T04:00:00,N,N4,66.99999999999997
2019-03-01T05:00:00,N,N4,66.99999999999997
2019-03-01T06:00:00,N,N4,82.00000000000001
2019-03-01T07:00:00,N,N4,77.00000000000001
2019-03-01T08:00:00,N,N4,83.00000000000003
2019-03-01T09:00:00,N,N4,81.00000000000003
2019-03-01T10:00:00,N,N4,88.00000000000003
2019-03-01T11:00:00,N,N4,98.00000000000004
2019-03-01T12:00:00,N,N4,78.0
2019-03-01T13:00:00,N,N4,79.99999999999997
2019-03-01T14:00:00,N,N4,90.99999999999996
2019-03-01T15:00:00,N,N4,90.99999999999996
2019-03-01T16:00:00,N,N4,95.0
2019-03-01T17:00:00,N,N4,100.00000000000004
2019-03-01T18:00:00,N,N4,101.99999999999996
2019-03-01T19:00:00,N,N4,113.00000000000004
2019-03-01T20:00:00,N,N4,113.00000000000004
2019-03-01T21:00:00,N,N4,98.00000000000004
2019-03-01T22:00:00,N,N4,98.00000000000004
2019-03-01T23:00:00,N,N4,83.00000000000003
2019-03-02T00:00:00,N,N4,77.00000000000001
2019-03-02T01:00:00,N,N4,72.0
2019-03-02T02:00:00,N,N4,64.99999999999999
2019-03-02T03:00:00,N,N4,64.99999999999999
2019-03-02T04:00:00,N,N4,64.99999999999999
2019-03-02T05:00:00,N,N4,64.99999999999999
2019-03-02T06:00:00,N,N4,65.99999999999997
2019-03-02T07:00:00,N,N4,74.00000000000003
2019-03-02T08:00:00,N,N4,85.99999999999997
2019-03-02T09:00:00,N,N4,90.99999999999996
2019-03-02T10:00:00,N,N4,83.99999999999999
2019-03-02T11:00:00,N,N4,92.0
2019-03-02T12:00:00,N,N4,90.0
2019-03-02T13:00:00,N,N4,90.0
2019-03-02T14:00:00,N,N4,93.00000000000004
2019-03-02T15:00:00,N,N4,93.00000000000004
2019-03-02T16:00:00,N,N4,93.00000000000004
2019-03-02T17:00:00,N,N4,98.00000000000004
2019-03-02T18:00:00,N,N4,98.00000000000004
2019-03-02T19:00:00,N,N4,103.0
2019-03-02T20:00:00,N,N4,119.00000000000004
2019-03-02T21:00:00,N,N4,104.99999999999996
2019-03-02T22:00:00,N,N4,92.0
2019-03-02T23:00:00,N,N4,87.0
2019-03-03T00:00:00,N,N4,87.0
2019-03-03T01:00:00,N,N4,74.99999999999997
2019-03-03T02:00:00,N,N4,74.99999999999997
2019-03-03T03:00:00,N,N4,74.99999999999997
2019-03-03T04:00:00,N,N4,74.99999999999997
2019-03-03T05:00:00,N,N4,72.0
2019-03-03T06:00:00,N,N4,75.07326639087042
2019-03-03T07:00:00,N,N4,77.2334027278438
2019-03-03T08:00:00,N,N4,85.73811102653552
2019-03-03T09:00:00,N,N4,86.46401133912664
2019-03-03T10:00:00,N,N4,88.00000000000003
2019-03-03T11:00:00,N,N4,88.00000000000003
2019-03-03T12:00:00,N,N4,83.00000000000003
2019-03-03T13:00:00,N,N4,88.00000000000003
2019-03-03T14:00:00,N,N4,88.00000000000003
2019-03-03T15:00:00,N,N4,88.00000000000003
2019-03-03T16:00:00,N,N4,83.00000000000003
2019-03-03T17:00:00,N,N4,83.00000000000003
2019-03-03T18:00:00,N,N4,83.00000000000003
2019-03-03T19:00:00,N,N4,88.00000000000003
2019-03-03T20:00:00,N,N4,118.00000000000004
2019-03-03T21:00:00,N,N4,101.99999999999996
2019-03-03T22:00:00,N,N4,100.00000000000004
2019-03-03T23:00:00,N,N4,92.0
2019-03-04T00:00:00,N,N4,87.0
2019-03-04T01:00:00,N,N4,79.99999999999997
2019-03-04T02:00:00,N,N4,77.00000000000001
2019-03-04T03:00:00,N,N4,74.99999999999997
2019-03-04T04:00:00,N,N4,74.99999999999997
2019-03-04T05:00:00,N,N4,74.99999999999997
2019-03-04T06:00:00,N,N4,83.99999999999999
2019-03-04T07:00:00,N,N4,88.99999999999999
2019-03-04T08:00:00,N,N4,83.99999999999999
2019-03-04T09:00:00,N,N4,96.0
2019-03-04T10:00:00,N,N4,104.0
2019-03-04T11:00:00,N,N4,110.00000000000004
2019-03-04T12:00:00,N,N4,100.00000000000004
2019-03-04T13:00:00,N,N4,113.00000000000004
2019-03-04T14:00:00,N,N4,110.99999999999996
2019-03-04T15:00:00,N,N4,104.99999999999996
2019-03-04T16:00:00,N,N4,104.99999999999996
2019-03-04T17:00:00,N,N4,96.0
2019-03-04T18:00:00,N,N4,108.00000000000004
2019-03-04T19:00:00,N,N4,101.00000000000004
2019-03-04T20:00:00,N,N4,127.0
2019-03-04T21:00:00,N,N4,116.0
2019-03-04T22:00:00,N,N4,110.00000000000004
2019-03-04T23:00:00,N,N4,104.99999999999996
2019-03-05T00:00:00,N,N4,95.0
2019-03-05T01:00:00,N,N4,95.0
2019-03-05T02:00:00,N,N4,90.0
2019-03-05T03:00:00,N,N4,85.00000000000001
2019-03-05T04:00:00,N,N4,79.99999999999997
2019-03-05T05:00:00,N,N4,79.99999999999997
2019-03-05T06:00:00,N,N4,90.0
2019-03-05T07:00:00,N,N4,83.00000000000003
2019-03-05T08:00:00,N,N4,98.00000000000004
2019-03-05T09:00:00,N,N4,98.00000000000004
2019-03-05T10:00:00,N,N4,100.00000000000004
2019-03-05T11:00:00,N,N4,113.00000000000004
2019-03-05T12:00:00,N,N4,108.99999999999996
2019-03-05T13:00:00,N,N4,108.99999999999996
2019-03-05T14:00:00,N,N4,119.00000000000004
2019-03-05T15:00:00,N,N4,119.99999999999996
2019-03-05T16:00:00,N,N4,110.00000000000004
2019-03-05T17:00:00,N,N4,104.99999999999996
2019-03-05T18:00:00,N,N4,117.00000000000004
2019-03-05T19:00:00,N,N4,117.00000000000004
2019-03-05T20:00:00,N,N4,111.99999999999996
2019-03-05T21:00:00,N,N4,101.99999999999996
2019-03-05T22:00:00,N,N4,92.0
2019-03-05T23:00:00,N,N4,87.0
2019-03-06T00:00:00,N,N4,82.00000000000001
2019-03-06T01:00:00,N,N4,82.00000000000001
2019-03-06T02:00:00,N,N4,77.00000000000001
2019-03-06T03:00:00,N,N4,72.0
2019-03-06T04:00:00,N,N4,72.0
2019-03-06T05:00:00,N,N4,72.0
2019-03-06T06:00:00,N,N4,78.0
2019-03-06T07:00:00,N,N4,81.5
2019-03-06T08:00:00,N,N4,93.00000000000004
2019-03-06T09:00:00,N,N4,98.00000000000004
2019-03-06T10:00:00,N,N4,105.99999999999996
2019-03-06T11:00:00,N,N4,111.99999999999996
2019-03-06T12:00:00,N,N4,111.99999999999996
2019-03-06T13:00:00,N,N4,106.99999999999996
2019-03-06T14:00:00,N,N4,119.99999999999996
2019-03-06T15:00:00,N,N4,106.99999999999996
2019-03-06T16:00:00,N,N4,104.99999999999996
2019-03-06T17:00:00,N,N4,101.99999999999996
2019-03-06T18:00:00,N,N4,104.99999999999996
2019-03-06T19:00:00,N,N4,111.99999999999996
2019-03-06T20:00:00,N,N4,100.00000000000004
2019-03-06T21:00:00,N,N4,96.0
2019-03-06T22:00:00,N,N4,96.0
2019-03-06T23:00:00,N,N4,82.00000000000001
2019-03-07T00:00:00,N,N4,76.0
2019-03-07T01:00:00,N,N4,76.0
2019-03-07T02:00:00,N,N4,74.00000000000003
2019-03-07T03:00:00,N,N4,72.0
2019-03-07T04:00:00,N,N4,69.00000000000001
2019-03-07T05:00:00,N,N4,69.00000000000001
2019-03-07T06:00:00,N,N4,79.0
2019-03-07T07:00:00,N,N4,70.00000000000003
2019-03-07T08:00:00,N,N4,88.99999999999999
2019-03-07T09:00:00,N,N4,96.0
2019-03-07T10:00:00,N,N4,95.0
2019-03-07T11:00:00,N,N4,95.0
2019-03-07T12:00:00,N,N4,90.0
2019-03-07T13:00:00,N,N4,88.00000000000003
2019-03-07T14:00:00,N,N4,90.0
2019-03-07T15:00:00,N,N4,95.0
2019-03-07T16:00:00,N,N4,95.0
2019-03-07T17:00:00,N,N4,95.0
2019-03-07T18:00:00,N,N4,92.0
2019-03-07T19:00:00,N,N4,100.00000000000004
2019-03-07T20:00:00,N,N4,85.32957835140773
2019-03-07T21:00:00,N,N4,62.99999999999999
2019-03-07T22:00:00,N,N4,62.99999999999999
2019-03-07T23:00:00,N,N4,57.99999999999999
2019-03-08T00:00:00,N,N4,53.00000000000001
2019-03-08T01:00:00,N,N4,53.00000000000001
2019-03-08T02:00:00,N,N4,48.00000000000001
2019-03-08T03:00:00,N,N4,48.00000000000001
2019-03-08T04:00:00,N,N4,48.00000000000001
2019-03-08T05:00:00,N,N4,53.00000000000001
2019-03-08T06:00:00,N,N4,64.99999999999999
2019-03-08T07:00:00,N,N4,59.000000000000014
2019-03-08T08:00:00,N,N4,77.00000000000001
2019-03-08T09:00:00,N,N4,87.0
2019-03-08T10:00:00,N,N4,83.99999999999999
2019-03-08T11:00:00,N,N4,99.0
2019-03-08T12:00:00,N,N4,83.99999999999999
2019-03-08T13:00:00,N,N4,85.99999999999997
2019-03-08T14:00:00,N,N4,81.00000000000003
2019-03-08T15:00:00,N,N4,78.0
2019-03-08T16:00:00,N,N4,97.72307055461413
2019-03-08T17:00:00,N,N4,70.40840213946811
2019-03-08T18:00:00,N,N4,77.61992994371127
2019-03-08T19:00:00,N,N4,82.00000000000001
2019-03-08T20:00:00,N,N4,72.0
2019-03-08T21:00:00,N,N4,61.00000000000001
2019-03-08T22:00:00,N,N4,61.00000000000001
2019-03-08T23:00:00,N,N4,56.00000000000002
2019-03-09T00:00:00,N,N4,51.00000000000002
2019-03-09T01:00:00,N,N4,51.00000000000002
2019-03-09T02:00:00,N,N4,56.00000000000002
2019-03-09T03:00:00,N,N4,56.00000000000002
2019-03-09T04:00:00,N,N4,51.00000000000002
2019-03-09T05:00:00,N,N4,51.00000000000002
2019-03-09T06:00:00,N,N4,52.00000000000001
2019-03-09T07:00:00,N,N4,65.99999999999997
2019-03-09T08:00:00,N,N4,72.0
2019-03-09T09:00:00,N,N4,79.99999999999997
2019-03-09T10:00:00,N,N4,74.00000000000003
2019-03-09T11:00:00,N,N4,88.99999999999999
2019-03-09T12:00:00,N,N4,71.0
2019-03-09T13:00:00,N,N4,70.00000000000003
2019-03-09T14:00:00,N,N4,65.99999999999997
2019-03-09T15:00:00,N,N4,69.00000000000001
2019-03-09T16:00:00,N,N4,74.00000000000003
2019-03-09T17:00:00,N,N4,74.99999999999997
2019-03-09T18:00:00,N,N4,74.99999999999997
2019-03-09T19:00:00,N,N4,92.0
2019-03-09T20:00:00,N,N4,87.0
2019-03-09T21:00:00,N,N4,79.0
2019-03-09T22:00:00,N,N4,69.00000000000001
2019-03-09T23:00:00,N,N4,63.99999999999998
2019-03-10T00:00:00,N,N4,59.000000000000014
2019-03-10T01:00:00,N,N4,59.000000000000014
2019-03-10T02:00:00,N,N4,59.000000000000014
2019-03-10T03:00:00,N,N4,59.000000000000014
2019-03-10T04:00:00,N,N4,59.000000000000014
2019-03-10T05:00:00,N,N4,54.00000000000001
2019-03-10T06:00:00,N,N4,59.1665264261501
2019-03-10T07:00:00,N,N4,62.739914351154574
2019-03-10T08:00:00,N,N4,72.5984946653928
2019-03-10T09:00:00,N,N4,75.05456293852244
2019-03-10T10:00:00,N,N4,78.51130314558036
2019-03-10T11:00:00,N,N4,84.1619045654961
2019-03-10T12:00:00,N,N4,74.4657281237063
2019-03-10T13:00:00,N,N4,70.23919567047506
2019-03-10T14:00:00,N,N4,74.00000000000003
2019-03-10T15:00:00,N,N4,69.00000000000001
2019-03-10T16:00:00,N,N4,64.99999999999999
2019-03-10T17:00:00,N,N4,64.99999999999999
2019-03-10T18:00:00,N,N4,69.00000000000001
2019-03-10T19:00:00,N,N4,85.00000000000001
2019-03-10T20:00:00,N,N4,90.0
2019-03-10T21:00:00,N,N4,79.99999999999997
2019-03-10T22:00:00,N,N4,72.0
2019-03-10T23:00:00,N,N4,66.99999999999997
2019-03-11T00:00:00,N,N4,66.99999999999997
2019-03-11T01:00:00,N,N4,57.00000000000001
2019-03-11T02:00:00,N,N4,55.000000000000014
2019-03-11T03:00:00,N,N4,55.000000000000014
2019-03-11T04:00:00,N,N4,55.000000000000014
2019-03-11T05:00:00,N,N4,55.000000000000014
2019-03-11T06:00:00,N,N4,59.99999999999999
2019-03-11T07:00:00,N,N4,85.00000000000001
2019-03-11T08:00:00,N,N4,92.0
2019-03-11T09:00:00,N,N4,92.0
2019-03-11T10:00:00,N,N4,99.0
2019-03-11T11:00:00,N,N4,100.00000000000004
2019-03-11T12:00:00,N,N4,88.00000000000003
2019-03-11T13:00:00,N,N4,79.99999999999997
2019-03-11T14:00:00,N,N4,88.99999999999999
2019-03-11T15:00:00,N,N4,85.99999999999997
2019-03-11T16:00:00,N,N4,81.00000000000003
2019-03-11T17:00:00,N,N4,83.99999999999999
2019-03-11T18:00:00,N,N4,88.99999999999999
2019-03-11T19:00:00,N,N4,108.00000000000004
2019-03-11T20:00:00,N,N4,94.0
2019-03-11T21:00:00,N,N4,88.00000000000003
2019-03-11T22:00:00,N,N4,70.00000000000003
2019-03-11T23:00:00,N,N4,70.00000000000003
2019-03-12T00:00:00,N,N4,52.00000000000001
2019-03-12T01:00:00,N,N4,52.00000000000001
2019-03-12T02:00:00,N,N4,52.00000000000001
2019-03-12T03:00:00,N,N4,52.00000000000001
2019-03-12T04:00:00,N,N4,52.00000000000001
2019-03-12T05:00:00,N,N4,52.00000000000001
2019-03-12T06:00:00,N,N4,56.00000000000002
2019-03-12T07:00:00,N,N4,64.99999999999999
2019-03-12T08:00:00,N,N4,79.99999999999997
2019-03-12T09:00:00,N,N4,87.0
2019-03-12T10:00:00,N,N4,87.0
2019-03-12T11:00:00,N,N4,95.0
2019-03-12T12:00:00,N,N4,74.00000000000003
2019-03-12T13:00:00,N,N4,61.00000000000001
2019-03-12T14:00:00,N,N4,65.99999999999997
2019-03-12T15:00:00,N,N4,71.0
2019-03-12T16:00:00,N,N4,76.0
2019-03-12T17:00:00,N,N4,77.00000000000001
2019-03-12T18:00:00,N,N4,81.00000000000003
2019-03-12T19:00:00,N,N4,96.0
2019-03-12T20:00:00,N,N4,81.00000000000003
2019-03-12T21:00:00,N,N4,76.0
2019-03-12T22:00:00,N,N4,62.99999999999999
2019-03-12T23:00:00,N,N4,62.99999999999999
2019-03-13T00:00:00,N,N4,57.99999999999999
2019-03-13T01:00:00,N,N4,53.00000000000001
2019-03-13T02:00:00,N,N4,53.00000000000001
2019-03-13T03:00:00,N,N4,53.00000000000001
2019-03-13T04:00:00,N,N4,53.00000000000001
2019-03-13T05:00:00,N,N4,53.00000000000001
2019-03-13T06:00:00,N,N4,57.99999999999999
2019-03-13T07:00:00,N,N4,56.00000000000002
2019-03-13T08:00:00,N,N4,74.00000000000003
2019-03-13T09:00:00,N,N4,74.00000000000003
2019-03-13T10:00:00,N,N4,74.00000000000003
2019-03-13T11:00:00,N,N4,76.0
2019-03-13T12:00:00,N,N4,68.00000000000001
2019-03-13T13:00:00,N,N4,57.99999999999999
2019-03-13T14:00:00,N,N4,62.99999999999999
2019-03-13T15:00:00,N,N4,98.16666666666669
2019-03-13T16:00:00,N,N4,98.63636363636364
2019-03-13T17:00:00,N,N4,76.0
2019-03-13T18:00:00,N,N4,83.00000000000003
2019-03-13T19:00:00,N,N4,94.0
2019-03-13T20:00:00,N,N4,83.99999999999999
2019-03-13T21:00:00,N,N4,66.99999999999997
2019-03-13T22:00:00,N,N4,62.00000000000001
2019-03-13T23:00:00,N,N4,62.00000000000001
2019-03-14T00:00:00,N,N4,55.000000000000014
2019-03-14T01:00:00,N,N4,55.000000000000014
2019-03-14T02:00:00,N,N4,55.000000000000014
2019-03-14T03:00:00,N,N4,55.000000000000014
2019-03-14T04:00:00,N,N4,55.000000000000014
2019-03-14T05:00:00,N,N4,55.000000000000014
2019-03-14T06:00:00,N,N4,59.000000000000014
2019-03-14T07:00:00,N,N4,62.99999999999999
2019-03-14T08:00:00,N,N4,70.00000000000003
2019-03-14T09:00:00,N,N4,68.00000000000001
2019-03-14T10:00:00,N,N4,71.0
2019-03-14T11:00:00,N,N4,82.00000000000001
2019-03-14T12:00:00,N,N4,71.0
2019-03-14T13:00:00,N,N4,63.99999999999998
2019-03-14T14:00:00,N,N4,66.99999999999997
2019-03-14T15:00:00,N,N4,68.00000000000001
2019-03-14T16:00:00,N,N4,72.99999999999999
2019-03-14T17:00:00,N,N4,78.0
2019-03-14T18:00:00,N,N4,79.99999999999997
2019-03-14T19:00:00,N,N4,90.99999999999996
2019-03-14T20:00:00,N,N4,90.99999999999996
2019-03-14T21:00:00,N,N4,74.99999999999997
2019-03-14T22:00:00,N,N4,71.0
2019-03-14T23:00:00,N,N4,62.00000000000001
2019-03-15T00:00:00,N,N4,62.00000000000001
2019-03-15T01:00:00,N,N4,57.00000000000001
2019-03-15T02:00:00,N,N4,57.00000000000001
2019-03-15T03:00:00,N,N4,57.00000000000001
2019-03-15T04:00:00,N,N4,57.00000000000001
2019-03-15T05:00:00,N,N4,57.00000000000001
2019-03-15T06:00:00,N,N4,68.00000000000001
2019-03-15T07:00:00,N,N4,62.00000000000001
2019-03-15T08:00:00,N,N4,82.00000000000001
2019-03-15T09:00:00,N,N4,81.00000000000003
2019-03-15T10:00:00,N,N4,82.00000000000001
2019-03-15T11:00:00,N,N4,88.99999999999999
2019-03-15T12:00:00,N,N4,78.0
2019-03-15T13:00:00,N,N4,70.00000000000003
2019-03-15T14:00:00,N,N4,72.99999999999999
2019-03-15T15:00:00,N,N4,76.0
2019-03-15T16:00:00,N,N4,83.00000000000003
2019-03-15T17:00:00,N,N4,88.99999999999999
2019-03-15T18:00:00,N,N4,93.00000000000004
2019-03-15T19:00:00,N,N4,88.00000000000003
2019-03-15T20:00:00,N,N4,93.00000000000004
2019-03-15T21:00:00,N,N4,78.0
2019-03-15T22:00:00,N,N4,66.99999999999997
2019-03-15T23:00:00,N,N4,62.00000000000001
2019-03-16T00:00:00,N,N4,62.00000000000001
2019-03-16T01:00:00,N,N4,62.00000000000001
2019-03-16T02:00:00,N,N4,62.00000000000001
2019-03-16T03:00:00,N,N4,57.99999999999999
2019-03-16T04:00:00,N,N4,57.99999999999999
2019-03-16T05:00:00,N,N4,57.00000000000001
2019-03-16T06:00:00,N,N4,57.00000000000001
2019-03-16T07:00:00,N,N4,63.99999999999998
2019-03-16T08:00:00,N,N4,79.0
2019-03-16T09:00:00,N,N4,82.00000000000001
2019-03-16T10:00:00,N,N4,85.00000000000001
2019-03-16T11:00:00,N,N4,83.00000000000003
2019-03-16T12:00:00,N,N4,79.99999999999997
2019-03-16T13:00:00,N,N4,59.99999999999999
2019-03-16T14:00:00,N,N4,59.99999999999999
2019-03-16T15:00:00,N,N4,59.99999999999999
2019-03-16T16:00:00,N,N4,59.99999999999999
2019-03-16T17:00:00,N,N4,64.99999999999999
2019-03-16T18:00:00,N,N4,64.99999999999999
2019-03-16T19:00:00,N,N4,83.00000000000003
2019-03-16T20:00:00,N,N4,77.00000000000001
2019-03-16T21:00:00,N,N4,72.0
2019-03-16T22:00:00,N,N4,72.0
2019-03-16T23:00:00,N,N4,80.57916082138853
2019-03-17T00:00:00,N,N4,76.8677761290191
2019-03-17T01:00:00,N,N4,53.00000000000001
2019-03-17T02:00:00,N,N4,53.00000000000001
2019-03-17T03:00:00,N,N4,49.99999999999999
2019-03-17T04:00:00,N,N4,49.99999999999999
2019-03-17T05:00:00,N,N4,49.99999999999999
2019-03-17T06:00:00,N,N4,57.00000000000001
2019-03-17T07:00:00,N,N4,57.00000000000001
2019-03-17T08:00:00,N,N4,62.00000000000001
2019-03-17T09:00:00,N,N4,66.99999999999997
2019-03-17T10:00:00,N,N4,72.0
2019-03-17T11:00:00,N,N4,72.0
2019-03-17T12:00:00,N,N4,66.99999999999997
2019-03-17T13:00:00,N,N4,57.00000000000001
2019-03-17T14:00:00,N,N4,46.99999999999999
2019-03-17T15:00:00,N,N4,46.99999999999999
2019-03-17T16:00:00,N,N4,49.99999999999999
2019-03-17T17:00:00,N,N4,52.00000000000001
2019-03-17T18:00:00,N,N4,64.99999999999999
2019-03-17T19:00:00,N,N4,77.00000000000001
2019-03-17T20:00:00,N,N4,64.99999999999999
2019-03-17T21:00:00,N,N4,59.99999999999999
2019-03-17T22:00:00,N,N4,55.000000000000014
2019-03-17T23:00:00,N,N4,49.99999999999999
2019-03-18T00:00:00,N,N4,48.99999999999999
2019-03-18T01:00:00,N,N4,48.99999999999999
2019-03-18T02:00:00,N,N4,46.00000000000002
2019-03-18T03:00:00,N,N4,43.99999999999999
2019-03-18T04:00:00,N,N4,46.00000000000002
2019-03-18T05:00:00,N,N4,48.99999999999999
2019-03-18T06:00:00,N,N4,54.00000000000001
2019-03-18T07:00:00,N,N4,55.000000000000014
2019-03-18T08:00:00,N,N4,68.00000000000001
2019-03-18T09:00:00,N,N4,72.0
2019-03-18T10:00:00,N,N4,103.27665214267874
2019-03-18T11:00:00,N,N4,108.54371768271211
2019-03-18T12:00:00,N,N4,65.99999999999997
2019-03-18T13:00:00,N,N4,62.00000000000001
2019-03-18T14:00:00,N,N4,68.00000000000001
2019-03-18T15:00:00,N,N4,72.99999999999999
2019-03-18T16:00:00,N,N4,64.99999999999999
2019-03-18T17:00:00,N,N4,64.99999999999999
2019-03-18T18:00:00,N,N4,77.00000000000001
2019-03-18T19:00:00,N,N4,95.0
2019-03-18T20:00:00,N,N4,85.00000000000001
2019-03-18T21:00:00,N,N4,81.00000000000003
2019-03-18T22:00:00,N,N4,71.0
2019-03-18T23:00:00,N,N4,65.99999999999997
2019-03-19T00:00:00,N,N4,61.00000000000001
2019-03-19T01:00:00,N,N4,59.99999999999999
2019-03-19T02:00:00,N,N4,59.99999999999999
2019-03-19T03:00:00,N,N4,57.99999999999999
2019-03-19T04:00:00,N,N4,56.00000000000002
2019-03-19T05:00:00,N,N4,56.00000000000002
2019-03-19T06:00:00,N,N4,65.99999999999997
2019-03-19T07:00:00,N,N4,68.00000000000001
2019-03-19T08:00:00,N,N4,79.99999999999997
2019-03-19T09:00:00,N,N4,90.0
2019-03-19T10:00:00,N,N4,88.00000000000003
2019-03-19T11:00:00,N,N4,92.0
2019-03-19T12:00:00,N,N4,92.0
2019-03-19T13:00:00,N,N4,92.0
2019-03-19T14:00:00,N,N4,81.00000000000003
2019-03-19T15:00:00,N,N4,82.00000000000001
2019-03-19T16:00:00,N,N4,79.99999999999997
2019-03-19T17:00:00,N,N4,87.0
2019-03-19T18:00:00,N,N4,87.0
2019-03-19T19:00:00,N,N4,111.99999999999996
2019-03-19T20:00:00,N,N4,101.99999999999996
2019-03-19T21:00:00,N,N4,90.0
2019-03-19T22:00:00,N,N4,79.99999999999997
2019-03-19T23:00:00,N,N4,72.99999999999999
2019-03-20T00:00:00,N,N4,68.00000000000001
2019-03-20T01:00:00,N,N4,66.99999999999997
2019-03-20T02:00:00,N,N4,62.99999999999999
2019-03-20T03:00:00,N,N4,62.99999999999999
2019-03-20T04:00:00,N,N4,62.00000000000001
2019-03-20T05:00:00,N,N4,64.99999999999999
2019-03-20T06:00:00,N,N4,69.00000000000001
2019-03-20T07:00:00,N,N4,74.99999999999997
2019-03-20T08:00:00,N,N4,83.00000000000003
2019-03-20T09:00:00,N,N4,85.00000000000001
2019-03-20T10:00:00,N,N4,85.99999999999997
2019-03-20T11:00:00,N,N4,79.99999999999997
2019-03-20T12:00:00,N,N4,65.99999999999997
2019-03-20T13:00:00,N,N4,65.99999999999997
2019-03-20T14:00:00,N,N4,78.0
2019-03-20T15:00:00,N,N4,72.0
2019-03-20T16:00:00,N,N4,72.0
2019-03-20T17:00:00,N,N4,72.0
2019-03-20T18:00:00,N,N4,72.0
2019-03-20T19:00:00,N,N4,90.0
2019-03-20T20:00:00,N,N4,85.00000000000001
2019-03-20T21:00:00,N,N4,74.00000000000003
2019-03-20T22:00:00,N,N4,65.99999999999997
2019-03-20T23:00:00,N,N4,61.00000000000001
2019-03-21T00:00:00,N,N4,56.00000000000002
2019-03-21T01:00:00,N,N4,56.00000000000002
2019-03-21T02:00:00,N,N4,51.00000000000002
2019-03-21T03:00:00,N,N4,51.00000000000002
2019-03-21T04:00:00,N,N4,51.00000000000002
2019-03-21T05:00:00,N,N4,55.000000000000014
2019-03-21T06:00:00,N,N4,55.000000000000014
2019-03-21T07:00:00,N,N4,64.99999999999999
2019-03-21T08:00:00,N,N4,71.0
2019-03-21T09:00:00,N,N4,78.0
2019-03-21T10:00:00,N,N4,79.99999999999997
2019-03-21T11:00:00,N,N4,88.00000000000003
2019-03-21T12:00:00,N,N4,77.00000000000001
2019-03-21T13:00:00,N,N4,64.99999999999999
2019-03-21T14:00:00,N,N4,72.99999999999999
2019-03-21T15:00:00,N,N4,71.0
2019-03-21T16:00:00,N,N4,72.99999999999999
2019-03-21T17:00:00,N,N4,79.0
2019-03-21T18:00:00,N,N4,85.00000000000001
2019-03-21T19:00:00,N,N4,108.00000000000004
2019-03-21T20:00:00,N,N4,103.0
2019-03-21T21:00:00,N,N4,83.00000000000003
2019-03-21T22:00:00,N,N4,72.99999999999999
2019-03-21T23:00:00,N,N4,68.00000000000001
2019-03-22T00:00:00,N,N4,57.99999999999999
2019-03-22T01:00:00,N,N4,62.99999999999999
2019-03-22T02:00:00,N,N4,62.99999999999999
2019-03-22T03:00:00,N,N4,62.99999999999999
2019-03-22T04:00:00,N,N4,57.99999999999999
2019-03-22T05:00:00,N,N4,59.99999999999999
2019-03-22T06:00:00,N,N4,57.99999999999999
2019-03-22T07:00:00,N,N4,59.99999999999999
2019-03-22T08:00:00,N,N4,85.99999999999997
2019-03-22T09:00:00,N,N4,90.0
2019-03-22T10:00:00,N,N4,90.0
2019-03-22T11:00:00,N,N4,99.0
2019-03-22T12:00:00,N,N4,90.99999999999996
2019-03-22T13:00:00,N,N4,79.99999999999997
2019-03-22T14:00:00,N,N4,83.00000000000003
2019-03-22T15:00:00,N,N4,79.99999999999997
2019-03-22T16:00:00,N,N4,77.00000000000001
2019-03-22T17:00:00,N,N4,79.99999999999997
2019-03-22T18:00:00,N,N4,85.99999999999997
2019-03-22T19:00:00,N,N4,101.99999999999996
2019-03-22T20:00:00,N,N4,97.0
2019-03-22T21:00:00,N,N4,97.0
2019-03-22T22:00:00,N,N4,82.00000000000001
2019-03-22T23:00:00,N,N4,72.0
2019-03-23T00:00:00,N,N4,72.0
2019-03-23T01:00:00,N,N4,62.000000000000064
2019-03-23T02:00:00,N,N4,62.00000000000001
2019-03-23T03:00:00,N,N4,62.00000000000001
2019-03-23T04:00:00,N,N4,62.00000000000001
2019-03-23T05:00:00,N,N4,62.000000000000064
2019-03-23T06:00:00,N,N4,68.00000000000001
2019-03-23T07:00:00,N,N4,72.99999999999999
2019-03-23T08:00:00,N,N4,79.99999999999997
2019-03-23T09:00:00,N,N4,81.00000000000003
2019-03-23T10:00:00,N,N4,83.99999999999999
2019-03-23T11:00:00,N,N4,95.0
2019-03-23T12:00:00,N,N4,88.00000000000003
2019-03-23T13:00:00,N,N4,79.99999999999997
2019-03-23T14:00:00,N,N4,79.99999999999997
2019-03-23T15:00:00,N,N4,83.00000000000003
2019-03-23T16:00:00,N,N4,83.00000000000003
2019-03-23T17:00:00,N,N4,88.00000000000003
2019-03-23T18:00:00,N,N4,88.00000000000003
2019-03-23T19:00:00,N,N4,106.99999999999996
2019-03-23T20:00:00,N,N4,101.99999999999996
2019-03-23T21:00:00,N,N4,87.0
2019-03-23T22:00:00,N,N4,77.00000000000001
2019-03-23T23:00:00,N,N4,77.00000000000001
2019-03-24T00:00:00,N,N4,72.0
2019-03-24T01:00:00,N,N4,66.99999999999997
2019-03-24T02:00:00,N,N4,64.99999999999999
2019-03-24T03:00:00,N,N4,64.99999999999999
2019-03-24T04:00:00,N,N4,64.99999999999999
2019-03-24T05:00:00,N,N4,64.99999999999999
2019-03-24T06:00:00,N,N4,66.99999999999997
2019-03-24T07:00:00,N,N4,91.30037348334506
2019-03-24T08:00:00,N,N4,126.0
2019-03-24T09:00:00,N,N4,116.0
2019-03-24T10:00:00,N,N4,137.00000000000003
2019-03-24T11:00:00,N,N4,137.00000000000003
2019-03-24T12:00:00,N,N4,127.0
2019-03-24T13:00:00,N,N4,116.0
2019-03-24T14:00:00,N,N4,110.99999999999996
2019-03-24T15:00:00,N,N4,105.99999999999996
2019-03-24T16:00:00,N,N4,108.99999999999996
2019-03-24T17:00:00,N,N4,108.99999999999996
2019-03-24T18:00:00,N,N4,123.31897388504666
2019-03-24T19:00:00,N,N4,128.98536583273096
2019-03-24T20:00:00,N,N4,131.99999999999997
2019-03-24T21:00:00,N,N4,122.00000000000004
2019-03-24T22:00:00,N,N4,122.00000000000004
2019-03-24T23:00:00,N,N4,101.99999999999996
2019-03-25T00:00:00,N,N4,97.0
2019-03-25T01:00:00,N,N4,92.0
2019-03-25T02:00:00,N,N4,92.0
2019-03-25T03:00:00,N,N4,92.0
2019-03-25T04:00:00,N,N4,92.0
2019-03-25T05:00:00,N,N4,92.0
2019-03-25T06:00:00,N,N4,119.00000000000004
2019-03-25T07:00:00,N,N4,118.00000000000004
2019-03-25T08:00:00,N,N4,126.0
2019-03-25T09:00:00,N,N4,135.00000000000003
2019-03-25T10:00:00,N,N4,140.31982571214482
2019-03-25T11:00:00,N,N4,147.98089450983335
2019-03-25T12:00:00,N,N4,136.00000000000006
2019-03-25T13:00:00,N,N4,89.18181818181819
2019-03-25T14:00:00,N,N4,95.54545454545456
2019-03-25T15:00:00,N,N4,137.00000000000003
2019-03-25T16:00:00,N,N4,136.00000000000006
2019-03-25T17:00:00,N,N4,139.99999999999994
2019-03-25T18:00:00,N,N4,149.28365372156782
2019-03-25T19:00:00,N,N4,148.7852305226281
2019-03-25T20:00:00,N,N4,145.4191301985309
2019-03-25T21:00:00,N,N4,137.00000000000003
2019-03-25T22:00:00,N,N4,111.99999999999996
2019-03-25T23:00:00,N,N4,104.99999999999989
2019-03-26T00:00:00,N,N4,104.99999999999996
2019-03-26T01:00:00,N,N4,100.00000000000004
2019-03-26T02:00:00,N,N4,100.00000000000004
2019-03-26T03:00:00,N,N4,100.00000000000004
2019-03-26T04:00:00,N,N4,100.00000000000004
2019-03-26T05:00:00,N,N4,105.85696501257132
2019-03-26T06:00:00,N,N4,119.00000000000004
2019-03-26T07:00:00,N,N4,122.99999999999994
2019-03-26T08:00:00,N,N4,125.00000000000004
2019-03-26T09:00:00,N,N4,126.0
2019-03-26T10:00:00,N,N4,127.99999999999996
2019-03-26T11:00:00,N,N4,149.0
2019-03-26T12:00:00,N,N4,118.00000000000004
2019-03-26T13:00:00,N,N4,110.99999999999996
2019-03-26T14:00:00,N,N4,114.00000000000004
2019-03-26T15:00:00,N,N4,110.99999999999996
2019-03-26T16:00:00,N,N4,110.99999999999996
2019-03-26T17:00:00,N,N4,125.00000000000004
2019-03-26T18:00:00,N,N4,131.4447527333549
2019-03-26T19:00:00,N,N4,128.2295258314518
2019-03-26T20:00:00,N,N4,122.30172559783628
2019-03-26T21:00:00,N,N4,111.99999999999996
2019-03-26T22:00:00,N,N4,104.99999999999996
2019-03-26T23:00:00,N,N4,100.00000000000004
2019-03-27T00:00:00,N,N4,92.0
2019-03-27T01:00:00,N,N4,93.00000000000004
2019-03-27T02:00:00,N,N4,93.00000000000004
2019-03-27T03:00:00,N,N4,93.00000000000004
2019-03-27T04:00:00,N,N4,92.0
2019-03-27T05:00:00,N,N4,104.99999999999996
2019-03-27T06:00:00,N,N4,116.0
2019-03-27T07:00:00,N,N4,114.00000000000004
2019-03-27T08:00:00,N,N4,122.99999999999994
2019-03-27T09:00:00,N,N4,122.00000000000004
2019-03-27T10:00:00,N,N4,138.00000000000006
2019-03-27T11:00:00,N,N4,144.99999999999997
2019-03-27T12:00:00,N,N4,121.00000000000004
2019-03-27T13:00:00,N,N4,108.99999999999996
2019-03-27T14:00:00,N,N4,116.0
2019-03-27T15:00:00,N,N4,116.0
2019-03-27T16:00:00,N,N4,116.0
2019-03-27T17:00:00,N,N4,131.99999999999997
2019-03-27T18:00:00,N,N4,143.0543742655213
2019-03-27T19:00:00,N,N4,143.98368200946987
2019-03-27T20:00:00,N,N4,142.00000000000003
2019-03-27T21:00:00,N,N4,66.99999999999997
2019-03-27T22:00:00,N,N4,62.00000000000001
2019-03-27T23:00:00,N,N4,64.99999999999999
2019-03-28T00:00:00,N,N4,64.99999999999999
2019-03-28T01:00:00,N,N4,62.00000000000001
2019-03-28T02:00:00,N,N4,57.00000000000001
2019-03-28T03:00:00,N,N4,57.00000000000001
2019-03-28T04:00:00,N,N4,57.00000000000001
2019-03-28T05:00:00,N,N4,64.99999999999999
2019-03-28T06:00:00,N,N4,78.0
2019-03-28T07:00:00,N,N4,76.0
2019-03-28T08:00:00,N,N4,85.99999999999997
2019-03-28T09:00:00,N,N4,97.0
2019-03-28T10:00:00,N,N4,101.99999999999996
2019-03-28T11:00:00,N,N4,111.99999999999996
2019-03-28T12:00:00,N,N4,88.99999999999999
2019-03-28T13:00:00,N,N4,95.0
2019-03-28T14:00:00,N,N4,96.0
2019-03-28T15:00:00,N,N4,94.0
2019-03-28T16:00:00,N,N4,94.0
2019-03-28T17:00:00,N,N4,95.0
2019-03-28T18:00:00,N,N4,114.00000000000004
2019-03-28T19:00:00,N,N4,114.00000000000004
2019-03-28T20:00:00,N,N4,104.0
2019-03-28T21:00:00,N,N4,92.0
2019-03-28T22:00:00,N,N4,83.99999999999999
2019-03-28T23:00:00,N,N4,77.00000000000001
2019-03-29T00:00:00,N,N4,69.00000000000001
2019-03-29T01:00:00,N,N4,74.99999999999997
2019-03-29T02:00:00,N,N4,70.00000000000003
2019-03-29T03:00:00,N,N4,70.00000000000003
2019-03-29T04:00:00,N,N4,70.00000000000003
2019-03-29T05:00:00,N,N4,74.99999999999997
2019-03-29T06:00:00,N,N4,85.00000000000001
2019-03-29T07:00:00,N,N4,92.0
2019-03-29T08:00:00,N,N4,98.00000000000004
2019-03-29T09:00:00,N,N4,104.0
2019-03-29T10:00:00,N,N4,104.0
2019-03-29T11:00:00,N,N4,108.00000000000004
2019-03-29T12:00:00,N,N4,93.00000000000004
2019-03-29T13:00:00,N,N4,94.0
2019-03-29T14:00:00,N,N4,101.99999999999996
2019-03-29T15:00:00,N,N4,99.0
2019-03-29T16:00:00,N,N4,90.0
2019-03-29T17:00:00,N,N4,104.99999999999996
2019-03-29T18:00:00,N,N4,117.00000000000004
2019-03-29T19:00:00,N,N4,104.99999999999996
2019-03-29T20:00:00,N,N4,92.0
2019-03-29T21:00:00,N,N4,83.99999999999999
2019-03-29T22:00:00,N,N4,79.99999999999997
2019-03-29T23:00:00,N,N4,74.99999999999997
2019-03-30T00:00:00,N,N4,70.00000000000003
2019-03-30T01:00:00,N,N4,70.00000000000003
2019-03-30T02:00:00,N,N4,64.99999999999999
2019-03-30T03:00:00,N,N4,64.99999999999999
2019-03-30T04:00:00,N,N4,64.99999999999999
2019-03-30T05:00:00,N,N4,64.99999999999999
2019-03-30T06:00:00,N,N4,71.0
2019-03-30T07:00:00,N,N4,78.0
2019-03-30T08:00:00,N,N4,99.0
2019-03-30T09:00:00,N,N4,98.00000000000004
2019-03-30T10:00:00,N,N4,104.99999999999996
2019-03-30T11:00:00,N,N4,104.0
2019-03-30T12:00:00,N,N4,93.00000000000004
2019-03-30T13:00:00,N,N4,87.0
2019-03-30T14:00:00,N,N4,92.0
2019-03-30T15:00:00,N,N4,88.00000000000003
2019-03-30T16:00:00,N,N4,85.00000000000001
2019-03-30T17:00:00,N,N4,85.00000000000001
2019-03-30T18:00:00,N,N4,110.00000000000004
2019-03-30T19:00:00,N,N4,101.99999999999996
2019-03-30T20:00:00,N,N4,101.99999999999996
2019-03-30T21:00:00,N,N4,88.00000000000003
2019-03-30T22:00:00,N,N4,83.00000000000003
2019-03-30T23:00:00,N,N4,78.0
2019-03-31T00:00:00,N,N4,72.0
2019-03-31T01:00:00,N,N4,72.0
2019-03-31T02:00:00,N,N4,70.00000000000003
2019-03-31T03:00:00,N,N4,68.00000000000001
2019-03-31T04:00:00,N,N4,66.99999999999997
2019-03-31T05:00:00,N,N4,66.99999999999997
2019-03-31T06:00:00,N,N4,72.0
2019-03-31T07:00:00,N,N4,72.0
2019-03-31T08:00:00,N,N4,77.00000000000001
2019-03-31T09:00:00,N,N4,77.00000000000001
2019-03-31T10:00:00,N,N4,82.00000000000001
2019-03-31T11:00:00,N,N4,82.00000000000001
2019-03-31T12:00:00,N,N4,77.00000000000001
2019-03-31T13:00:00,N,N4,72.0
2019-03-31T14:00:00,N,N4,62.00000000000001
2019-03-31T15:00:00,N,N4,62.00000000000001
2019-03-31T16:00:00,N,N4,66.99999999999997
2019-03-31T17:00:00,N,N4,74.99999999999997
2019-03-31T18:00:00,N,N4,99.0
2019-03-31T19:00:00,N,N4,92.0
2019-03-31T20:00:00,N,N4,87.0
2019-03-31T21:00:00,N,N4,83.00000000000003
2019-03-31T22:00:00,N,N4,78.0
2019-03-31T23:00:00,N,N4,72.99999999999999
2019-04-01T00:00:00,N,N4,72.99999999999999
2019-04-01T01:00:00,N,N4,68.00000000000001
2019-04-01T02:00:00,N,N4,68.00000000000001
2019-04-01T03:00:00,N,N4,68.00000000000001
2019-04-01T04:00:00,N,N4,72.99999999999999
2019-04-01T05:00:00,N,N4,72.99999999999999
2019-04-01T06:00:00,N,N4,78.0
2019-04-01T07:00:00,N,N4,83.00000000000003
2019-04-01T08:00:00,N,N4,97.0
2019-04-01T09:00:00,N,N4,103.0
2019-04-01T10:00:00,N,N4,103.0
2019-04-01T11:00:00,N,N4,111.99999999999996
2019-04-01T12:00:00,N,N4,95.0
2019-04-01T13:00:00,N,N4,87.0
2019-04-01T14:00:00,N,N4,100.00000000000004
2019-04-01T15:00:00,N,N4,95.0
2019-04-01T16:00:00,N,N4,101.00000000000004
2019-04-01T17:00:00,N,N4,99.0
2019-04-01T18:00:00,N,N4,119.99999999999996
2019-04-01T19:00:00,N,N4,115.0
2019-04-01T20:00:00,N,N4,100.00000000000004
2019-04-01T21:00:00,N,N4,90.0
2019-04-01T22:00:00,N,N4,79.99999999999997
2019-04-01T23:00:00,N,N4,74.99999999999997
2019-04-02T00:00:00,N,N4,74.99999999999997
2019-04-02T01:00:00,N,N4,70.00000000000003
2019-04-02T02:00:00,N,N4,70.00000000000003
2019-04-02T03:00:00,N,N4,70.00000000000003
2019-04-02T04:00:00,N,N4,70.00000000000003
2019-04-02T05:00:00,N,N4,74.99999999999997
2019-04-02T06:00:00,N,N4,79.99999999999997
2019-04-02T07:00:00,N,N4,85.00000000000001
2019-04-02T08:00:00,N,N4,98.00000000000004
2019-04-02T09:00:00,N,N4,96.0
2019-04-02T10:00:00,N,N4,101.99999999999996
2019-04-02T11:00:00,N,N4,103.0
2019-04-02T12:00:00,N,N4,78.0
2019-04-02T13:00:00,N,N4,71.0
2019-04-02T14:00:00,N,N4,71.0
2019-04-02T15:00:00,N,N4,71.0
2019-04-02T16:00:00,N,N4,78.0
2019-04-02T17:00:00,N,N4,83.99999999999999
2019-04-02T18:00:00,N,N4,106.99999999999996
2019-04-02T19:00:00,N,N4,92.0
2019-04-02T20:00:00,N,N4,82.00000000000001
2019-04-02T21:00:00,N,N4,72.0
2019-04-02T22:00:00,N,N4,64.99999999999999
2019-04-02T23:00:00,N,N4,59.99999999999999
2019-04-03T00:00:00,N,N4,59.99999999999999
2019-04-03T01:00:00,N,N4,59.99999999999999
2019-04-03T02:00:00,N,N4,59.99999999999999
2019-04-03T03:00:00,N,N4,59.99999999999999
2019-04-03T04:00:00,N,N4,59.99999999999999
2019-04-03T05:00:00,N,N4,64.99999999999999
2019-04-03T06:00:00,N,N4,76.0
2019-04-03T07:00:00,N,N4,76.0
2019-04-03T08:00:00,N,N4,85.99999999999997
2019-04-03T09:00:00,N,N4,83.99999999999999
2019-04-03T10:00:00,N,N4,88.00000000000003
2019-04-03T11:00:00,N,N4,94.0
2019-04-03T12:00:00,N,N4,85.99999999999997
2019-04-03T13:00:00,N,N4,83.99999999999999
2019-04-03T14:00:00,N,N4,87.0
2019-04-03T15:00:00,N,N4,88.00000000000003
2019-04-03T16:00:00,N,N4,90.0
2019-04-03T17:00:00,N,N4,96.0
2019-04-03T18:00:00,N,N4,114.00000000000004
2019-04-03T19:00:00,N,N4,104.0
2019-04-03T20:00:00,N,N4,94.0
2019-04-03T21:00:00,N,N4,88.99999999999999
2019-04-03T22:00:00,N,N4,83.99999999999999
2019-04-03T23:00:00,N,N4,74.00000000000003
2019-04-04T00:00:00,N,N4,74.00000000000003
2019-04-04T01:00:00,N,N4,69.00000000000001
2019-04-04T02:00:00,N,N4,64.99999999999999
2019-04-04T03:00:00,N,N4,61.00000000000001
2019-04-04T04:00:00,N,N4,61.00000000000001
2019-04-04T05:00:00,N,N4,61.00000000000001
2019-04-04T06:00:00,N,N4,74.99999999999997
2019-04-04T07:00:00,N,N4,78.0
2019-04-04T08:00:00,N,N4,95.0
2019-04-04T09:00:00,N,N4,98.00000000000004
2019-04-04T10:00:00,N,N4,103.0
2019-04-04T11:00:00,N,N4,110.00000000000004
2019-04-04T12:00:00,N,N4,103.0
2019-04-04T13:00:00,N,N4,90.0
2019-04-04T14:00:00,N,N4,88.00000000000003
2019-04-04T15:00:00,N,N4,85.99999999999997
2019-04-04T16:00:00,N,N4,85.99999999999997
2019-04-04T17:00:00,N,N4,95.0
2019-04-04T18:00:00,N,N4,117.00000000000004
2019-04-04T19:00:00,N,N4,103.0
2019-04-04T20:00:00,N,N4,93.00000000000004
2019-04-04T21:00:00,N,N4,88.00000000000003
2019-04-04T22:00:00,N,N4,88.00000000000003
2019-04-04T23:00:00,N,N4,74.99999999999997
2019-04-05T00:00:00,N,N4,72.99999999999999
2019-04-05T01:00:00,N,N4,68.00000000000001
2019-04-05T02:00:00,N,N4,64.99999999999999
2019-04-05T03:00:00,N,N4,63.99999999999998
2019-04-05T04:00:00,N,N4,63.99999999999998
2019-04-05T05:00:00,N,N4,63.99999999999998
2019-04-05T06:00:00,N,N4,74.99999999999997
2019-04-05T07:00:00,N,N4,74.00000000000003
2019-04-05T08:00:00,N,N4,78.0
2019-04-05T09:00:00,N,N4,83.99999999999999
2019-04-05T10:00:00,N,N4,87.0
2019-04-05T11:00:00,N,N4,92.0
2019-04-05T12:00:00,N,N4,81.00000000000003
2019-04-05T13:00:00,N,N4,66.99999999999997
2019-04-05T14:00:00,N,N4,71.0
2019-04-05T15:00:00,N,N4,72.0
2019-04-05T16:00:00,N,N4,79.99999999999997
2019-04-05T17:00:00,N,N4,101.99999999999996
2019-04-05T18:00:00,N,N4,101.99999999999996
2019-04-05T19:00:00,N,N4,82.00000000000001
2019-04-05T20:00:00,N,N4,77.00000000000001
2019-04-05T21:00:00,N,N4,66.99999999999997
2019-04-05T22:00:00,N,N4,62.00000000000001
2019-04-05T23:00:00,N,N4,62.00000000000001
2019-04-06T00:00:00,N,N4,57.00000000000001
2019-04-06T01:00:00,N,N4,52.00000000000001
2019-04-06T02:00:00,N,N4,52.00000000000001
2019-04-06T03:00:00,N,N4,52.00000000000001
2019-04-06T04:00:00,N,N4,52.00000000000001
2019-04-06T05:00:00,N,N4,53.00000000000001
2019-04-06T06:00:00,N,N4,64.99999999999999
2019-04-06T07:00:00,N,N4,70.00000000000003
2019-04-06T08:00:00,N,N4,85.00000000000001
2019-04-06T09:00:00,N,N4,77.00000000000001
2019-04-06T10:00:00,N,N4,82.00000000000001
2019-04-06T11:00:00,N,N4,92.0
2019-04-06T12:00:00,N,N4,64.99999999999999
2019-04-06T13:00:00,N,N4,64.99999999999999
2019-04-06T14:00:00,N,N4,64.99999999999999
2019-04-06T15:00:00,N,N4,64.99999999999999
2019-04-06T16:00:00,N,N4,64.99999999999999
2019-04-06T17:00:00,N,N4,81.00000000000003
2019-04-06T18:00:00,N,N4,101.00000000000004
2019-04-06T19:00:00,N,N4,101.00000000000004
2019-04-06T20:00:00,N,N4,76.0
2019-04-06T21:00:00,N,N4,65.99999999999997
2019-04-06T22:00:00,N,N4,62.99999999999999
2019-04-06T23:00:00,N,N4,57.99999999999999
2019-04-07T00:00:00,N,N4,57.99999999999999
2019-04-07T01:00:00,N,N4,57.99999999999999
2019-04-07T02:00:00,N,N4,55.000000000000014
2019-04-07T03:00:00,N,N4,53.00000000000001
2019-04-07T04:00:00,N,N4,53.00000000000001
2019-04-07T05:00:00,N,N4,53.00000000000001
2019-04-07T06:00:00,N,N4,62.99999999999999
2019-04-07T07:00:00,N,N4,68.00000000000001
2019-04-07T08:00:00,N,N4,72.99999999999999
2019-04-07T09:00:00,N,N4,68.00000000000001
2019-04-07T10:00:00,N,N4,78.0
2019-04-07T11:00:00,N,N4,78.0
2019-04-07T12:00:00,N,N4,68.00000000000001
2019-04-07T13:00:00,N,N4,62.99999999999999
2019-04-07T14:00:00,N,N4,62.99999999999999
2019-04-07T15:00:00,N,N4,56.00000000000002
2019-04-07T16:00:00,N,N4,56.00000000000002
2019-04-07T17:00:00,N,N4,74.78793780224991
2019-04-07T18:00:00,N,N4,90.0
2019-04-07T19:00:00,N,N4,90.0
2019-04-07T20:00:00,N,N4,74.99999999999997
2019-04-07T21:00:00,N,N4,70.00000000000003
2019-04-07T22:00:00,N,N4,64.99999999999999
2019-04-07T23:00:00,N,N4,59.99999999999999
2019-04-08T00:00:00,N,N4,55.000000000000014
2019-04-08T01:00:00,N,N4,55.000000000000014
2019-04-08T02:00:00,N,N4,55.000000000000014
2019-04-08T03:00:00,N,N4,55.000000000000014
2019-04-08T04:00:00,N,N4,57.00000000000001
2019-04-08T05:00:00,N,N4,59.99999999999999
2019-04-08T06:00:00,N,N4,72.0
2019-04-08T07:00:00,N,N4,76.0
2019-04-08T08:00:00,N,N4,78.0
2019-04-08T09:00:00,N,N4,83.99999999999999
2019-04-08T10:00:00,N,N4,92.0
2019-04-08T11:00:00,N,N4,98.00000000000004
2019-04-08T12:00:00,N,N4,79.0
2019-04-08T13:00:00,N,N4,74.00000000000003
2019-04-08T14:00:00,N,N4,79.99999999999997
2019-04-08T15:00:00,N,N4,83.00000000000003
2019-04-08T16:00:00,N,N4,83.99999999999999
2019-04-08T17:00:00,N,N4,88.00000000000003
2019-04-08T18:00:00,N,N4,111.99999999999996
2019-04-08T19:00:00,N,N4,111.99999999999996
2019-04-08T20:00:00,N,N4,85.99999999999997
2019-04-08T21:00:00,N,N4,76.0
2019-04-08T22:00:00,N,N4,69.00000000000001
2019-04-08T23:00:00,N,N4,65.99999999999997
2019-04-09T00:00:00,N,N4,57.99999999999999
2019-04-09T01:00:00,N,N4,57.99999999999999
2019-04-09T02:00:00,N,N4,57.99999999999999
2019-04-09T03:00:00,N,N4,57.99999999999999
2019-04-09T04:00:00,N,N4,59.99999999999999
2019-04-09T05:00:00,N,N4,62.99999999999999
2019-04-09T06:00:00,N,N4,74.00000000000003
2019-04-09T07:00:00,N,N4,74.00000000000003
2019-04-09T08:00:00,N,N4,82.00000000000001
2019-04-09T09:00:00,N,N4,88.00000000000003
2019-04-09T10:00:00,N,N4,88.00000000000003
2019-04-09T11:00:00,N,N4,101.99999999999996
2019-04-09T12:00:00,N,N4,101.99999999999996
2019-04-09T13:00:00,N,N4,72.0
2019-04-09T14:00:00,N,N4,83.99999999999999
2019-04-09T15:00:00,N,N4,82.00000000000001
2019-04-09T16:00:00,N,N4,85.99999999999997
2019-04-09T17:00:00,N,N4,94.0
2019-04-09T18:00:00,N,N4,144.99999999999997
2019-04-09T19:00:00,N,N4,104.99999999999996
2019-04-09T20:00:00,N,N4,85.00000000000001
2019-04-09T21:00:00,N,N4,79.99999999999997
2019-04-09T22:00:00,N,N4,70.00000000000003
2019-04-09T23:00:00,N,N4,64.99999999999999
2019-04-10T00:00:00,N,N4,64.99999999999999
2019-04-10T01:00:00,N,N4,64.99999999999999
2019-04-10T02:00:00,N,N4,59.99999999999999
2019-04-10T03:00:00,N,N4,59.99999999999999
2019-04-10T04:00:00,N,N4,59.99999999999999
2019-04-10T05:00:00,N,N4,70.00000000000003
2019-04-10T06:00:00,N,N4,74.99999999999997
2019-04-10T07:00:00,N,N4,74.99999999999997
2019-04-10T08:00:00,N,N4,82.00000000000001
2019-04-10T09:00:00,N,N4,85.99999999999997
2019-04-10T10:00:00,N,N4,85.99999999999997
2019-04-10T11:00:00,N,N4,96.0
2019-04-10T12:00:00,N,N4,85.99999999999997
2019-04-10T13:00:00,N,N4,79.0
2019-04-10T14:00:00,N,N4,85.00000000000001
2019-04-10T15:00:00,N,N4,88.00000000000003
2019-04-10T16:00:00,N,N4,83.00000000000003
2019-04-10T17:00:00,N,N4,92.0
2019-04-10T18:00:00,N,N4,119.00000000000004
2019-04-10T19:00:00,N,N4,104.0
2019-04-10T20:00:00,N,N4,87.0
2019-04-10T21:00:00,N,N4,82.00000000000001
2019-04-10T22:00:00,N,N4,72.0
2019-04-10T23:00:00,N,N4,66.99999999999997
2019-04-11T00:00:00,N,N4,62.00000000000001
2019-04-11T01:00:00,N,N4,59.99999999999999
2019-04-11T02:00:00,N,N4,57.00000000000001
2019-04-11T03:00:00,N,N4,57.00000000000001
2019-04-11T04:00:00,N,N4,57.99999999999999
2019-04-11T05:00:00,N,N4,62.00000000000001
2019-04-11T06:00:00,N,N4,77.00000000000001
2019-04-11T07:00:00,N,N4,72.99999999999999
2019-04-11T08:00:00,N,N4,85.99999999999997
2019-04-11T09:00:00,N,N4,85.00000000000001
2019-04-11T10:00:00,N,N4,103.0
2019-04-11T11:00:00,N,N4,99.0
2019-04-11T12:00:00,N,N4,83.99999999999999
2019-04-11T13:00:00,N,N4,82.00000000000001
2019-04-11T14:00:00,N,N4,93.00000000000004
2019-04-11T15:00:00,N,N4,90.99999999999996
2019-04-11T16:00:00,N,N4,97.0
2019-04-11T17:00:00,N,N4,101.00000000000004
2019-04-11T18:00:00,N,N4,119.99999999999996
2019-04-11T19:00:00,N,N4,104.99999999999996
2019-04-11T20:00:00,N,N4,100.00000000000004
2019-04-11T21:00:00,N,N4,90.0
2019-04-11T22:00:00,N,N4,79.99999999999997
2019-04-11T23:00:00,N,N4,74.99999999999997
2019-04-12T00:00:00,N,N4,70.00000000000003
2019-04-12T01:00:00,N,N4,66.99999999999997
2019-04-12T02:00:00,N,N4,64.99999999999999
2019-04-12T03:00:00,N,N4,63.99999999999998
2019-04-12T04:00:00,N,N4,63.99999999999998
2019-04-12T05:00:00,N,N4,68.00000000000001
2019-04-12T06:00:00,N,N4,76.0
2019-04-12T07:00:00,N,N4,78.0
2019-04-12T08:00:00,N,N4,90.0
2019-04-12T09:00:00,N,N4,90.0
2019-04-12T10:00:00,N,N4,94.0
2019-04-12T11:00:00,N,N4,99.0
2019-04-12T12:00:00,N,N4,96.0
2019-04-12T13:00:00,N,N4,85.99999999999997
2019-04-12T14:00:00,N,N4,98.00000000000004
2019-04-12T15:00:00,N,N4,97.0
2019-04-12T16:00:00,N,N4,95.0
2019-04-12T17:00:00,N,N4,115.0
2019-04-12T18:00:00,N,N4,121.00000000000004
2019-04-12T19:00:00,N,N4,101.00000000000004
2019-04-12T20:00:00,N,N4,90.0
2019-04-12T21:00:00,N,N4,79.99999999999997
2019-04-12T22:00:00,N,N4,79.99999999999997
2019-04-12T23:00:00,N,N4,74.99999999999997
2019-04-13T00:00:00,N,N4,74.99999999999997
2019-04-13T01:00:00,N,N4,64.99999999999999
2019-04-13T02:00:00,N,N4,64.99999999999999
2019-04-13T03:00:00,N,N4,64.99999999999999
2019-04-13T04:00:00,N,N4,64.99999999999999
2019-04-13T05:00:00,N,N4,64.99999999999999
2019-04-13T06:00:00,N,N4,74.99999999999997
2019-04-13T07:00:00,N,N4,74.99999999999997
2019-04-13T08:00:00,N,N4,85.00000000000001
2019-04-13T09:00:00,N,N4,90.0
2019-04-13T10:00:00,N,N4,96.0
2019-04-13T11:00:00,N,N4,101.99999999999996
2019-04-13T12:00:00,N,N4,92.0
2019-04-13T13:00:00,N,N4,87.0
2019-04-13T14:00:00,N,N4,82.00000000000001
2019-04-13T15:00:00,N,N4,77.00000000000001
2019-04-13T16:00:00,N,N4,83.00000000000003
2019-04-13T17:00:00,N,N4,108.99999999999996
2019-04-13T18:00:00,N,N4,108.99999999999996
2019-04-13T19:00:00,N,N4,99.0
2019-04-13T20:00:00,N,N4,88.99999999999999
2019-04-13T21:00:00,N,N4,83.99999999999999
2019-04-13T22:00:00,N,N4,79.0
2019-04-13T23:00:00,N,N4,74.00000000000003
2019-04-14T00:00:00,N,N4,74.00000000000003
2019-04-14T01:00:00,N,N4,64.99999999999999
2019-04-14T02:00:00,N,N4,64.99999999999999
2019-04-14T03:00:00,N,N4,64.99999999999999
2019-04-14T04:00:00,N,N4,64.99999999999999
2019-04-14T05:00:00,N,N4,64.99999999999999
2019-04-14T06:00:00,N,N4,71.0
2019-04-14T07:00:00,N,N4,81.00000000000003
2019-04-14T08:00:00,N,N4,81.00000000000003
2019-04-14T09:00:00,N,N4,76.0
2019-04-14T10:00:00,N,N4,83.00000000000003
2019-04-14T11:00:00,N,N4,90.0
2019-04-14T12:00:00,N,N4,82.00000000000001
2019-04-14T13:00:00,N,N4,82.00000000000001
2019-04-14T14:00:00,N,N4,81.00000000000003
2019-04-14T15:00:00,N,N4,81.00000000000003
2019-04-14T16:00:00,N,N4,79.99999999999997
2019-04-14T17:00:00,N,N4,104.99999999999996
2019-04-14T18:00:00,N,N4,104.99999999999996
2019-04-14T19:00:00,N,N4,100.00000000000004
2019-04-14T20:00:00,N,N4,95.0
2019-04-14T21:00:00,N,N4,90.0
2019-04-14T22:00:00,N,N4,85.00000000000001
2019-04-14T23:00:00,N,N4,79.99999999999997
2019-04-15T00:00:00,N,N4,79.99999999999997
2019-04-15T01:00:00,N,N4,69.00000000000001
2019-04-15T02:00:00,N,N4,69.00000000000001
2019-04-15T03:00:00,N,N4,69.00000000000001
2019-04-15T04:00:00,N,N4,69.00000000000001
2019-04-15T05:00:00,N,N4,69.00000000000001
2019-04-15T06:00:00,N,N4,85.00000000000001
2019-04-15T07:00:00,N,N4,83.00000000000003
2019-04-15T08:00:00,N,N4,95.0
2019-04-15T09:00:00,N,N4,94.0
2019-04-15T10:00:00,N,N4,104.99999999999996
2019-04-15T11:00:00,N,N4,115.0
2019-04-15T12:00:00,N,N4,108.00000000000004
2019-04-15T13:00:00,N,N4,100.00000000000004
2019-04-15T14:00:00,N,N4,101.99999999999996
2019-04-15T15:00:00,N,N4,94.0
2019-04-15T16:00:00,N,N4,101.00000000000004
2019-04-15T17:00:00,N,N4,99.0
2019-04-15T18:00:00,N,N4,127.99999999999996
2019-04-15T19:00:00,N,N4,127.99999999999996
2019-04-15T20:00:00,N,N4,101.99999999999996
2019-04-15T21:00:00,N,N4,92.0
2019-04-15T22:00:00,N,N4,82.00000000000001
2019-04-15T23:00:00,N,N4,77.00000000000001
2019-04-16T00:00:00,N,N4,70.00000000000003
2019-04-16T01:00:00,N,N4,64.99999999999999
2019-04-16T02:00:00,N,N4,64.99999999999999
2019-04-16T03:00:00,N,N4,59.99999999999999
2019-04-16T04:00:00,N,N4,59.99999999999999
2019-04-16T05:00:00,N,N4,64.99999999999999
2019-04-16T06:00:00,N,N4,74.99999999999997
2019-04-16T07:00:00,N,N4,79.99999999999997
2019-04-16T08:00:00,N,N4,90.0
2019-04-16T09:00:00,N,N4,90.0
2019-04-16T10:00:00,N,N4,99.0
2019-04-16T11:00:00,N,N4,101.99999999999996
2019-04-16T12:00:00,N,N4,93.00000000000004
2019-04-16T13:00:00,N,N4,85.99999999999997
2019-04-16T14:00:00,N,N4,98.00000000000004
2019-04-16T15:00:00,N,N4,96.0
2019-04-16T16:00:00,N,N4,97.0
2019-04-16T17:00:00,N,N4,115.0
2019-04-16T18:00:00,N,N4,108.99999999999996
2019-04-16T19:00:00,N,N4,94.0
2019-04-16T20:00:00,N,N4,83.99999999999999
2019-04-16T21:00:00,N,N4,79.0
2019-04-16T22:00:00,N,N4,69.00000000000001
2019-04-16T23:00:00,N,N4,63.99999999999998
2019-04-17T00:00:00,N,N4,59.000000000000014
2019-04-17T01:00:00,N,N4,59.000000000000014
2019-04-17T02:00:00,N,N4,59.000000000000014
2019-04-17T03:00:00,N,N4,59.000000000000014
2019-04-17T04:00:00,N,N4,59.000000000000014
2019-04-17T05:00:00,N,N4,59.000000000000014
2019-04-17T06:00:00,N,N4,69.00000000000001
2019-04-17T07:00:00,N,N4,74.99999999999997
2019-04-17T08:00:00,N,N4,87.0
2019-04-17T09:00:00,N,N4,83.99999999999999
2019-04-17T10:00:00,N,N4,87.0
2019-04-17T11:00:00,N,N4,85.99999999999997
2019-04-17T12:00:00,N,N4,77.00000000000001
2019-04-17T13:00:00,N,N4,74.99999999999997
2019-04-17T14:00:00,N,N4,85.99999999999997
2019-04-17T15:00:00,N,N4,83.00000000000003
2019-04-17T16:00:00,N,N4,85.00000000000001
2019-04-17T17:00:00,N,N4,90.0
2019-04-17T18:00:00,N,N4,114.00000000000004
2019-04-17T19:00:00,N,N4,99.0
2019-04-17T20:00:00,N,N4,88.99999999999999
2019-04-17T21:00:00,N,N4,74.00000000000003
2019-04-17T22:00:00,N,N4,69.00000000000001
2019-04-17T23:00:00,N,N4,63.99999999999998
2019-04-18T00:00:00,N,N4,63.99999999999998
2019-04-18T01:00:00,N,N4,59.000000000000014
2019-04-18T02:00:00,N,N4,59.000000000000014
2019-04-18T03:00:00,N,N4,59.000000000000014
2019-04-18T04:00:00,N,N4,59.000000000000014
2019-04-18T05:00:00,N,N4,59.000000000000014
2019-04-18T06:00:00,N,N4,63.99999999999998
2019-04-18T07:00:00,N,N4,69.00000000000001
2019-04-18T08:00:00,N,N4,74.99999999999997
2019-04-18T09:00:00,N,N4,78.0
2019-04-18T10:00:00,N,N4,79.99999999999997
2019-04-18T11:00:00,N,N4,85.99999999999997
2019-04-18T12:00:00,N,N4,77.00000000000001
2019-04-18T13:00:00,N,N4,70.00000000000003
2019-04-18T14:00:00,N,N4,74.00000000000003
2019-04-18T15:00:00,N,N4,70.00000000000003
2019-04-18T16:00:00,N,N4,76.0
2019-04-18T17:00:00,N,N4,82.00000000000001
2019-04-18T18:00:00,N,N4,108.00000000000004
2019-04-18T19:00:00,N,N4,93.00000000000004
2019-04-18T20:00:00,N,N4,83.00000000000003
2019-04-18T21:00:00,N,N4,72.99999999999999
2019-04-18T22:00:00,N,N4,68.00000000000001
2019-04-18T23:00:00,N,N4,62.99999999999999
2019-04-19T00:00:00,N,N4,57.99999999999999
2019-04-19T01:00:00,N,N4,57.99999999999999
2019-04-19T02:00:00,N,N4,57.99999999999999
2019-04-19T03:00:00,N,N4,57.99999999999999
2019-04-19T04:00:00,N,N4,57.99999999999999
2019-04-19T05:00:00,N,N4,57.99999999999999
2019-04-19T06:00:00,N,N4,57.99999999999999
2019-04-19T07:00:00,N,N4,62.99999999999999
2019-04-19T08:00:00,N,N4,68.00000000000001
2019-04-19T09:00:00,N,N4,66.99999999999997
2019-04-19T10:00:00,N,N4,71.0
2019-04-19T11:00:00,N,N4,72.0
2019-04-19T12:00:00,N,N4,69.00000000000001
2019-04-19T13:00:00,N,N4,66.99999999999997
2019-04-19T14:00:00,N,N4,70.00000000000003
2019-04-19T15:00:00,N,N4,68.00000000000001
2019-04-19T16:00:00,N,N4,66.99999999999997
2019-04-19T17:00:00,N,N4,77.00000000000001
2019-04-19T18:00:00,N,N4,103.0
2019-04-19T19:00:00,N,N4,98.00000000000004
2019-04-19T20:00:00,N,N4,88.00000000000003
2019-04-19T21:00:00,N,N4,83.00000000000003
2019-04-19T22:00:00,N,N4,78.0
2019-04-19T23:00:00,N,N4,72.99999999999999
2019-04-20T00:00:00,N,N4,68.00000000000001
2019-04-20T01:00:00,N,N4,62.000000000000064
2019-04-20T02:00:00,N,N4,62.00000000000001
2019-04-20T03:00:00,N,N4,62.000000000000064
2019-04-20T04:00:00,N,N4,62.00000000000001
2019-04-20T05:00:00,N,N4,62.00000000000001
2019-04-20T06:00:00,N,N4,72.0
2019-04-20T07:00:00,N,N4,77.00000000000001
2019-04-20T08:00:00,N,N4,87.0
2019-04-20T09:00:00,N,N4,87.0
2019-04-20T10:00:00,N,N4,93.00000000000004
2019-04-20T11:00:00,N,N4,93.00000000000004
2019-04-20T12:00:00,N,N4,88.00000000000003
2019-04-20T13:00:00,N,N4,83.00000000000003
2019-04-20T14:00:00,N,N4,77.00000000000001
2019-04-20T15:00:00,N,N4,77.25
2019-04-20T16:00:00,N,N4,79.83333333333333
2019-04-20T17:00:00,N,N4,98.5
2019-04-20T18:00:00,N,N4,102.25
2019-04-20T19:00:00,N,N4,98.60844290889216
2019-04-20T20:00:00,N,N4,84.02150244421017
2019-04-20T21:00:00,N,N4,77.03019871657214
2019-04-20T22:00:00,N,N4,70.7003952363166
2019-04-20T23:00:00,N,N4,67.85452768763366
2019-04-21T00:00:00,N,N4,66.27279222733704
2019-04-21T01:00:00,N,N4,63.624171428602665
2019-04-21T02:00:00,N,N4,63.13258885239238
2019-04-21T03:00:00,N,N4,62.27203940814624
2019-04-21T04:00:00,N,N4,62.58865857254265
2019-04-21T05:00:00,N,N4,62.938154903263325
2019-04-21T06:00:00,N,N4,71.15078057449684
2019-04-21T07:00:00,N,N4,78.46889704853186
2019-04-21T08:00:00,N,N4,86.29987455544938
2019-04-21T09:00:00,N,N4,85.0530654368933
2019-04-21T10:00:00,N,N4,91.9112013063354
2019-04-21T11:00:00,N,N4,99.33749486019674
2019-04-21T12:00:00,N,N4,90.55000628744163
2019-04-21T13:00:00,N,N4,82.10326630587292
2019-04-21T14:00:00,N,N4,78.08645176563815
2019-04-21T15:00:00,N,N4,75.8532371142193
2019-04-21T16:00:00,N,N4,80.31872987970466
2019-04-21T17:00:00,N,N4,98.98232815018748
2019-04-21T18:00:00,N,N4,104.00482505600831
2019-04-21T19:00:00,N,N4,97.49878048606092
2019-04-21T20:00:00,N,N4,89.33333333333333
2019-04-21T21:00:00,N,N4,81.25
2019-04-21T22:00:00,N,N4,76.5
2019-04-21T23:00:00,N,N4,70.83333333333333
2019-04-22T00:00:00,N,N4,68.83333333333333
2019-04-22T01:00:00,N,N4,65.16666666666667
2019-04-22T02:00:00,N,N4,64.66666666666667
2019-04-22T03:00:00,N,N4,64.50000000000001
2019-04-22T04:00:00,N,N4,65.25000000000001
2019-04-22T05:00:00,N,N4,67.5
2019-04-22T06:00:00,N,N4,80.33333333333333
2019-04-22T07:00:00,N,N4,65.99999999999997
2019-04-22T08:00:00,N,N4,78.0
2019-04-22T09:00:00,N,N4,79.0
2019-04-22T10:00:00,N,N4,85.00000000000001
2019-04-22T11:00:00,N,N4,88.99999999999999
2019-04-22T12:00:00,N,N4,78.0
2019-04-22T13:00:00,N,N4,72.99999999999999
2019-04-22T14:00:00,N,N4,83.00000000000003
2019-04-22T15:00:00,N,N4,88.99999999999999
2019-04-22T16:00:00,N,N4,96.5
2019-04-22T17:00:00,N,N4,109.4
2019-04-22T18:00:00,N,N4,118.12836537215678
2019-04-22T19:00:00,N,N4,112.5785230522628
2019-04-22T20:00:00,N,N4,98.44191301985308
2019-04-22T21:00:00,N,N4,89.69999999999999
2019-04-22T22:00:00,N,N4,75.8
2019-04-22T23:00:00,N,N4,72.99999999999999
2019-04-23T00:00:00,N,N4,67.0
2019-04-23T01:00:00,N,N4,65.3
2019-04-23T02:00:00,N,N4,64.9
2019-04-23T03:00:00,N,N4,65.8
2019-04-23T04:00:00,N,N4,64.8
2019-04-23T05:00:00,N,N4,67.58569650125713
2019-04-23T06:00:00,N,N4,82.18181818181817
2019-04-23T07:00:00,N,N4,78.0
2019-04-23T08:00:00,N,N4,93.00000000000004
2019-04-23T09:00:00,N,N4,93.00000000000004
2019-04-23T10:00:00,N,N4,99.0
2019-04-23T11:00:00,N,N4,108.00000000000004
2019-04-23T12:00:00,N,N4,96.0
2019-04-23T13:00:00,N,N4,87.0
2019-04-23T14:00:00,N,N4,98.00000000000004
2019-04-23T15:00:00,N,N4,95.0
2019-04-23T16:00:00,N,N4,95.91666666666669
2019-04-23T17:00:00,N,N4,110.43232674740072
2019-04-23T18:00:00,N,N4,114.08355783360824
2019-04-23T19:00:00,N,N4,106.43579381928764
2019-04-23T20:00:00,N,N4,91.10847713315304
2019-04-23T21:00:00,N,N4,82.0
2019-04-23T22:00:00,N,N4,76.50000000000001
2019-04-23T23:00:00,N,N4,68.83333333333333
2019-04-24T00:00:00,N,N4,65.41666666666667
2019-04-24T01:00:00,N,N4,64.75
2019-04-24T02:00:00,N,N4,63.583333333333336
2019-04-24T03:00:00,N,N4,63.583333333333336
2019-04-24T04:00:00,N,N4,63.41666666666666
2019-04-24T05:00:00,N,N4,69.00000000000001
2019-04-24T06:00:00,N,N4,79.16666666666667
2019-04-24T07:00:00,N,N4,79.99999999999997
2019-04-24T08:00:00,N,N4,88.00000000000003
2019-04-24T09:00:00,N,N4,98.00000000000004
2019-04-24T10:00:00,N,N4,101.99999999999996
2019-04-24T11:00:00,N,N4,104.0
2019-04-24T12:00:00,N,N4,88.99999999999999
2019-04-24T13:00:00,N,N4,96.0
2019-04-24T14:00:00,N,N4,93.00000000000004
2019-04-24T15:00:00,N,N4,88.00000000000003
2019-04-24T16:00:00,N,N4,93.63636363636364
2019-04-24T17:00:00,N,N4,110.72309703312791
2019-04-24T18:00:00,N,N4,115.33786452212678
2019-04-24T19:00:00,N,N4,104.99864016745585
2019-04-24T20:00:00,N,N4,94.58333333333331
2019-04-24T21:00:00,N,N4,78.91666666666667
2019-04-24T22:00:00,N,N4,71.91666666666667
2019-04-24T23:00:00,N,N4,69.08333333333334
2019-04-25T00:00:00,N,N4,64.08333333333333
2019-04-25T01:00:00,N,N4,61.833333333333336
2019-04-25T02:00:00,N,N4,60.08333333333332
2019-04-25T03:00:00,N,N4,59.75
2019-04-25T04:00:00,N,N4,59.833333333333336
2019-04-25T05:00:00,N,N4,62.91666666666666
2019-04-25T06:00:00,N,N4,75.41666666666666
2019-04-25T07:00:00,N,N4,74.99999999999997
2019-04-25T08:00:00,N,N4,87.0
2019-04-25T09:00:00,N,N4,83.99999999999999
2019-04-25T10:00:00,N,N4,95.0
2019-04-25T11:00:00,N,N4,96.0
2019-04-25T12:00:00,N,N4,72.99999999999999
2019-04-25T13:00:00,N,N4,71.0
2019-04-25T14:00:00,N,N4,74.00000000000003
2019-04-25T15:00:00,N,N4,78.0
2019-04-25T16:00:00,N,N4,91.87775168222468
2019-04-25T17:00:00,N,N4,110.99913033921818
2019-04-25T18:00:00,N,N4,117.83397049442392
2019-04-25T19:00:00,N,N4,105.5
2019-04-25T20:00:00,N,N4,95.25
2019-04-25T21:00:00,N,N4,84.25
2019-04-25T22:00:00,N,N4,75.08333333333333
2019-04-25T23:00:00,N,N4,69.91666666666667
2019-04-26T00:00:00,N,N4,65.5
2019-04-26T01:00:00,N,N4,64.75
2019-04-26T02:00:00,N,N4,63.41666666666666
2019-04-26T03:00:00,N,N4,62.583333333333336
2019-04-26T04:00:00,N,N4,61.91666666666666
2019-04-26T05:00:00,N,N4,65.91666666666667
2019-04-26T06:00:00,N,N4,65.99999999999997
2019-04-26T07:00:00,N,N4,72.0
2019-04-26T08:00:00,N,N4,82.00000000000001
2019-04-26T09:00:00,N,N4,85.00000000000001
2019-04-26T10:00:00,N,N4,90.0
2019-04-26T11:00:00,N,N4,99.0
2019-04-26T12:00:00,N,N4,83.99999999999999
2019-04-26T13:00:00,N,N4,72.99999999999999
2019-04-26T14:00:00,N,N4,79.99999999999997
2019-04-26T15:00:00,N,N4,83.00000000000003
2019-04-26T16:00:00,N,N4,83.00000000000003
2019-04-26T17:00:00,N,N4,94.0
2019-04-26T18:00:00,N,N4,110.00000000000004
2019-04-26T19:00:00,N,N4,98.00000000000004
2019-04-26T20:00:00,N,N4,83.00000000000003
2019-04-26T21:00:00,N,N4,74.99999999999997
2019-04-26T22:00:00,N,N4,71.0
2019-04-26T23:00:00,N,N4,68.00000000000001
2019-04-27T00:00:00,N,N4,65.99999999999997
2019-04-27T01:00:00,N,N4,62.99999999999999
2019-04-27T02:00:00,N,N4,61.00000000000001
2019-04-27T03:00:00,N,N4,59.99999999999999
2019-04-27T04:00:00,N,N4,59.99999999999999
2019-04-27T05:00:00,N,N4,59.99999999999999
2019-04-27T06:00:00,N,N4,74.99999999999997
2019-04-27T07:00:00,N,N4,81.33333333333333
2019-04-27T08:00:00,N,N4,90.0
2019-04-27T09:00:00,N,N4,90.0
2019-04-27T10:00:00,N,N4,93.00000000000004
2019-04-27T11:00:00,N,N4,93.00000000000004
2019-04-27T12:00:00,N,N4,93.00000000000004
2019-04-27T13:00:00,N,N4,64.99999999999999
2019-04-27T14:00:00,N,N4,59.99999999999999
2019-04-27T15:00:00,N,N4,64.99999999999999
2019-04-27T16:00:00,N,N4,70.00000000000003
2019-04-27T17:00:00,N,N4,85.00000000000001
2019-04-27T18:00:00,N,N4,95.0
2019-04-27T19:00:00,N,N4,93.76550819408948
2019-04-27T20:00:00,N,N4,91.25802933052194
2019-04-27T21:00:00,N,N4,91.36238459886584
2019-04-27T22:00:00,N,N4,92.40474283579913
2019-04-27T23:00:00,N,N4,96.39980456397026
2019-04-28T00:00:00,N,N4,101.00000000000004
2019-04-28T01:00:00,N,N4,98.00000000000004
2019-04-28T02:00:00,N,N4,95.0
2019-04-28T03:00:00,N,N4,95.0
2019-04-28T04:00:00,N,N4,95.0
2019-04-28T05:00:00,N,N4,95.0
2019-04-28T06:00:00,N,N4,107.4216717388256
2019-04-28T07:00:00,N,N4,111.58647674788268
2019-04-28T08:00:00,N,N4,122.00000000000004
2019-04-28T09:00:00,N,N4,123.58222230419736
2019-04-28T10:00:00,N,N4,128.42311253044443
2019-04-28T11:00:00,N,N4,134.88803375686467
2019-04-28T12:00:00,N,N4,120.13434732559324
2019-04-28T13:00:00,N,N4,110.99999999999996
2019-04-28T14:00:00,N,N4,104.99999999999996
2019-04-28T15:00:00,N,N4,101.99999999999996
2019-04-28T16:00:00,N,N4,106.99999999999996
2019-04-28T17:00:00,N,N4,131.99999999999997
2019-04-28T18:00:00,N,N4,94.0
2019-04-28T19:00:00,N,N4,74.00000000000003
2019-04-28T20:00:00,N,N4,69.00000000000001
2019-04-28T21:00:00,N,N4,59.99999999999999
2019-04-28T22:00:00,N,N4,59.000000000000014
2019-04-28T23:00:00,N,N4,54.00000000000001
2019-04-29T00:00:00,N,N4,48.99999999999999
2019-04-29T01:00:00,N,N4,48.99999999999999
2019-04-29T02:00:00,N,N4,48.99999999999999
2019-04-29T03:00:00,N,N4,48.99999999999999
2019-04-29T04:00:00,N,N4,48.99999999999999
2019-04-29T05:00:00,N,N4,48.99999999999999
2019-04-29T06:00:00,N,N4,48.99999999999999
2019-04-29T07:00:00,N,N4,71.0
2019-04-29T08:00:00,N,N4,82.00000000000001
2019-04-29T09:00:00,N,N4,69.00000000000001
2019-04-29T10:00:00,N,N4,82.00000000000001
2019-04-29T11:00:00,N,N4,92.0
2019-04-29T12:00:00,N,N4,82.00000000000001
2019-04-29T13:00:00,N,N4,68.00000000000001
2019-04-29T14:00:00,N,N4,81.00000000000003
2019-04-29T15:00:00,N,N4,74.99999999999997
2019-04-29T16:00:00,N,N4,100.6
2019-04-29T17:00:00,N,N4,118.7
2019-04-29T18:00:00,N,N4,125.7283653721568
2019-04-29T19:00:00,N,N4,115.77852305226278
2019-04-29T20:00:00,N,N4,100.24191301985309
2019-04-29T21:00:00,N,N4,91.4
2019-04-29T22:00:00,N,N4,78.80000000000001
2019-04-29T23:00:00,N,N4,75.49999999999999
2019-04-30T00:00:00,N,N4,70.8
2019-04-30T01:00:00,N,N4,69.1
2019-04-30T02:00:00,N,N4,68.7
2019-04-30T03:00:00,N,N4,69.6
2019-04-30T04:00:00,N,N4,68.6
2019-04-30T05:00:00,N,N4,71.88569650125713
2019-04-30T06:00:00,N,N4,88.45454545454545
2019-04-30T07:00:00,N,N4,72.99999999999999
2019-04-30T08:00:00,N,N4,76.0
2019-04-30T09:00:00,N,N4,79.99999999999997
2019-04-30T10:00:00,N,N4,85.00000000000001
2019-04-30T11:00:00,N,N4,94.0
2019-04-30T12:00:00,N,N4,74.00000000000003
2019-04-30T13:00:00,N,N4,76.0
2019-04-30T14:00:00,N,N4,79.99999999999997
2019-04-30T15:00:00,N,N4,82.00000000000001
2019-04-30T16:00:00,N,N4,90.99999999999996
2019-04-30T17:00:00,N,N4,104.99999999999996
2019-04-30T18:00:00,N,N4,99.0
2019-04-30T19:00:00,N,N4,83.99999999999999
2019-04-30T20:00:00,N,N4,74.00000000000003
2019-04-30T21:00:00,N,N4,63.99999999999998
2019-04-30T22:00:00,N,N4,57.99999999999999
2019-04-30T23:00:00,N,N4,52.00000000000001
2019-05-01T00:00:00,N,N4,52.00000000000001
2019-05-01T01:00:00,N,N4,54.00000000000001
2019-05-01T02:00:00,N,N4,52.00000000000001
2019-05-01T03:00:00,N,N4,52.00000000000001
2019-05-01T04:00:00,N,N4,52.00000000000001
2019-05-01T05:00:00,N,N4,52.00000000000001
2019-05-01T06:00:00,N,N4,59.000000000000014
2019-05-01T07:00:00,N,N4,89.66666666666667
2019-05-01T08:00:00,N,N4,99.83333333333331
2019-05-01T09:00:00,N,N4,72.0
2019-05-01T10:00:00,N,N4,72.0
2019-05-01T11:00:00,N,N4,72.0
2019-05-01T12:00:00,N,N4,70.00000000000003
2019-05-01T13:00:00,N,N4,68.00000000000001
2019-05-01T14:00:00,N,N4,57.99999999999999
2019-05-01T15:00:00,N,N4,62.99999999999999
2019-05-01T16:00:00,N,N4,68.00000000000001
2019-05-01T17:00:00,N,N4,98.00000000000004
2019-05-01T18:00:00,N,N4,94.0
2019-05-01T19:00:00,N,N4,79.0
2019-05-01T20:00:00,N,N4,74.00000000000003
2019-05-01T21:00:00,N,N4,62.00000000000001
2019-05-01T22:00:00,N,N4,52.00000000000001
2019-05-01T23:00:00,N,N4,52.00000000000001
2019-05-02T00:00:00,N,N4,54.00000000000001
2019-05-02T01:00:00,N,N4,46.99999999999999
2019-05-02T02:00:00,N,N4,46.99999999999999
2019-05-02T03:00:00,N,N4,46.99999999999999
2019-05-02T04:00:00,N,N4,46.99999999999999
2019-05-02T05:00:00,N,N4,56.00000000000002
2019-05-02T06:00:00,N,N4,71.0
2019-05-02T07:00:00,N,N4,72.99999999999999
2019-05-02T08:00:00,N,N4,92.0
2019-05-02T09:00:00,N,N4,90.99999999999996
2019-05-02T10:00:00,N,N4,100.00000000000004
2019-05-02T11:00:00,N,N4,104.0
2019-05-02T12:00:00,N,N4,90.0
2019-05-02T13:00:00,N,N4,78.0
2019-05-02T14:00:00,N,N4,90.99999999999996
2019-05-02T15:00:00,N,N4,94.0
2019-05-02T16:00:00,N,N4,97.0
2019-05-02T17:00:00,N,N4,114.00000000000004
2019-05-02T18:00:00,N,N4,110.99999999999996
2019-05-02T19:00:00,N,N4,90.99999999999996
2019-05-02T20:00:00,N,N4,81.00000000000003
2019-05-02T21:00:00,N,N4,77.00000000000001
2019-05-02T22:00:00,N,N4,62.00000000000001
2019-05-02T23:00:00,N,N4,62.00000000000001
2019-05-03T00:00:00,N,N4,62.00000000000001
2019-05-03T01:00:00,N,N4,62.00000000000001
2019-05-03T02:00:00,N,N4,57.99999999999999
2019-05-03T03:00:00,N,N4,55.000000000000014
2019-05-03T04:00:00,N,N4,55.000000000000014
2019-05-03T05:00:00,N,N4,55.000000000000014
2019-05-03T06:00:00,N,N4,74.99999999999997
2019-05-03T07:00:00,N,N4,81.00000000000003
2019-05-03T08:00:00,N,N4,94.0
2019-05-03T09:00:00,N,N4,95.0
2019-05-03T10:00:00,N,N4,104.99999999999996
2019-05-03T11:00:00,N,N4,104.0
2019-05-03T12:00:00,N,N4,93.00000000000004
2019-05-03T13:00:00,N,N4,88.00000000000003
2019-05-03T14:00:00,N,N4,100.00000000000004
2019-05-03T15:00:00,N,N4,101.99999999999996
2019-05-03T16:00:00,N,N4,104.99999999999996
2019-05-03T17:00:00,N,N4,110.00000000000004
2019-05-03T18:00:00,N,N4,104.99999999999996
2019-05-03T19:00:00,N,N4,87.0
2019-05-03T20:00:00,N,N4,87.0
2019-05-03T21:00:00,N,N4,74.99999999999997
2019-05-03T22:00:00,N,N4,77.00000000000001
2019-05-03T23:00:00,N,N4,72.0
2019-05-04T00:00:00,N,N4,66.99999999999997
2019-05-04T01:00:00,N,N4,62.00000000000001
2019-05-04T02:00:00,N,N4,62.00000000000001
2019-05-04T03:00:00,N,N4,62.00000000000001
2019-05-04T04:00:00,N,N4,62.00000000000001
2019-05-04T05:00:00,N,N4,62.00000000000001
2019-05-04T06:00:00,N,N4,66.99999999999997
2019-05-04T07:00:00,N,N4,87.0
2019-05-04T08:00:00,N,N4,92.0
2019-05-04T09:00:00,N,N4,92.0
2019-05-04T10:00:00,N,N4,100.00000000000004
2019-05-04T11:00:00,N,N4,100.00000000000004
2019-05-04T12:00:00,N,N4,79.99999999999997
2019-05-04T13:00:00,N,N4,79.99999999999997
2019-05-04T14:00:00,N,N4,83.99999999999999
2019-05-04T15:00:00,N,N4,83.99999999999999
2019-05-04T16:00:00,N,N4,83.99999999999999
2019-05-04T17:00:00,N,N4,108.99999999999996
2019-05-04T18:00:00,N,N4,104.0
2019-05-04T19:00:00,N,N4,93.00000000000004
2019-05-04T20:00:00,N,N4,83.00000000000003
2019-05-04T21:00:00,N,N4,76.0
2019-05-04T22:00:00,N,N4,70.00000000000003
2019-05-04T23:00:00,N,N4,70.00000000000003
2019-05-05T00:00:00,N,N4,70.00000000000003
2019-05-05T01:00:00,N,N4,64.99999999999999
2019-05-05T02:00:00,N,N4,64.99999999999999
2019-05-05T03:00:00,N,N4,64.99999999999999
2019-05-05T04:00:00,N,N4,64.99999999999999
2019-05-05T05:00:00,N,N4,64.99999999999999
2019-05-05T06:00:00,N,N4,64.99999999999999
2019-05-05T07:00:00,N,N4,76.0
2019-05-05T08:00:00,N,N4,85.99999999999997
2019-05-05T09:00:00,N,N4,78.0
2019-05-05T10:00:00,N,N4,78.0
2019-05-05T11:00:00,N,N4,141.00000000000003
2019-05-05T12:00:00,N,N4,129.99999999999997
2019-05-05T13:00:00,N,N4,116.0
2019-05-05T14:00:00,N,N4,104.99999999999996
2019-05-05T15:00:00,N,N4,97.0
2019-05-05T16:00:00,N,N4,97.0
2019-05-05T17:00:00,N,N4,122.00000000000004
2019-05-05T18:00:00,N,N4,155.00000000000003
2019-05-05T19:00:00,N,N4,142.00000000000003
2019-05-05T20:00:00,N,N4,127.99999999999996
2019-05-05T21:00:00,N,N4,111.99999999999996
2019-05-05T22:00:00,N,N4,113.00000000000004
2019-05-05T23:00:00,N,N4,103.0
2019-05-06T00:00:00,N,N4,103.0
2019-05-06T01:00:00,N,N4,98.00000000000004
2019-05-06T02:00:00,N,N4,98.00000000000004
2019-05-06T03:00:00,N,N4,98.00000000000004
2019-05-06T04:00:00,N,N4,98.00000000000004
2019-05-06T05:00:00,N,N4,105.99999999999996
2019-05-06T06:00:00,N,N4,117.00000000000004
2019-05-06T07:00:00,N,N4,121.00000000000004
2019-05-06T08:00:00,N,N4,137.00000000000003
2019-05-06T09:00:00,N,N4,126.0
2019-05-06T10:00:00,N,N4,127.0
2019-05-06T11:00:00,N,N4,131.99999999999997
2019-05-06T12:00:00,N,N4,116.0
2019-05-06T13:00:00,N,N4,98.00000000000004
2019-05-06T14:00:00,N,N4,105.99999999999996
2019-05-06T15:00:00,N,N4,105.99999999999996
2019-05-06T16:00:00,N,N4,106.7
2019-05-06T17:00:00,N,N4,127.6
2019-05-06T18:00:00,N,N4,134.90590183803528
2019-05-06T19:00:00,N,N4,122.4785230522628
2019-05-06T20:00:00,N,N4,106.24191301985309
2019-05-06T21:00:00,N,N4,96.5
2019-05-06T22:00:00,N,N4,83.00000000000001
2019-05-06T23:00:00,N,N4,78.9
2019-05-07T00:00:00,N,N4,73.9
2019-05-07T01:00:00,N,N4,73.1
2019-05-07T02:00:00,N,N4,72.7
2019-05-07T03:00:00,N,N4,73.8
2019-05-07T04:00:00,N,N4,73.0
2019-05-07T05:00:00,N,N4,77.98569650125714
2019-05-07T06:00:00,N,N4,119.00000000000004
2019-05-07T07:00:00,N,N4,118.00000000000004
2019-05-07T08:00:00,N,N4,130.99999999999994
2019-05-07T09:00:00,N,N4,126.0
2019-05-07T10:00:00,N,N4,131.99999999999997
2019-05-07T11:00:00,N,N4,144.0
2019-05-07T12:00:00,N,N4,125.00000000000004
2019-05-07T13:00:00,N,N4,114.00000000000004
2019-05-07T14:00:00,N,N4,121.00000000000004
2019-05-07T15:00:00,N,N4,121.00000000000004
2019-05-07T16:00:00,N,N4,133.0
2019-05-07T17:00:00,N,N4,153.18792096880867
2019-05-07T18:00:00,N,N4,156.55794126994428
2019-05-07T19:00:00,N,N4,139.99999999999994
2019-05-07T20:00:00,N,N4,122.00000000000004
2019-05-07T21:00:00,N,N4,113.00000000000004
2019-05-07T22:00:00,N,N4,98.00000000000004
2019-05-07T23:00:00,N,N4,94.0
2019-05-08T00:00:00,N,N4,90.99999999999996
2019-05-08T01:00:00,N,N4,87.0
2019-05-08T02:00:00,N,N4,85.99999999999997
2019-05-08T03:00:00,N,N4,85.99999999999997
2019-05-08T04:00:00,N,N4,85.99999999999997
2019-05-08T05:00:00,N,N4,104.0
2019-05-08T06:00:00,N,N4,116.0
2019-05-08T07:00:00,N,N4,117.00000000000004
2019-05-08T08:00:00,N,N4,134.99999999999991
2019-05-08T09:00:00,N,N4,127.0
2019-05-08T10:00:00,N,N4,136.9999999999999
2019-05-08T11:00:00,N,N4,146.0
2019-05-08T12:00:00,N,N4,139.99999999999994
2019-05-08T13:00:00,N,N4,127.0
2019-05-08T14:00:00,N,N4,133.99999999999997
2019-05-08T15:00:00,N,N4,133.24610495528373
2019-05-08T16:00:00,N,N4,138.00000000000006
2019-05-08T17:00:00,N,N4,158.67716439753522
2019-05-08T18:00:00,N,N4,161.99999999999994
2019-05-08T19:00:00,N,N4,142.99999999999994
2019-05-08T20:00:00,N,N4,126.0
2019-05-08T21:00:00,N,N4,119.99999999999996
2019-05-08T22:00:00,N,N4,113.00000000000004
2019-05-08T23:00:00,N,N4,101.00000000000004
2019-05-09T00:00:00,N,N4,85.99999999999997
2019-05-09T01:00:00,N,N4,88.99999999999999
2019-05-09T02:00:00,N,N4,88.99999999999999
2019-05-09T03:00:00,N,N4,88.99999999999999
2019-05-09T04:00:00,N,N4,88.99999999999999
2019-05-09T05:00:00,N,N4,88.99999999999999
2019-05-09T06:00:00,N,N4,108.00000000000004
2019-05-09T07:00:00,N,N4,108.99999999999996
2019-05-09T08:00:00,N,N4,126.0
2019-05-09T09:00:00,N,N4,127.0
2019-05-09T10:00:00,N,N4,122.99999999999994
2019-05-09T11:00:00,N,N4,129.99999999999997
2019-05-09T12:00:00,N,N4,116.0
2019-05-09T13:00:00,N,N4,99.0
2019-05-09T14:00:00,N,N4,104.0
2019-05-09T15:00:00,N,N4,100.00000000000004
2019-05-09T16:00:00,N,N4,100.00000000000004
2019-05-09T17:00:00,N,N4,156.0
2019-05-09T18:00:00,N,N4,156.0
2019-05-09T19:00:00,N,N4,131.99999999999997
2019-05-09T20:00:00,N,N4,131.99999999999997
2019-05-09T21:00:00,N,N4,108.00000000000004
2019-05-09T22:00:00,N,N4,90.0
2019-05-09T23:00:00,N,N4,87.0
2019-05-10T00:00:00,N,N4,81.99999999999994
2019-05-10T01:00:00,N,N4,82.00000000000001
2019-05-10T02:00:00,N,N4,79.99999999999997
2019-05-10T03:00:00,N,N4,79.99999999999997
2019-05-10T04:00:00,N,N4,79.99999999999997
2019-05-10T05:00:00,N,N4,92.0
2019-05-10T06:00:00,N,N4,108.00000000000004
2019-05-10T07:00:00,N,N4,115.0
2019-05-10T08:00:00,N,N4,122.00000000000004
2019-05-10T09:00:00,N,N4,125.00000000000004
2019-05-10T10:00:00,N,N4,130.99999999999994
2019-05-10T11:00:00,N,N4,128.99999999999997
2019-05-10T12:00:00,N,N4,121.00000000000004
2019-05-10T13:00:00,N,N4,103.0
2019-05-10T14:00:00,N,N4,105.99999999999996
2019-05-10T15:00:00,N,N4,108.00000000000004
2019-05-10T16:00:00,N,N4,128.99999999999997
2019-05-10T17:00:00,N,N4,156.22305174940595
2019-05-10T18:00:00,N,N4,166.00000000000006
2019-05-10T19:00:00,N,N4,113.00000000000004
2019-05-10T20:00:00,N,N4,88.99999999999999
2019-05-10T21:00:00,N,N4,79.0
2019-05-10T22:00:00,N,N4,77.00000000000001
2019-05-10T23:00:00,N,N4,72.0
2019-05-11T00:00:00,N,N4,74.00000000000003
2019-05-11T01:00:00,N,N4,64.99999999999999
2019-05-11T02:00:00,N,N4,64.99999999999999
2019-05-11T03:00:00,N,N4,64.99999999999999
2019-05-11T04:00:00,N,N4,64.99999999999999
2019-05-11T05:00:00,N,N4,72.0
2019-05-11T06:00:00,N,N4,88.99999999999999
2019-05-11T07:00:00,N,N4,98.00000000000004
2019-05-11T08:00:00,N,N4,108.99999999999996
2019-05-11T09:00:00,N,N4,114.00000000000004
2019-05-11T10:00:00,N,N4,119.00000000000004
2019-05-11T11:00:00,N,N4,119.00000000000004
2019-05-11T12:00:00,N,N4,115.0
2019-05-11T13:00:00,N,N4,104.99999999999996
2019-05-11T14:00:00,N,N4,100.00000000000004
2019-05-11T15:00:00,N,N4,104.99999999999996
2019-05-11T16:00:00,N,N4,104.99999999999996
2019-05-11T17:00:00,N,N4,149.99999999999997
2019-05-11T18:00:00,N,N4,149.99999999999997
2019-05-11T19:00:00,N,N4,102.5358067126166
2019-05-11T20:00:00,N,N4,62.00000000000001
2019-05-11T21:00:00,N,N4,62.00000000000001
2019-05-11T22:00:00,N,N4,55.000000000000014
2019-05-11T23:00:00,N,N4,46.99999999999999
2019-05-12T00:00:00,N,N4,46.99999999999999
2019-05-12T01:00:00,N,N4,46.99999999999999
2019-05-12T02:00:00,N,N4,46.99999999999999
2019-05-12T03:00:00,N,N4,46.99999999999999
2019-05-12T04:00:00,N,N4,46.99999999999999
2019-05-12T05:00:00,N,N4,46.99999999999999
2019-05-12T06:00:00,N,N4,54.00000000000001
2019-05-12T07:00:00,N,N4,54.00000000000001
2019-05-12T08:00:00,N,N4,63.99999999999998
2019-05-12T09:00:00,N,N4,63.99999999999998
2019-05-12T10:00:00,N,N4,74.00000000000003
2019-05-12T11:00:00,N,N4,74.00000000000003
2019-05-12T12:00:00,N,N4,74.00000000000003
2019-05-12T13:00:00,N,N4,59.000000000000014
2019-05-12T14:00:00,N,N4,65.03742118765778
2019-05-12T15:00:00,N,N4,66.23884537063162
2019-05-12T16:00:00,N,N4,72.0
2019-05-12T17:00:00,N,N4,85.00000000000001
2019-05-12T18:00:00,N,N4,85.73892678705323
2019-05-12T19:00:00,N,N4,70.00000000000003
2019-05-12T20:00:00,N,N4,59.99999999999999
2019-05-12T21:00:00,N,N4,52.00000000000001
2019-05-12T22:00:00,N,N4,49.99999999999999
2019-05-12T23:00:00,N,N4,49.99999999999999
2019-05-13T00:00:00,N,N4,44.99999999999999
2019-05-13T01:00:00,N,N4,46.99999999999999
2019-05-13T02:00:00,N,N4,45.99999999999999
2019-05-13T03:00:00,N,N4,46.00000000000002
2019-05-13T04:00:00,N,N4,46.00000000000002
2019-05-13T05:00:00,N,N4,46.00000000000002
2019-05-13T06:00:00,N,N4,61.00000000000001
2019-05-13T07:00:00,N,N4,68.00000000000001
2019-05-13T08:00:00,N,N4,74.00000000000003
2019-05-13T09:00:00,N,N4,74.00000000000003
2019-05-13T10:00:00,N,N4,79.0
2019-05-13T11:00:00,N,N4,93.00000000000004
2019-05-13T12:00:00,N,N4,93.00000000000004
2019-05-13T13:00:00,N,N4,72.99999999999999
2019-05-13T14:00:00,N,N4,76.0
2019-05-13T15:00:00,N,N4,76.0
2019-05-13T16:00:00,N,N4,81.00000000000003
2019-05-13T17:00:00,N,N4,94.0
2019-05-13T18:00:00,N,N4,115.0
2019-05-13T19:00:00,N,N4,90.0
2019-05-13T20:00:00,N,N4,78.0
2019-05-13T21:00:00,N,N4,66.99999999999997
2019-05-13T22:00:00,N,N4,59.99999999999999
2019-05-13T23:00:00,N,N4,59.000000000000014
2019-05-14T00:00:00,N,N4,54.00000000000001
2019-05-14T01:00:00,N,N4,54.00000000000001
2019-05-14T02:00:00,N,N4,54.00000000000001
2019-05-14T03:00:00,N,N4,54.00000000000001
2019-05-14T04:00:00,N,N4,54.00000000000001
2019-05-14T05:00:00,N,N4,59.000000000000014
2019-05-14T06:00:00,N,N4,65.99999999999997
2019-05-14T07:00:00,N,N4,76.0
2019-05-14T08:00:00,N,N4,79.99999999999997
2019-05-14T09:00:00,N,N4,72.99999999999999
2019-05-14T10:00:00,N,N4,71.0
2019-05-14T11:00:00,N,N4,77.00000000000001
2019-05-14T12:00:00,N,N4,70.00000000000003
2019-05-14T13:00:00,N,N4,62.99999999999999
2019-05-14T14:00:00,N,N4,71.0
2019-05-14T15:00:00,N,N4,66.99999999999997
2019-05-14T16:00:00,N,N4,74.99999999999997
2019-05-14T17:00:00,N,N4,92.0
2019-05-14T18:00:00,N,N4,87.0
2019-05-14T19:00:00,N,N4,118.00000000000004
2019-05-14T20:00:00,N,N4,72.0
2019-05-14T21:00:00,N,N4,64.99999999999999
2019-05-14T22:00:00,N,N4,97.0
2019-05-14T23:00:00,N,N4,55.000000000000014
2019-05-15T00:00:00,N,N4,55.000000000000014
2019-05-15T01:00:00,N,N4,55.000000000000014
2019-05-15T02:00:00,N,N4,55.000000000000014
2019-05-15T03:00:00,N,N4,55.000000000000014
2019-05-15T04:00:00,N,N4,55.000000000000014
2019-05-15T05:00:00,N,N4,55.000000000000014
2019-05-15T06:00:00,N,N4,59.99999999999999
2019-05-15T07:00:00,N,N4,71.0
2019-05-15T08:00:00,N,N4,78.0
2019-05-15T09:00:00,N,N4,79.0
2019-05-15T10:00:00,N,N4,83.00000000000003
2019-05-15T11:00:00,N,N4,90.0
2019-05-15T12:00:00,N,N4,81.00000000000003
2019-05-15T13:00:00,N,N4,66.99999999999997
2019-05-15T14:00:00,N,N4,72.99999999999999
2019-05-15T15:00:00,N,N4,69.00000000000001
2019-05-15T16:00:00,N,N4,79.0
2019-05-15T17:00:00,N,N4,105.99999999999996
2019-05-15T18:00:00,N,N4,101.99999999999996
2019-05-15T19:00:00,N,N4,86.00000000000004
2019-05-15T20:00:00,N,N4,76.0
2019-05-15T21:00:00,N,N4,65.99999999999997
2019-05-15T22:00:00,N,N4,61.00000000000001
2019-05-15T23:00:00,N,N4,61.00000000000001
2019-05-16T00:00:00,N,N4,51.00000000000002
2019-05-16T01:00:00,N,N4,51.00000000000002
2019-05-16T02:00:00,N,N4,46.99999999999999
2019-05-16T03:00:00,N,N4,46.99999999999999
2019-05-16T04:00:00,N,N4,46.99999999999999
2019-05-16T05:00:00,N,N4,46.99999999999999
2019-05-16T06:00:00,N,N4,65.99999999999997
2019-05-16T07:00:00,N,N4,65.99999999999997
2019-05-16T08:00:00,N,N4,93.00000000000004
2019-05-16T09:00:00,N,N4,90.99999999999996
2019-05-16T10:00:00,N,N4,87.0
2019-05-16T11:00:00,N,N4,105.99999999999996
2019-05-16T12:00:00,N,N4,88.00000000000003
2019-05-16T13:00:00,N,N4,82.00000000000001
2019-05-16T14:00:00,N,N4,83.99999999999999
2019-05-16T15:00:00,N,N4,93.08333333333331
2019-05-16T16:00:00,N,N4,90.53302018669596
2019-05-16T17:00:00,N,N4,113.9895640706183
2019-05-16T18:00:00,N,N4,120.00764593308703
2019-05-16T19:00:00,N,N4,106.99999999999996
2019-05-16T20:00:00,N,N4,87.0
2019-05-16T21:00:00,N,N4,72.0
2019-05-16T22:00:00,N,N4,62.00000000000001
2019-05-16T23:00:00,N,N4,57.00000000000001
2019-05-17T00:00:00,N,N4,52.00000000000001
2019-05-17T01:00:00,N,N4,52.00000000000001
2019-05-17T02:00:00,N,N4,52.00000000000001
2019-05-17T03:00:00,N,N4,52.00000000000001
2019-05-17T04:00:00,N,N4,52.00000000000001
2019-05-17T05:00:00,N,N4,52.00000000000001
2019-05-17T06:00:00,N,N4,72.0
2019-05-17T07:00:00,N,N4,78.0
2019-05-17T08:00:00,N,N4,96.0
2019-05-17T09:00:00,N,N4,88.99999999999999
2019-05-17T10:00:00,N,N4,88.00000000000003
2019-05-17T11:00:00,N,N4,97.0
2019-05-17T12:00:00,N,N4,82.00000000000001
2019-05-17T13:00:00,N,N4,78.0
2019-05-17T14:00:00,N,N4,88.99999999999999
2019-05-17T15:00:00,N,N4,90.0
2019-05-17T16:00:00,N,N4,100.00000000000004
2019-05-17T17:00:00,N,N4,119.99999999999996
2019-05-17T18:00:00,N,N4,113.00000000000004
2019-05-17T19:00:00,N,N4,98.00000000000004
2019-05-17T20:00:00,N,N4,83.00000000000003
2019-05-17T21:00:00,N,N4,72.99999999999999
2019-05-17T22:00:00,N,N4,62.00000000000001
2019-05-17T23:00:00,N,N4,55.000000000000014
2019-05-18T00:00:00,N,N4,55.000000000000014
2019-05-18T01:00:00,N,N4,46.99999999999999
2019-05-18T02:00:00,N,N4,46.99999999999999
2019-05-18T03:00:00,N,N4,46.99999999999999
2019-05-18T04:00:00,N,N4,46.99999999999999
2019-05-18T05:00:00,N,N4,52.00000000000001
2019-05-18T06:00:00,N,N4,48.99999999999999
2019-05-18T07:00:00,N,N4,56.00000000000002
2019-05-18T08:00:00,N,N4,61.00000000000001
2019-05-18T09:00:00,N,N4,101.99999999999996
2019-05-18T10:00:00,N,N4,103.0
2019-05-18T11:00:00,N,N4,103.0
2019-05-18T12:00:00,N,N4,92.0
2019-05-18T13:00:00,N,N4,83.99999999999999
2019-05-18T14:00:00,N,N4,79.99999999999997
2019-05-18T15:00:00,N,N4,79.99999999999997
2019-05-18T16:00:00,N,N4,87.0
2019-05-18T17:00:00,N,N4,118.00000000000004
2019-05-18T18:00:00,N,N4,113.00000000000004
2019-05-18T19:00:00,N,N4,93.00000000000004
2019-05-18T20:00:00,N,N4,83.00000000000003
2019-05-18T21:00:00,N,N4,78.0
2019-05-18T22:00:00,N,N4,62.00000000000001
2019-05-18T23:00:00,N,N4,62.00000000000001
2019-05-19T00:00:00,N,N4,55.000000000000014
2019-05-19T01:00:00,N,N4,55.000000000000014
2019-05-19T02:00:00,N,N4,55.000000000000014
2019-05-19T03:00:00,N,N4,55.000000000000014
2019-05-19T04:00:00,N,N4,55.000000000000014
2019-05-19T05:00:00,N,N4,55.000000000000014
2019-05-19T06:00:00,N,N4,69.00000000000001
2019-05-19T07:00:00,N,N4,74.00000000000003
2019-05-19T08:00:00,N,N4,72.99999999999999
2019-05-19T09:00:00,N,N4,78.0
2019-05-19T10:00:00,N,N4,83.00000000000003
2019-05-19T11:00:00,N,N4,83.00000000000003
2019-05-19T12:00:00,N,N4,78.0
2019-05-19T13:00:00,N,N4,72.99999999999999
2019-05-19T14:00:00,N,N4,69.00000000000001
2019-05-19T15:00:00,N,N4,69.00000000000001
2019-05-19T16:00:00,N,N4,74.00000000000003
2019-05-19T17:00:00,N,N4,104.0
2019-05-19T18:00:00,N,N4,104.0
2019-05-19T19:00:00,N,N4,88.99999999999999
2019-05-19T20:00:00,N,N4,79.0
2019-05-19T21:00:00,N,N4,69.00000000000001
2019-05-19T22:00:00,N,N4,55.000000000000014
2019-05-19T23:00:00,N,N4,55.000000000000014
2019-05-20T00:00:00,N,N4,52.00000000000001
2019-05-20T01:00:00,N,N4,52.00000000000001
2019-05-20T02:00:00,N,N4,52.00000000000001
2019-05-20T03:00:00,N,N4,52.00000000000001
2019-05-20T04:00:00,N,N4,52.00000000000001
2019-05-20T05:00:00,N,N4,59.99999999999999
2019-05-20T06:00:00,N,N4,74.99999999999997
2019-05-20T07:00:00,N,N4,76.0
2019-05-20T08:00:00,N,N4,90.0
2019-05-20T09:00:00,N,N4,87.0
2019-05-20T10:00:00,N,N4,98.00000000000004
2019-05-20T11:00:00,N,N4,104.0
2019-05-20T12:00:00,N,N4,92.0
2019-05-20T13:00:00,N,N4,81.00000000000003
2019-05-20T14:00:00,N,N4,88.99999999999999
2019-05-20T15:00:00,N,N4,88.99999999999999
2019-05-20T16:00:00,N,N4,92.0
2019-05-20T17:00:00,N,N4,110.00000000000004
2019-05-20T18:00:00,N,N4,101.99999999999996
2019-05-20T19:00:00,N,N4,90.0
2019-05-20T20:00:00,N,N4,85.00000000000001
2019-05-20T21:00:00,N,N4,77.00000000000001
2019-05-20T22:00:00,N,N4,64.99999999999999
2019-05-20T23:00:00,N,N4,59.99999999999999
2019-05-21T00:00:00,N,N4,57.99999999999999
2019-05-21T01:00:00,N,N4,57.00000000000001
2019-05-21T02:00:00,N,N4,53.00000000000001
2019-05-21T03:00:00,N,N4,53.00000000000001
2019-05-21T04:00:00,N,N4,57.00000000000001
2019-05-21T05:00:00,N,N4,57.99999999999999
2019-05-21T06:00:00,N,N4,72.99999999999999
2019-05-21T07:00:00,N,N4,79.99999999999997
2019-05-21T08:00:00,N,N4,94.0
2019-05-21T09:00:00,N,N4,99.0
2019-05-21T10:00:00,N,N4,100.00000000000004
2019-05-21T11:00:00,N,N4,100.00000000000004
2019-05-21T12:00:00,N,N4,77.00000000000001
2019-05-21T13:00:00,N,N4,70.00000000000003
2019-05-21T14:00:00,N,N4,72.99999999999999
2019-05-21T15:00:00,N,N4,80.2252367341951
2019-05-21T16:00:00,N,N4,93.00000000000004
2019-05-21T17:00:00,N,N4,105.99999999999996
2019-05-21T18:00:00,N,N4,101.99999999999996
2019-05-21T19:00:00,N,N4,81.00000000000003
2019-05-21T20:00:00,N,N4,76.0
2019-05-21T21:00:00,N,N4,59.99999999999999
2019-05-21T22:00:00,N,N4,52.00000000000001
2019-05-21T23:00:00,N,N4,52.00000000000001
2019-05-22T00:00:00,N,N4,46.99999999999999
2019-05-22T01:00:00,N,N4,46.99999999999999
2019-05-22T02:00:00,N,N4,44.99999999999999
2019-05-22T03:00:00,N,N4,44.99999999999999
2019-05-22T04:00:00,N,N4,44.99999999999999
2019-05-22T05:00:00,N,N4,44.99999999999999
2019-05-22T06:00:00,N,N4,59.000000000000014
2019-05-22T07:00:00,N,N4,68.00000000000001
2019-05-22T08:00:00,N,N4,85.00000000000001
2019-05-22T09:00:00,N,N4,90.0
2019-05-22T10:00:00,N,N4,92.0
2019-05-22T11:00:00,N,N4,96.0
2019-05-22T12:00:00,N,N4,76.0
2019-05-22T13:00:00,N,N4,71.0
2019-05-22T14:00:00,N,N4,72.99999999999999
2019-05-22T15:00:00,N,N4,83.00000000000003
2019-05-22T16:00:00,N,N4,83.00000000000003
2019-05-22T17:00:00,N,N4,110.00000000000004
2019-05-22T18:00:00,N,N4,95.0
2019-05-22T19:00:00,N,N4,85.00000000000001
2019-05-22T20:00:00,N,N4,69.00000000000001
2019-05-22T21:00:00,N,N4,63.99999999999998
2019-05-22T22:00:00,N,N4,59.000000000000014
2019-05-22T23:00:00,N,N4,59.000000000000014
2019-05-23T00:00:00,N,N4,48.99999999999999
2019-05-23T01:00:00,N,N4,48.99999999999999
2019-05-23T02:00:00,N,N4,48.99999999999999
2019-05-23T03:00:00,N,N4,48.99999999999999
2019-05-23T04:00:00,N,N4,48.99999999999999
2019-05-23T05:00:00,N,N4,48.99999999999999
2019-05-23T06:00:00,N,N4,62.00000000000001
2019-05-23T07:00:00,N,N4,68.00000000000001
2019-05-23T08:00:00,N,N4,82.00000000000001
2019-05-23T09:00:00,N,N4,85.00000000000001
2019-05-23T10:00:00,N,N4,90.0
2019-05-23T11:00:00,N,N4,99.0
2019-05-23T12:00:00,N,N4,77.00000000000001
2019-05-23T13:00:00,N,N4,68.00000000000001
2019-05-23T14:00:00,N,N4,79.0
2019-05-23T15:00:00,N,N4,79.0
2019-05-23T16:00:00,N,N4,82.00000000000001
2019-05-23T17:00:00,N,N4,111.99999999999996
2019-05-23T18:00:00,N,N4,97.0
2019-05-23T19:00:00,N,N4,82.00000000000001
2019-05-23T20:00:00,N,N4,72.0
2019-05-23T21:00:00,N,N4,65.99999999999997
2019-05-23T22:00:00,N,N4,57.00000000000001
2019-05-23T23:00:00,N,N4,57.00000000000001
2019-05-24T00:00:00,N,N4,49.99999999999999
2019-05-24T01:00:00,N,N4,49.99999999999999
2019-05-24T02:00:00,N,N4,49.99999999999999
2019-05-24T03:00:00,N,N4,49.99999999999999
2019-05-24T04:00:00,N,N4,49.99999999999999
2019-05-24T05:00:00,N,N4,49.99999999999999
2019-05-24T06:00:00,N,N4,56.00000000000002
2019-05-24T07:00:00,N,N4,62.00000000000001
2019-05-24T08:00:00,N,N4,74.00000000000003
2019-05-24T09:00:00,N,N4,85.00000000000001
2019-05-24T10:00:00,N,N4,87.0
2019-05-24T11:00:00,N,N4,92.0
2019-05-24T12:00:00,N,N4,78.0
2019-05-24T13:00:00,N,N4,65.99999999999997
2019-05-24T14:00:00,N,N4,78.0
2019-05-24T15:00:00,N,N4,81.00000000000003
2019-05-24T16:00:00,N,N4,90.0
2019-05-24T17:00:00,N,N4,110.00000000000004
2019-05-24T18:00:00,N,N4,100.00000000000004
2019-05-24T19:00:00,N,N4,79.99999999999997
2019-05-24T20:00:00,N,N4,70.00000000000003
2019-05-24T21:00:00,N,N4,64.99999999999999
2019-05-24T22:00:00,N,N4,52.00000000000001
2019-05-24T23:00:00,N,N4,46.99999999999999
2019-05-25T00:00:00,N,N4,46.99999999999999
2019-05-25T01:00:00,N,N4,46.99999999999999
2019-05-25T02:00:00,N,N4,46.99999999999999
2019-05-25T03:00:00,N,N4,46.99999999999999
2019-05-25T04:00:00,N,N4,46.99999999999999
2019-05-25T05:00:00,N,N4,52.00000000000001
2019-05-25T06:00:00,N,N4,65.99999999999997
2019-05-25T07:00:00,N,N4,87.0
2019-05-25T08:00:00,N,N4,85.00000000000001
2019-05-25T09:00:00,N,N4,83.00000000000003
2019-05-25T10:00:00,N,N4,95.0
2019-05-25T11:00:00,N,N4,98.00000000000004
2019-05-25T12:00:00,N,N4,79.99999999999997
2019-05-25T13:00:00,N,N4,69.00000000000001
2019-05-25T14:00:00,N,N4,64.99999999999999
2019-05-25T15:00:00,N,N4,70.00000000000003
2019-05-25T16:00:00,N,N4,81.00000000000003
2019-05-25T17:00:00,N,N4,96.0
2019-05-25T18:00:00,N,N4,96.0
2019-05-25T19:00:00,N,N4,96.0
2019-05-25T20:00:00,N,N4,74.99999999999997
2019-05-25T21:00:00,N,N4,64.99999999999999
2019-05-25T22:00:00,N,N4,55.000000000000014
2019-05-25T23:00:00,N,N4,55.000000000000014
2019-05-26T00:00:00,N,N4,55.000000000000014
2019-05-26T01:00:00,N,N4,55.000000000000014
2019-05-26T02:00:00,N,N4,55.000000000000014
2019-05-26T03:00:00,N,N4,46.99999999999999
2019-05-26T04:00:00,N,N4,46.99999999999999
2019-05-26T05:00:00,N,N4,46.99999999999999
2019-05-26T06:00:00,N,N4,56.00000000000002
2019-05-26T07:00:00,N,N4,70.00000000000003
2019-05-26T08:00:00,N,N4,74.99999999999997
2019-05-26T09:00:00,N,N4,74.00000000000003
2019-05-26T10:00:00,N,N4,79.99999999999997
2019-05-26T11:00:00,N,N4,87.0
2019-05-26T12:00:00,N,N4,72.0
2019-05-26T13:00:00,N,N4,62.00000000000001
2019-05-26T14:00:00,N,N4,57.00000000000001
2019-05-26T15:00:00,N,N4,57.00000000000001
2019-05-26T16:00:00,N,N4,66.99999999999997
2019-05-26T17:00:00,N,N4,99.0
2019-05-26T18:00:00,N,N4,99.0
2019-05-26T19:00:00,N,N4,88.00000000000003
2019-05-26T20:00:00,N,N4,78.0
2019-05-26T21:00:00,N,N4,68.00000000000001
2019-05-26T22:00:00,N,N4,59.99999999999999
2019-05-26T23:00:00,N,N4,52.00000000000001
2019-05-27T00:00:00,N,N4,52.00000000000001
2019-05-27T01:00:00,N,N4,52.00000000000001
2019-05-27T02:00:00,N,N4,52.00000000000001
2019-05-27T03:00:00,N,N4,52.00000000000001
2019-05-27T04:00:00,N,N4,52.00000000000001
2019-05-27T05:00:00,N,N4,52.00000000000001
2019-05-27T06:00:00,N,N4,64.99999999999999
2019-05-27T07:00:00,N,N4,74.00000000000003
2019-05-27T08:00:00,N,N4,88.00000000000003
2019-05-27T09:00:00,N,N4,94.0
2019-05-27T10:00:00,N,N4,95.0
2019-05-27T11:00:00,N,N4,111.99999999999996
2019-05-27T12:00:00,N,N4,88.99999999999999
2019-05-27T13:00:00,N,N4,81.00000000000003
2019-05-27T14:00:00,N,N4,90.99999999999996
2019-05-27T15:00:00,N,N4,90.99999999999996
2019-05-27T16:00:00,N,N4,90.99999999999996
2019-05-27T17:00:00,N,N4,125.00000000000004
2019-05-27T18:00:00,N,N4,125.00000000000004
2019-05-27T19:00:00,N,N4,95.0
2019-05-27T20:00:00,N,N4,85.00000000000001
2019-05-27T21:00:00,N,N4,74.99999999999997
2019-05-27T22:00:00,N,N4,44.99999999999999
2019-05-27T23:00:00,N,N4,48.00000000000001
2019-05-28T00:00:00,N,N4,42.99999999999998
2019-05-28T01:00:00,N,N4,42.99999999999998
2019-05-28T02:00:00,N,N4,42.99999999999998
2019-05-28T03:00:00,N,N4,59.000000000000014
2019-05-28T04:00:00,N,N4,44.99999999999999
2019-05-28T05:00:00,N,N4,48.00000000000001
2019-05-28T06:00:00,N,N4,44.99999999999999
2019-05-28T07:00:00,N,N4,48.99999999999999
2019-05-28T08:00:00,N,N4,78.0
2019-05-28T09:00:00,N,N4,72.99999999999999
2019-05-28T10:00:00,N,N4,85.99999999999997
2019-05-28T11:00:00,N,N4,88.00000000000003
2019-05-28T12:00:00,N,N4,78.0
2019-05-28T13:00:00,N,N4,69.00000000000001
2019-05-28T14:00:00,N,N4,79.99999999999997
2019-05-28T15:00:00,N,N4,79.99999999999997
2019-05-28T16:00:00,N,N4,97.0
2019-05-28T17:00:00,N,N4,115.0
2019-05-28T18:00:00,N,N4,92.0
2019-05-28T19:00:00,N,N4,79.99999999999997
2019-05-28T20:00:00,N,N4,66.99999999999997
2019-05-28T21:00:00,N,N4,62.00000000000001
2019-05-28T22:00:00,N,N4,62.00000000000001
2019-05-28T23:00:00,N,N4,56.00000000000002
2019-05-29T00:00:00,N,N4,51.00000000000002
2019-05-29T01:00:00,N,N4,51.00000000000002
2019-05-29T02:00:00,N,N4,51.00000000000002
2019-05-29T03:00:00,N,N4,51.00000000000002
2019-05-29T04:00:00,N,N4,51.00000000000002
2019-05-29T05:00:00,N,N4,51.00000000000002
2019-05-29T06:00:00,N,N4,72.0
2019-05-29T07:00:00,N,N4,74.00000000000003
2019-05-29T08:00:00,N,N4,82.00000000000001
2019-05-29T09:00:00,N,N4,88.00000000000003
2019-05-29T10:00:00,N,N4,95.0
2019-05-29T11:00:00,N,N4,100.00000000000004
2019-05-29T12:00:00,N,N4,83.99999999999999
2019-05-29T13:00:00,N,N4,70.00000000000003
2019-05-29T14:00:00,N,N4,83.00000000000003
2019-05-29T15:00:00,N,N4,82.00000000000001
2019-05-29T16:00:00,N,N4,82.00000000000001
2019-05-29T17:00:00,N,N4,101.99999999999996
2019-05-29T18:00:00,N,N4,90.0
2019-05-29T19:00:00,N,N4,77.00000000000001
2019-05-29T20:00:00,N,N4,69.00000000000001
2019-05-29T21:00:00,N,N4,62.00000000000001
2019-05-29T22:00:00,N,N4,59.000000000000014
2019-05-29T23:00:00,N,N4,59.000000000000014
2019-05-30T00:00:00,N,N4,54.00000000000001
2019-05-30T01:00:00,N,N4,53.00000000000001
2019-05-30T02:00:00,N,N4,53.00000000000001
2019-05-30T03:00:00,N,N4,53.00000000000001
2019-05-30T04:00:00,N,N4,53.00000000000001
2019-05-30T05:00:00,N,N4,57.99999999999999
2019-05-30T06:00:00,N,N4,57.99999999999999
2019-05-30T07:00:00,N,N4,79.0
2019-05-30T08:00:00,N,N4,88.99999999999999
2019-05-30T09:00:00,N,N4,100.00000000000004
2019-05-30T10:00:00,N,N4,93.00000000000004
2019-05-30T11:00:00,N,N4,99.0
2019-05-30T12:00:00,N,N4,88.00000000000003
2019-05-30T13:00:00,N,N4,81.00000000000003
2019-05-30T14:00:00,N,N4,82.00000000000001
2019-05-30T15:00:00,N,N4,76.0
2019-05-30T16:00:00,N,N4,97.0
2019-05-30T17:00:00,N,N4,100.00000000000004
2019-05-30T18:00:00,N,N4,100.00000000000004
2019-05-30T19:00:00,N,N4,79.99999999999997
2019-05-30T20:00:00,N,N4,66.99999999999997
2019-05-30T21:00:00,N,N4,62.00000000000001
2019-05-30T22:00:00,N,N4,62.00000000000001
2019-05-30T23:00:00,N,N4,57.00000000000001
2019-05-31T00:00:00,N,N4,51.00000000000002
2019-05-31T01:00:00,N,N4,51.00000000000002
2019-05-31T02:00:00,N,N4,51.00000000000002
2019-05-31T03:00:00,N,N4,46.00000000000002
2019-05-31T04:00:00,N,N4,42.99999999999998
2019-05-31T05:00:00,N,N4,48.00000000000001
2019-05-31T06:00:00,N,N4,62.99999999999999
2019-05-31T07:00:00,N,N4,66.99999999999997
2019-05-31T08:00:00,N,N4,79.99999999999997
2019-05-31T09:00:00,N,N4,85.99999999999997
2019-05-31T10:00:00,N,N4,88.00000000000003
2019-05-31T11:00:00,N,N4,95.0
2019-05-31T12:00:00,N,N4,95.0
2019-05-31T13:00:00,N,N4,69.00000000000001
2019-05-31T14:00:00,N,N4,74.99999999999997
2019-05-31T15:00:00,N,N4,77.00000000000001
2019-05-31T16:00:00,N,N4,79.99999999999997
2019-05-31T17:00:00,N,N4,111.99999999999996
2019-05-31T18:00:00,N,N4,103.0
2019-05-31T19:00:00,N,N4,79.99999999999997
2019-05-31T20:00:00,N,N4,70.00000000000003
2019-05-31T21:00:00,N,N4,64.99999999999999
2019-05-31T22:00:00,N,N4,55.000000000000014
2019-05-31T23:00:00,N,N4,55.000000000000014
2019-06-01T00:00:00,N,N4,49.99999999999999
2019-06-01T01:00:00,N,N4,49.99999999999999
2019-06-01T02:00:00,N,N4,49.99999999999999
2019-06-01T03:00:00,N,N4,49.99999999999999
2019-06-01T04:00:00,N,N4,49.99999999999999
2019-06-01T05:00:00,N,N4,55.000000000000014
2019-06-01T06:00:00,N,N4,57.99999999999999
2019-06-01T07:00:00,N,N4,70.00000000000003
2019-06-01T08:00:00,N,N4,85.99999999999997
2019-06-01T09:00:00,N,N4,88.00000000000003
2019-06-01T10:00:00,N,N4,88.99999999999999
2019-06-01T11:00:00,N,N4,90.0
2019-06-01T12:00:00,N,N4,76.0
2019-06-01T13:00:00,N,N4,68.00000000000001
2019-06-01T14:00:00,N,N4,69.00000000000001
2019-06-01T15:00:00,N,N4,69.00000000000001
2019-06-01T16:00:00,N,N4,69.00000000000001
2019-06-01T17:00:00,N,N4,108.99999999999996
2019-06-01T18:00:00,N,N4,108.99999999999996
2019-06-01T19:00:00,N,N4,108.99999999999996
2019-06-01T20:00:00,N,N4,69.00000000000001
2019-06-01T21:00:00,N,N4,63.99999999999998
2019-06-01T22:00:00,N,N4,59.000000000000014
2019-06-01T23:00:00,N,N4,54.00000000000001
2019-06-02T00:00:00,N,N4,55.00071450070734
2019-06-02T01:00:00,N,N4,57.49005714323184
2019-06-02T02:00:00,N,N4,61.59106622870852
2019-06-02T03:00:00,N,N4,66.26447289775491
2019-06-02T04:00:00,N,N4,71.06390287051187
2019-06-02T05:00:00,N,N4,80.25785883915994
2019-06-02T06:00:00,N,N4,101.22116872898636
2019-06-02T07:00:00,N,N4,111.99999999999996
2019-06-02T08:00:00,N,N4,111.99999999999996
2019-06-02T09:00:00,N,N4,111.99999999999996
2019-06-02T10:00:00,N,N4,117.00000000000004
2019-06-02T11:00:00,N,N4,117.00000000000004
2019-06-02T12:00:00,N,N4,104.99999999999996
2019-06-02T13:00:00,N,N4,92.0
2019-06-02T14:00:00,N,N4,85.99999999999997
2019-06-02T15:00:00,N,N4,85.99999999999997
2019-06-02T16:00:00,N,N4,107.8247585564559
2019-06-02T17:00:00,N,N4,152.99999999999997
2019-06-02T18:00:00,N,N4,146.99999999999997
2019-06-02T19:00:00,N,N4,122.00000000000004
2019-06-02T20:00:00,N,N4,101.99999999999996
2019-06-02T21:00:00,N,N4,97.0
2019-06-02T22:00:00,N,N4,92.0
2019-06-02T23:00:00,N,N4,92.0
2019-06-03T00:00:00,N,N4,92.0
2019-06-03T01:00:00,N,N4,81.99999999999994
2019-06-03T02:00:00,N,N4,81.99999999999994
2019-06-03T03:00:00,N,N4,82.00000000000001
2019-06-03T04:00:00,N,N4,82.00000000000001
2019-06-03T05:00:00,N,N4,87.0
2019-06-03T06:00:00,N,N4,117.00000000000004
2019-06-03T07:00:00,N,N4,118.00000000000004
2019-06-03T08:00:00,N,N4,121.00000000000004
2019-06-03T09:00:00,N,N4,129.99999999999997
2019-06-03T10:00:00,N,N4,130.99999999999994
2019-06-03T11:00:00,N,N4,152.0
2019-06-03T12:00:00,N,N4,128.99999999999997
2019-06-03T13:00:00,N,N4,105.99999999999996
2019-06-03T14:00:00,N,N4,108.99999999999996
2019-06-03T15:00:00,N,N4,104.99999999999996
2019-06-03T16:00:00,N,N4,122.99999999999994
2019-06-03T17:00:00,N,N4,180.0
2019-06-03T18:00:00,N,N4,154.00000000000006
2019-06-03T19:00:00,N,N4,133.99999999999986
2019-06-03T20:00:00,N,N4,114.00000000000004
2019-06-03T21:00:00,N,N4,104.0
2019-06-03T22:00:00,N,N4,94.0
2019-06-03T23:00:00,N,N4,94.0
2019-06-04T00:00:00,N,N4,83.99999999999999
2019-06-04T01:00:00,N,N4,83.99999999999999
2019-06-04T02:00:00,N,N4,83.99999999999999
2019-06-04T03:00:00,N,N4,83.99999999999999
2019-06-04T04:00:00,N,N4,83.99999999999999
2019-06-04T05:00:00,N,N4,83.99999999999999
2019-06-04T06:00:00,N,N4,119.99999999999996
2019-06-04T07:00:00,N,N4,118.00000000000004
2019-06-04T08:00:00,N,N4,127.0
2019-06-04T09:00:00,N,N4,125.00000000000004
2019-06-04T10:00:00,N,N4,133.0
2019-06-04T11:00:00,N,N4,139.99999999999994
2019-06-04T12:00:00,N,N4,124.00000000000004
2019-06-04T13:00:00,N,N4,104.0
2019-06-04T14:00:00,N,N4,108.00000000000004
2019-06-04T15:00:00,N,N4,97.0
2019-06-04T16:00:00,N,N4,122.00000000000004
2019-06-04T17:00:00,N,N4,159.99999999999994
2019-06-04T18:00:00,N,N4,159.99999999999994
2019-06-04T19:00:00,N,N4,135.00000000000003
2019-06-04T20:00:00,N,N4,114.00000000000004
2019-06-04T21:00:00,N,N4,99.0
2019-06-04T22:00:00,N,N4,87.0
2019-06-04T23:00:00,N,N4,79.99999999999997
2019-06-05T00:00:00,N,N4,74.99999999999997
2019-06-05T01:00:00,N,N4,74.00000000000003
2019-06-05T02:00:00,N,N4,74.00000000000003
2019-06-05T03:00:00,N,N4,74.00000000000003
2019-06-05T04:00:00,N,N4,74.00000000000003
2019-06-05T05:00:00,N,N4,92.0
2019-06-05T06:00:00,N,N4,108.99999999999996
2019-06-05T07:00:00,N,N4,110.99999999999996
2019-06-05T08:00:00,N,N4,124.00000000000004
2019-06-05T09:00:00,N,N4,130.99999999999994
2019-06-05T10:00:00,N,N4,130.99999999999994
2019-06-05T11:00:00,N,N4,137.00000000000003
2019-06-05T12:00:00,N,N4,121.00000000000004
2019-06-05T13:00:00,N,N4,100.00000000000004
2019-06-05T14:00:00,N,N4,104.0
2019-06-05T15:00:00,N,N4,119.99999999999996
2019-06-05T16:00:00,N,N4,122.99999999999994
2019-06-05T17:00:00,N,N4,184.00000000000009
2019-06-05T18:00:00,N,N4,184.00000000000009
2019-06-05T19:00:00,N,N4,142.99999999999994
2019-06-05T20:00:00,N,N4,127.99999999999996
2019-06-05T21:00:00,N,N4,108.00000000000004
2019-06-05T22:00:00,N,N4,92.0
2019-06-05T23:00:00,N,N4,92.0
2019-06-06T00:00:00,N,N4,87.0
2019-06-06T01:00:00,N,N4,79.99999999999997
2019-06-06T02:00:00,N,N4,79.99999999999997
2019-06-06T03:00:00,N,N4,79.99999999999997
2019-06-06T04:00:00,N,N4,79.99999999999997
2019-06-06T05:00:00,N,N4,87.0
2019-06-06T06:00:00,N,N4,119.99999999999996
2019-06-06T07:00:00,N,N4,116.0
2019-06-06T08:00:00,N,N4,124.00000000000004
2019-06-06T09:00:00,N,N4,133.0
2019-06-06T10:00:00,N,N4,131.99999999999997
2019-06-06T11:00:00,N,N4,146.99999999999997
2019-06-06T12:00:00,N,N4,131.99999999999997
2019-06-06T13:00:00,N,N4,105.99999999999996
2019-06-06T14:00:00,N,N4,117.00000000000004
2019-06-06T15:00:00,N,N4,113.00000000000004
2019-06-06T16:00:00,N,N4,125.00000000000004
2019-06-06T17:00:00,N,N4,194.00000000000003
2019-06-06T18:00:00,N,N4,194.00000000000003
2019-06-06T19:00:00,N,N4,147.99999999999994
2019-06-06T20:00:00,N,N4,118.00000000000004
2019-06-06T21:00:00,N,N4,113.00000000000004
2019-06-06T22:00:00,N,N4,92.0
2019-06-06T23:00:00,N,N4,87.0
2019-06-07T00:00:00,N,N4,87.0
2019-06-07T01:00:00,N,N4,79.99999999999997
2019-06-07T02:00:00,N,N4,79.99999999999997
2019-06-07T03:00:00,N,N4,79.99999999999997
2019-06-07T04:00:00,N,N4,79.99999999999997
2019-06-07T05:00:00,N,N4,100.00000000000004
2019-06-07T06:00:00,N,N4,119.99999999999996
2019-06-07T07:00:00,N,N4,124.00000000000004
2019-06-07T08:00:00,N,N4,124.00000000000004
2019-06-07T09:00:00,N,N4,127.0000000000001
2019-06-07T10:00:00,N,N4,127.99999999999996
2019-06-07T11:00:00,N,N4,149.0
2019-06-07T12:00:00,N,N4,130.99999999999994
2019-06-07T13:00:00,N,N4,110.99999999999996
2019-06-07T14:00:00,N,N4,111.99999999999996
2019-06-07T15:00:00,N,N4,114.00000000000004
2019-06-07T16:00:00,N,N4,114.00000000000004
2019-06-07T17:00:00,N,N4,179.0
2019-06-07T18:00:00,N,N4,179.0
2019-06-07T19:00:00,N,N4,179.0
2019-06-07T20:00:00,N,N4,122.00000000000004
2019-06-07T21:00:00,N,N4,105.99999999999996
2019-06-07T22:00:00,N,N4,92.0
2019-06-07T23:00:00,N,N4,87.0
2019-06-08T00:00:00,N,N4,87.0
2019-06-08T01:00:00,N,N4,87.0
2019-06-08T02:00:00,N,N4,79.99999999999997
2019-06-08T03:00:00,N,N4,79.99999999999997
2019-06-08T04:00:00,N,N4,79.99999999999997
2019-06-08T05:00:00,N,N4,87.0
2019-06-08T06:00:00,N,N4,117.00000000000004
2019-06-08T07:00:00,N,N4,128.99999999999997
2019-06-08T08:00:00,N,N4,127.99999999999996
2019-06-08T09:00:00,N,N4,128.99999999999997
2019-06-08T10:00:00,N,N4,137.00000000000003
2019-06-08T11:00:00,N,N4,141.00000000000003
2019-06-08T12:00:00,N,N4,121.00000000000004
2019-06-08T13:00:00,N,N4,117.00000000000004
2019-06-08T14:00:00,N,N4,111.99999999999996
2019-06-08T15:00:00,N,N4,111.99999999999996
2019-06-08T16:00:00,N,N4,119.99999999999996
2019-06-08T17:00:00,N,N4,161.00000000000003
2019-06-08T18:00:00,N,N4,161.00000000000003
2019-06-08T19:00:00,N,N4,130.99999999999994
2019-06-08T20:00:00,N,N4,116.0
2019-06-08T21:00:00,N,N4,105.99999999999996
2019-06-08T22:00:00,N,N4,100.00000000000004
2019-06-08T23:00:00,N,N4,96.0
2019-06-09T00:00:00,N,N4,90.0
2019-06-09T01:00:00,N,N4,86.00000000000004
2019-06-09T02:00:00,N,N4,85.99999999999997
2019-06-09T03:00:00,N,N4,86.00000000000004
2019-06-09T04:00:00,N,N4,85.99999999999997
2019-06-09T05:00:00,N,N4,85.99999999999997
2019-06-09T06:00:00,N,N4,106.99999999999996
2019-06-09T07:00:00,N,N4,106.99999999999996
2019-06-09T08:00:00,N,N4,91.29590660566843
2019-06-09T09:00:00,N,N4,95.26636187891287
2019-06-09T10:00:00,N,N4,168.0785394256614
2019-06-09T11:00:00,N,N4,181.6339631182007
2019-06-09T12:00:00,N,N4,171.14857698533095
2019-06-09T13:00:00,N,N4,164.00000000000006
2019-06-09T14:00:00,N,N4,164.00000000000006
2019-06-09T15:00:00,N,N4,152.0
2019-06-09T16:00:00,N,N4,152.0
2019-06-09T17:00:00,N,N4,149.99999999999997
2019-06-09T18:00:00,N,N4,149.99999999999997
2019-06-09T19:00:00,N,N4,129.99999999999997
2019-06-09T20:00:00,N,N4,111.99999999999996
2019-06-09T21:00:00,N,N4,100.00000000000004
2019-06-09T22:00:00,N,N4,96.0
2019-06-09T23:00:00,N,N4,90.99999999999996
2019-06-10T00:00:00,N,N4,85.99999999999997
2019-06-10T01:00:00,N,N4,85.99999999999997
2019-06-10T02:00:00,N,N4,86.00000000000004
2019-06-10T03:00:00,N,N4,86.00000000000004
2019-06-10T04:00:00,N,N4,85.99999999999997
2019-06-10T05:00:00,N,N4,90.0
2019-06-10T06:00:00,N,N4,117.00000000000004
2019-06-10T07:00:00,N,N4,117.00000000000004
2019-06-10T08:00:00,N,N4,127.99999999999996
2019-06-10T09:00:00,N,N4,127.99999999999996
2019-06-10T10:00:00,N,N4,127.99999999999996
2019-06-10T11:00:00,N,N4,139.99999999999994
2019-06-10T12:00:00,N,N4,126.0
2019-06-10T13:00:00,N,N4,110.00000000000004
2019-06-10T14:00:00,N,N4,122.00000000000004
2019-06-10T15:00:00,N,N4,122.00000000000004
2019-06-10T16:00:00,N,N4,122.00000000000004
2019-06-10T17:00:00,N,N4,176.99999999999994
2019-06-10T18:00:00,N,N4,164.99999999999994
2019-06-10T19:00:00,N,N4,139.99999999999994
2019-06-10T20:00:00,N,N4,111.99999999999996
2019-06-10T21:00:00,N,N4,104.99999999999996
2019-06-10T22:00:00,N,N4,100.00000000000004
2019-06-10T23:00:00,N,N4,95.0
2019-06-11T00:00:00,N,N4,90.0
2019-06-11T01:00:00,N,N4,90.0
2019-06-11T02:00:00,N,N4,90.0
2019-06-11T03:00:00,N,N4,90.0
2019-06-11T04:00:00,N,N4,90.0
2019-06-11T05:00:00,N,N4,95.0
2019-06-11T06:00:00,N,N4,125.00000000000004
2019-06-11T07:00:00,N,N4,137.00000000000003
2019-06-11T08:00:00,N,N4,128.99999999999997
2019-06-11T09:00:00,N,N4,124.00000000000004
2019-06-11T10:00:00,N,N4,131.99999999999997
2019-06-11T11:00:00,N,N4,131.99999999999997
2019-06-11T12:00:00,N,N4,127.0
2019-06-11T13:00:00,N,N4,116.0
2019-06-11T14:00:00,N,N4,126.0
2019-06-11T15:00:00,N,N4,126.0
2019-06-11T16:00:00,N,N4,129.99999999999997
2019-06-11T17:00:00,N,N4,170.00000000000006
2019-06-11T18:00:00,N,N4,123.94223882373542
2019-06-11T19:00:00,N,N4,110.97696400848112
2019-06-11T20:00:00,N,N4,127.99999999999996
2019-06-11T21:00:00,N,N4,111.99999999999996
2019-06-11T22:00:00,N,N4,108.99999999999996
2019-06-11T23:00:00,N,N4,99.0
2019-06-12T00:00:00,N,N4,95.0
2019-06-12T01:00:00,N,N4,94.0
2019-06-12T02:00:00,N,N4,94.0
2019-06-12T03:00:00,N,N4,94.0
2019-06-12T04:00:00,N,N4,94.0
2019-06-12T05:00:00,N,N4,114.00000000000004
2019-06-12T06:00:00,N,N4,136.00000000000006
2019-06-12T07:00:00,N,N4,127.99999999999996
2019-06-12T08:00:00,N,N4,133.0
2019-06-12T09:00:00,N,N4,129.99999999999997
2019-06-12T10:00:00,N,N4,142.00000000000003
2019-06-12T11:00:00,N,N4,144.99999999999997
2019-06-12T12:00:00,N,N4,138.99999999999997
2019-06-12T13:00:00,N,N4,119.99999999999996
2019-06-12T14:00:00,N,N4,126.0
2019-06-12T15:00:00,N,N4,119.00000000000004
2019-06-12T16:00:00,N,N4,130.99999999999994
2019-06-12T17:00:00,N,N4,158.00000000000003
2019-06-12T18:00:00,N,N4,184.99999999999991
2019-06-12T19:00:00,N,N4,149.99999999999997
2019-06-12T20:00:00,N,N4,149.99999999999997
2019-06-12T21:00:00,N,N4,119.99999999999996
2019-06-12T22:00:00,N,N4,104.99999999999996
2019-06-12T23:00:00,N,N4,100.00000000000004
2019-06-13T00:00:00,N,N4,95.0
2019-06-13T01:00:00,N,N4,95.0
2019-06-13T02:00:00,N,N4,95.0
2019-06-13T03:00:00,N,N4,95.0
2019-06-13T04:00:00,N,N4,95.0
2019-06-13T05:00:00,N,N4,108.99999999999996
2019-06-13T06:00:00,N,N4,125.00000000000004
2019-06-13T07:00:00,N,N4,128.99999999999997
2019-06-13T08:00:00,N,N4,133.0
2019-06-13T09:00:00,N,N4,125.00000000000004
2019-06-13T10:00:00,N,N4,139.99999999999994
2019-06-13T11:00:00,N,N4,156.0
2019-06-13T12:00:00,N,N4,137.00000000000003
2019-06-13T13:00:00,N,N4,117.00000000000004
2019-06-13T14:00:00,N,N4,127.99999999999996
2019-06-13T15:00:00,N,N4,121.00000000000004
2019-06-13T16:00:00,N,N4,129.99999999999997
2019-06-13T17:00:00,N,N4,187.00000000000003
2019-06-13T18:00:00,N,N4,187.00000000000003
2019-06-13T19:00:00,N,N4,109.35972093396482
2019-06-13T20:00:00,N,N4,96.45454545454544
2019-06-13T21:00:00,N,N4,89.72727272727273
2019-06-13T22:00:00,N,N4,78.09090909090911
2019-06-13T23:00:00,N,N4,73.0909090909091
2019-06-14T00:00:00,N,N4,70.54545454545455
2019-06-14T01:00:00,N,N4,69.00000000000001
2019-06-14T02:00:00,N,N4,67.63636363636364
2019-06-14T03:00:00,N,N4,66.9090909090909
2019-06-14T04:00:00,N,N4,66.63636363636364
2019-06-14T05:00:00,N,N4,72.09090909090911
2019-06-14T06:00:00,N,N4,85.0
2019-06-14T07:00:00,N,N4,127.99999999999996
2019-06-14T08:00:00,N,N4,131.99999999999997
2019-06-14T09:00:00,N,N4,139.99999999999994
2019-06-14T10:00:00,N,N4,149.99999999999997
2019-06-14T11:00:00,N,N4,166.00000000000006
2019-06-14T12:00:00,N,N4,142.99999999999994
2019-06-14T13:00:00,N,N4,127.99999999999996
2019-06-14T14:00:00,N,N4,141.00000000000003
2019-06-14T15:00:00,N,N4,138.00000000000006
2019-06-14T16:00:00,N,N4,135.00000000000003
2019-06-14T17:00:00,N,N4,198.0
2019-06-14T18:00:00,N,N4,170.00000000000006
2019-06-14T19:00:00,N,N4,154.00000000000006
2019-06-14T20:00:00,N,N4,133.99999999999997
2019-06-14T21:00:00,N,N4,127.0
2019-06-14T22:00:00,N,N4,111.99999999999996
2019-06-14T23:00:00,N,N4,111.99999999999996
2019-06-15T00:00:00,N,N4,96.0
2019-06-15T01:00:00,N,N4,96.0
2019-06-15T02:00:00,N,N4,96.0
2019-06-15T03:00:00,N,N4,96.0
2019-06-15T04:00:00,N,N4,96.0
2019-06-15T05:00:00,N,N4,96.0
2019-06-15T06:00:00,N,N4,117.00000000000004
2019-06-15T07:00:00,N,N4,119.99999999999996
2019-06-15T08:00:00,N,N4,127.0
2019-06-15T09:00:00,N,N4,131.99999999999997
2019-06-15T10:00:00,N,N4,139.99999999999994
2019-06-15T11:00:00,N,N4,139.99999999999994
2019-06-15T12:00:00,N,N4,129.99999999999997
2019-06-15T13:00:00,N,N4,117.00000000000004
2019-06-15T14:00:00,N,N4,122.00000000000004
2019-06-15T15:00:00,N,N4,122.00000000000004
2019-06-15T16:00:00,N,N4,129.99999999999997
2019-06-15T17:00:00,N,N4,176.99999999999994
2019-06-15T18:00:00,N,N4,176.99999999999994
2019-06-15T19:00:00,N,N4,151.0
2019-06-15T20:00:00,N,N4,130.99999999999994
2019-06-15T21:00:00,N,N4,121.00000000000004
2019-06-15T22:00:00,N,N4,121.00000000000004
2019-06-15T23:00:00,N,N4,110.00000000000004
2019-06-16T00:00:00,N,N4,110.00000000000004
2019-06-16T01:00:00,N,N4,101.00000000000004
2019-06-16T02:00:00,N,N4,101.00000000000004
2019-06-16T03:00:00,N,N4,101.00000000000004
2019-06-16T04:00:00,N,N4,101.00000000000004
2019-06-16T05:00:00,N,N4,101.00000000000004
2019-06-16T06:00:00,N,N4,116.0
2019-06-16T07:00:00,N,N4,122.00000000000004
2019-06-16T08:00:00,N,N4,122.00000000000004
2019-06-16T09:00:00,N,N4,122.00000000000004
2019-06-16T10:00:00,N,N4,127.0000000000001
2019-06-16T11:00:00,N,N4,131.99999999999997
2019-06-16T12:00:00,N,N4,117.00000000000004
2019-06-16T13:00:00,N,N4,106.99999999999996
2019-06-16T14:00:00,N,N4,103.0
2019-06-16T15:00:00,N,N4,103.0
2019-06-16T16:00:00,N,N4,103.0
2019-06-16T17:00:00,N,N4,164.00000000000006
2019-06-16T18:00:00,N,N4,164.00000000000006
2019-06-16T19:00:00,N,N4,164.00000000000006
2019-06-16T20:00:00,N,N4,133.99999999999997
2019-06-16T21:00:00,N,N4,133.99999999999997
2019-06-16T22:00:00,N,N4,104.99999999999996
2019-06-16T23:00:00,N,N4,100.00000000000004
2019-06-17T00:00:00,N,N4,100.00000000000004
2019-06-17T01:00:00,N,N4,92.0
2019-06-17T02:00:00,N,N4,92.0
2019-06-17T03:00:00,N,N4,92.0
2019-06-17T04:00:00,N,N4,92.0
2019-06-17T05:00:00,N,N4,100.00000000000004
2019-06-17T06:00:00,N,N4,124.00000000000004
2019-06-17T07:00:00,N,N4,124.00000000000004
2019-06-17T08:00:00,N,N4,124.00000000000004
2019-06-17T09:00:00,N,N4,131.99999999999997
2019-06-17T10:00:00,N,N4,142.00000000000003
2019-06-17T11:00:00,N,N4,149.99999999999997
2019-06-17T12:00:00,N,N4,124.00000000000004
2019-06-17T13:00:00,N,N4,124.00000000000004
2019-06-17T14:00:00,N,N4,118.00000000000004
2019-06-17T15:00:00,N,N4,119.99999999999996
2019-06-17T16:00:00,N,N4,126.0
2019-06-17T17:00:00,N,N4,154.00000000000006
2019-06-17T18:00:00,N,N4,168.77536465878515
2019-06-17T19:00:00,N,N4,161.99999999999994
2019-06-17T20:00:00,N,N4,144.99999999999997
2019-06-17T21:00:00,N,N4,131.99999999999997
2019-06-17T22:00:00,N,N4,113.00000000000004
2019-06-17T23:00:00,N,N4,100.00000000000004
2019-06-18T00:00:00,N,N4,92.0
2019-06-18T01:00:00,N,N4,100.00000000000004
2019-06-18T02:00:00,N,N4,100.00000000000004
2019-06-18T03:00:00,N,N4,100.00000000000004
2019-06-18T04:00:00,N,N4,100.00000000000004
2019-06-18T05:00:00,N,N4,117.00000000000004
2019-06-18T06:00:00,N,N4,136.00000000000006
2019-06-18T07:00:00,N,N4,127.99999999999996
2019-06-18T08:00:00,N,N4,133.99999999999997
2019-06-18T09:00:00,N,N4,131.99999999999997
2019-06-18T10:00:00,N,N4,156.99999999999994
2019-06-18T11:00:00,N,N4,167.0000000000002
2019-06-18T12:00:00,N,N4,141.00000000000003
2019-06-18T13:00:00,N,N4,124.00000000000004
2019-06-18T14:00:00,N,N4,136.00000000000006
2019-06-18T15:00:00,N,N4,130.99999999999994
2019-06-18T16:00:00,N,N4,137.00000000000003
2019-06-18T17:00:00,N,N4,170.49275130518492
2019-06-18T18:00:00,N,N4,177.89739275761647
2019-06-18T19:00:00,N,N4,163.21959727171733
2019-06-18T20:00:00,N,N4,152.0
2019-06-18T21:00:00,N,N4,131.99999999999997
2019-06-18T22:00:00,N,N4,119.99999999999996
2019-06-18T23:00:00,N,N4,111.99999999999996
2019-06-19T00:00:00,N,N4,104.99999999999996
2019-06-19T01:00:00,N,N4,104.99999999999996
2019-06-19T02:00:00,N,N4,104.99999999999996
2019-06-19T03:00:00,N,N4,100.00000000000004
2019-06-19T04:00:00,N,N4,100.00000000000004
2019-06-19T05:00:00,N,N4,117.00000000000004
2019-06-19T06:00:00,N,N4,135.00000000000003
2019-06-19T07:00:00,N,N4,131.99999999999997
2019-06-19T08:00:00,N,N4,133.99999999999997
2019-06-19T09:00:00,N,N4,144.99999999999997
2019-06-19T10:00:00,N,N4,151.0
2019-06-19T11:00:00,N,N4,170.00000000000006
2019-06-19T12:00:00,N,N4,138.99999999999997
2019-06-19T13:00:00,N,N4,116.0
2019-06-19T14:00:00,N,N4,118.00000000000004
2019-06-19T15:00:00,N,N4,119.00000000000004
2019-06-19T16:00:00,N,N4,127.0
2019-06-19T17:00:00,N,N4,149.99999999999997
2019-06-19T18:00:00,N,N4,175.99999999999991
2019-06-19T19:00:00,N,N4,149.83766509879467
2019-06-19T20:00:00,N,N4,127.99999999999996
2019-06-19T21:00:00,N,N4,113.00000000000004
2019-06-19T22:00:00,N,N4,100.00000000000004
2019-06-19T23:00:00,N,N4,93.00000000000004
2019-06-20T00:00:00,N,N4,87.0
2019-06-20T01:00:00,N,N4,87.0
2019-06-20T02:00:00,N,N4,87.0
2019-06-20T03:00:00,N,N4,87.0
2019-06-20T04:00:00,N,N4,87.0
2019-06-20T05:00:00,N,N4,100.00000000000004
2019-06-20T06:00:00,N,N4,122.99999999999994
2019-06-20T07:00:00,N,N4,125.00000000000004
2019-06-20T08:00:00,N,N4,125.00000000000004
2019-06-20T09:00:00,N,N4,121.00000000000004
2019-06-20T10:00:00,N,N4,133.0
2019-06-20T11:00:00,N,N4,144.99999999999997
2019-06-20T12:00:00,N,N4,127.0
2019-06-20T13:00:00,N,N4,104.0
2019-06-20T14:00:00,N,N4,118.00000000000004
2019-06-20T15:00:00,N,N4,121.00000000000004
2019-06-20T16:00:00,N,N4,121.00000000000004
2019-06-20T17:00:00,N,N4,152.99999999999997
2019-06-20T18:00:00,N,N4,166.9398098462166
2019-06-20T19:00:00,N,N4,159.0
2019-06-20T20:00:00,N,N4,128.99999999999997
2019-06-20T21:00:00,N,N4,119.00000000000004
2019-06-20T22:00:00,N,N4,104.0
2019-06-20T23:00:00,N,N4,93.00000000000004
2019-06-21T00:00:00,N,N4,93.00000000000004
2019-06-21T01:00:00,N,N4,88.00000000000003
2019-06-21T02:00:00,N,N4,88.00000000000003
2019-06-21T03:00:00,N,N4,88.00000000000003
2019-06-21T04:00:00,N,N4,88.00000000000003
2019-06-21T05:00:00,N,N4,93.00000000000004
2019-06-21T06:00:00,N,N4,121.00000000000004
2019-06-21T07:00:00,N,N4,124.00000000000004
2019-06-21T08:00:00,N,N4,129.99999999999997
2019-06-21T09:00:00,N,N4,139.99999999999994
2019-06-21T10:00:00,N,N4,139.99999999999994
2019-06-21T11:00:00,N,N4,149.99999999999997
2019-06-21T12:00:00,N,N4,142.00000000000003
2019-06-21T13:00:00,N,N4,122.99999999999994
2019-06-21T14:00:00,N,N4,133.99999999999997
2019-06-21T15:00:00,N,N4,130.99999999999994
2019-06-21T16:00:00,N,N4,137.00000000000003
2019-06-21T17:00:00,N,N4,138.99999999999997
2019-06-21T18:00:00,N,N4,184.99999999999991
2019-06-21T19:00:00,N,N4,152.0
2019-06-21T20:00:00,N,N4,139.99999999999994
2019-06-21T21:00:00,N,N4,127.0
2019-06-21T22:00:00,N,N4,122.00000000000004
2019-06-21T23:00:00,N,N4,111.99999999999996
2019-06-22T00:00:00,N,N4,106.99999999999996
2019-06-22T01:00:00,N,N4,101.99999999999996
2019-06-22T02:00:00,N,N4,101.99999999999996
2019-06-22T03:00:00,N,N4,101.99999999999996
2019-06-22T04:00:00,N,N4,101.99999999999996
2019-06-22T05:00:00,N,N4,101.99999999999996
2019-06-22T06:00:00,N,N4,138.99999999999997
2019-06-22T07:00:00,N,N4,139.99999999999994
2019-06-22T08:00:00,N,N4,139.99999999999994
2019-06-22T09:00:00,N,N4,144.99999999999997
2019-06-22T10:00:00,N,N4,147.99999999999994
2019-06-22T11:00:00,N,N4,156.99999999999994
2019-06-22T12:00:00,N,N4,135.00000000000003
2019-06-22T13:00:00,N,N4,131.99999999999997
2019-06-22T14:00:00,N,N4,130.99999999999994
2019-06-22T15:00:00,N,N4,130.99999999999994
2019-06-22T16:00:00,N,N4,137.00000000000003
2019-06-22T17:00:00,N,N4,170.00000000000006
2019-06-22T18:00:00,N,N4,180.0
2019-06-22T19:00:00,N,N4,155.00000000000003
2019-06-22T20:00:00,N,N4,131.99999999999997
2019-06-22T21:00:00,N,N4,127.0
2019-06-22T22:00:00,N,N4,119.99999999999996
2019-06-22T23:00:00,N,N4,115.0
2019-06-23T00:00:00,N,N4,103.0
2019-06-23T01:00:00,N,N4,97.0
2019-06-23T02:00:00,N,N4,96.99999999999991
2019-06-23T03:00:00,N,N4,97.0
2019-06-23T04:00:00,N,N4,97.0
2019-06-23T05:00:00,N,N4,96.99999999999991
2019-06-23T06:00:00,N,N4,127.99999999999996
2019-06-23T07:00:00,N,N4,125.00000000000004
2019-06-23T08:00:00,N,N4,85.00000000000001
2019-06-23T09:00:00,N,N4,92.70813964849312
2019-06-23T10:00:00,N,N4,101.563456520397
2019-06-23T11:00:00,N,N4,103.0797369814996
2019-06-23T12:00:00,N,N4,94.45739883894832
2019-06-23T13:00:00,N,N4,84.85779407878745
2019-06-23T14:00:00,N,N4,82.26242869995322
2019-06-23T15:00:00,N,N4,81.1747271301051
2019-06-23T16:00:00,N,N4,82.00000000000001
2019-06-23T17:00:00,N,N4,104.99999999999996
2019-06-23T18:00:00,N,N4,100.00000000000004
2019-06-23T19:00:00,N,N4,94.0
2019-06-23T20:00:00,N,N4,85.00000000000001
2019-06-23T21:00:00,N,N4,74.99999999999997
2019-06-23T22:00:00,N,N4,72.99999999999999
2019-06-23T23:00:00,N,N4,68.00000000000001
2019-06-24T00:00:00,N,N4,59.99999999999999
2019-06-24T01:00:00,N,N4,55.000000000000014
2019-06-24T02:00:00,N,N4,55.000000000000014
2019-06-24T03:00:00,N,N4,56.00000000000002
2019-06-24T04:00:00,N,N4,54.00000000000001
2019-06-24T05:00:00,N,N4,62.00000000000001
2019-06-24T06:00:00,N,N4,72.0
2019-06-24T07:00:00,N,N4,72.99999999999999
2019-06-24T08:00:00,N,N4,79.99999999999997
2019-06-24T09:00:00,N,N4,83.99999999999999
2019-06-24T10:00:00,N,N4,81.00000000000003
2019-06-24T11:00:00,N,N4,99.0
2019-06-24T12:00:00,N,N4,88.00000000000003
2019-06-24T13:00:00,N,N4,79.99999999999997
2019-06-24T14:00:00,N,N4,96.0
2019-06-24T15:00:00,N,N4,85.99999999999997
2019-06-24T16:00:00,N,N4,88.99999999999999
2019-06-24T17:00:00,N,N4,100.00000000000004
2019-06-24T18:00:00,N,N4,125.00000000000004
2019-06-24T19:00:00,N,N4,110.00000000000004
2019-06-24T20:00:00,N,N4,90.0
2019-06-24T21:00:00,N,N4,85.00000000000001
2019-06-24T22:00:00,N,N4,79.99999999999997
2019-06-24T23:00:00,N,N4,74.99999999999997
2019-06-25T00:00:00,N,N4,74.99999999999997
2019-06-25T01:00:00,N,N4,70.00000000000003
2019-06-25T02:00:00,N,N4,70.00000000000003
2019-06-25T03:00:00,N,N4,70.00000000000003
2019-06-25T04:00:00,N,N4,70.00000000000003
2019-06-25T05:00:00,N,N4,70.00000000000003
2019-06-25T06:00:00,N,N4,79.99999999999997
2019-06-25T07:00:00,N,N4,88.00000000000003
2019-06-25T08:00:00,N,N4,88.00000000000003
2019-06-25T09:00:00,N,N4,90.0
2019-06-25T10:00:00,N,N4,96.0
2019-06-25T11:00:00,N,N4,104.0
2019-06-25T12:00:00,N,N4,93.00000000000004
2019-06-25T13:00:00,N,N4,87.0
2019-06-25T14:00:00,N,N4,95.0
2019-06-25T15:00:00,N,N4,94.0
2019-06-25T16:00:00,N,N4,104.0
2019-06-25T17:00:00,N,N4,119.00000000000004
2019-06-25T18:00:00,N,N4,104.99999999999996
2019-06-25T19:00:00,N,N4,84.03771575246242
2019-06-25T20:00:00,N,N4,66.99999999999997
2019-06-25T21:00:00,N,N4,63.99999999999998
2019-06-25T22:00:00,N,N4,55.000000000000014
2019-06-25T23:00:00,N,N4,55.000000000000014
2019-06-26T00:00:00,N,N4,49.99999999999999
2019-06-26T01:00:00,N,N4,49.99999999999999
2019-06-26T02:00:00,N,N4,49.99999999999999
2019-06-26T03:00:00,N,N4,44.99999999999999
2019-06-26T04:00:00,N,N4,44.99999999999999
2019-06-26T05:00:00,N,N4,46.00000000000002
2019-06-26T06:00:00,N,N4,59.8150069273792
2019-06-26T07:00:00,N,N4,63.84776752998822
2019-06-26T08:00:00,N,N4,71.78716878310951
2019-06-26T09:00:00,N,N4,73.77837271709791
2019-06-26T10:00:00,N,N4,111.75
2019-06-26T11:00:00,N,N4,83.05311302100743
2019-06-26T12:00:00,N,N4,70.81263262872943
2019-06-26T13:00:00,N,N4,60.66813677924227
2019-06-26T14:00:00,N,N4,64.99999999999999
2019-06-26T15:00:00,N,N4,74.99999999999997
2019-06-26T16:00:00,N,N4,79.0
2019-06-26T17:00:00,N,N4,99.81185731753848
2019-06-26T18:00:00,N,N4,100.00000000000004
2019-06-26T19:00:00,N,N4,90.0
2019-06-26T20:00:00,N,N4,79.99999999999997
2019-06-26T21:00:00,N,N4,70.00000000000003
2019-06-26T22:00:00,N,N4,64.99999999999999
2019-06-26T23:00:00,N,N4,59.99999999999999
2019-06-27T00:00:00,N,N4,55.000000000000014
2019-06-27T01:00:00,N,N4,55.000000000000014
2019-06-27T02:00:00,N,N4,55.000000000000014
2019-06-27T03:00:00,N,N4,55.000000000000014
2019-06-27T04:00:00,N,N4,55.000000000000014
2019-06-27T05:00:00,N,N4,55.000000000000014
2019-06-27T06:00:00,N,N4,69.00000000000001
2019-06-27T07:00:00,N,N4,74.99999999999997
2019-06-27T08:00:00,N,N4,79.0
2019-06-27T09:00:00,N,N4,83.00000000000003
2019-06-27T10:00:00,N,N4,85.00000000000001
2019-06-27T11:00:00,N,N4,97.0
2019-06-27T12:00:00,N,N4,82.00000000000001
2019-06-27T13:00:00,N,N4,72.99999999999999
2019-06-27T14:00:00,N,N4,82.00000000000001
2019-06-27T15:00:00,N,N4,76.0
2019-06-27T16:00:00,N,N4,82.00000000000001
2019-06-27T17:00:00,N,N4,104.0
2019-06-27T18:00:00,N,N4,104.0
2019-06-27T19:00:00,N,N4,90.99999999999996
2019-06-27T20:00:00,N,N4,74.99999999999997
2019-06-27T21:00:00,N,N4,70.00000000000003
2019-06-27T22:00:00,N,N4,64.99999999999999
2019-06-27T23:00:00,N,N4,59.99999999999999
2019-06-28T00:00:00,N,N4,59.99999999999999
2019-06-28T01:00:00,N,N4,55.000000000000014
2019-06-28T02:00:00,N,N4,55.000000000000014
2019-06-28T03:00:00,N,N4,55.000000000000014
2019-06-28T04:00:00,N,N4,55.000000000000014
2019-06-28T05:00:00,N,N4,55.000000000000014
2019-06-28T06:00:00,N,N4,65.99999999999997
2019-06-28T07:00:00,N,N4,74.00000000000003
2019-06-28T08:00:00,N,N4,79.99999999999997
2019-06-28T09:00:00,N,N4,82.00000000000001
2019-06-28T10:00:00,N,N4,88.00000000000003
2019-06-28T11:00:00,N,N4,98.00000000000004
2019-06-28T12:00:00,N,N4,85.99999999999997
2019-06-28T13:00:00,N,N4,77.00000000000001
2019-06-28T14:00:00,N,N4,92.0
2019-06-28T15:00:00,N,N4,90.0
2019-06-28T16:00:00,N,N4,87.0
2019-06-28T17:00:00,N,N4,122.00000000000004
2019-06-28T18:00:00,N,N4,122.00000000000004
2019-06-28T19:00:00,N,N4,101.99999999999996
2019-06-28T20:00:00,N,N4,97.0
2019-06-28T21:00:00,N,N4,82.00000000000001
2019-06-28T22:00:00,N,N4,77.00000000000001
2019-06-28T23:00:00,N,N4,77.00000000000001
2019-06-29T00:00:00,N,N4,77.00000000000001
2019-06-29T01:00:00,N,N4,63.99999999999998
2019-06-29T02:00:00,N,N4,63.99999999999998
2019-06-29T03:00:00,N,N4,63.99999999999998
2019-06-29T04:00:00,N,N4,63.99999999999998
2019-06-29T05:00:00,N,N4,63.99999999999998
2019-06-29T06:00:00,N,N4,79.99999999999997
2019-06-29T07:00:00,N,N4,83.00000000000003
2019-06-29T08:00:00,N,N4,95.0
2019-06-29T09:00:00,N,N4,100.00000000000004
2019-06-29T10:00:00,N,N4,100.00000000000004
2019-06-29T11:00:00,N,N4,108.99999999999996
2019-06-29T12:00:00,N,N4,90.0
2019-06-29T13:00:00,N,N4,85.00000000000001
2019-06-29T14:00:00,N,N4,90.0
2019-06-29T15:00:00,N,N4,90.0
2019-06-29T16:00:00,N,N4,95.0
2019-06-29T17:00:00,N,N4,119.99999999999996
2019-06-29T18:00:00,N,N4,115.0
2019-06-29T19:00:00,N,N4,100.00000000000004
2019-06-29T20:00:00,N,N4,95.0
2019-06-29T21:00:00,N,N4,90.0
2019-06-29T22:00:00,N,N4,85.00000000000001
2019-06-29T23:00:00,N,N4,85.00000000000001
2019-06-30T00:00:00,N,N4,74.99999999999997
2019-06-30T01:00:00,N,N4,72.99999999999999
2019-06-30T02:00:00,N,N4,72.99999999999999
2019-06-30T03:00:00,N,N4,72.99999999999999
2019-06-30T04:00:00,N,N4,72.99999999999999
2019-06-30T05:00:00,N,N4,72.99999999999999
2019-06-30T06:00:00,N,N4,68.00000000000001
2019-06-30T07:00:00,N,N4,68.00000000000001
2019-06-30T08:00:00,N,N4,74.99999999999997
2019-06-30T09:00:00,N,N4,85.00000000000001
2019-06-30T10:00:00,N,N4,90.0
2019-06-30T11:00:00,N,N4,90.0
2019-06-30T12:00:00,N,N4,85.00000000000001
2019-06-30T13:00:00,N,N4,74.99999999999997
2019-06-30T14:00:00,N,N4,74.99999999999997
2019-06-30T15:00:00,N,N4,74.99999999999997
2019-06-30T16:00:00,N,N4,79.99999999999997
2019-06-30T17:00:00,N,N4,101.99999999999996
2019-06-30T18:00:00,N,N4,101.99999999999996
2019-06-30T19:00:00,N,N4,96.0
2019-06-30T20:00:00,N,N4,96.0
2019-06-30T21:00:00,N,N4,81.00000000000003
2019-06-30T22:00:00,N,N4,71.0
2019-06-30T23:00:00,N,N4,62.00000000000001
2019-07-01T00:00:00,N,N4,62.000000000000064
2019-07-01T01:00:00,N,N4,55.000000000000014
2019-07-01T02:00:00,N,N4,55.000000000000014
2019-07-01T03:00:00,N,N4,55.000000000000014
2019-07-01T04:00:00,N,N4,55.000000000000014
2019-07-01T05:00:00,N,N4,63.99999999999998
2019-07-01T06:00:00,N,N4,72.99999999999999
2019-07-01T07:00:00,N,N4,74.00000000000003
2019-07-01T08:00:00,N,N4,87.0
2019-07-01T09:00:00,N,N4,90.99999999999996
2019-07-01T10:00:00,N,N4,92.0
2019-07-01T11:00:00,N,N4,105.99999999999996
2019-07-01T12:00:00,N,N4,81.00000000000003
2019-07-01T13:00:00,N,N4,74.99999999999997
2019-07-01T14:00:00,N,N4,78.0
2019-07-01T15:00:00,N,N4,85.00000000000001
2019-07-01T16:00:00,N,N4,88.00000000000003
2019-07-01T17:00:00,N,N4,110.99999999999996
2019-07-01T18:00:00,N,N4,108.00000000000004
2019-07-01T19:00:00,N,N4,108.00000000000004
2019-07-01T20:00:00,N,N4,79.99999999999997
2019-07-01T21:00:00,N,N4,74.99999999999997
2019-07-01T22:00:00,N,N4,62.00000000000001
2019-07-01T23:00:00,N,N4,55.000000000000014
2019-07-02T00:00:00,N,N4,55.000000000000014
2019-07-02T01:00:00,N,N4,55.000000000000014
2019-07-02T02:00:00,N,N4,55.000000000000014
2019-07-02T03:00:00,N,N4,55.000000000000014
2019-07-02T04:00:00,N,N4,55.000000000000014
2019-07-02T05:00:00,N,N4,55.000000000000014
2019-07-02T06:00:00,N,N4,65.99999999999997
2019-07-02T07:00:00,N,N4,70.00000000000003
2019-07-02T08:00:00,N,N4,81.00000000000003
2019-07-02T09:00:00,N,N4,81.00000000000003
2019-07-02T10:00:00,N,N4,81.00000000000003
2019-07-02T11:00:00,N,N4,88.99999999999999
2019-07-02T12:00:00,N,N4,88.99999999999999
2019-07-02T13:00:00,N,N4,71.0
2019-07-02T14:00:00,N,N4,76.0
2019-07-02T15:00:00,N,N4,79.99999999999997
2019-07-02T16:00:00,N,N4,88.00000000000003
2019-07-02T17:00:00,N,N4,108.99999999999996
2019-07-02T18:00:00,N,N4,93.00000000000004
2019-07-02T19:00:00,N,N4,79.99999999999997
2019-07-02T20:00:00,N,N4,66.99999999999997
2019-07-02T21:00:00,N,N4,66.99999999999997
2019-07-02T22:00:00,N,N4,64.99999999999999
2019-07-02T23:00:00,N,N4,59.99999999999999
2019-07-03T00:00:00,N,N4,59.99999999999999
2019-07-03T01:00:00,N,N4,55.000000000000014
2019-07-03T02:00:00,N,N4,55.000000000000014
2019-07-03T03:00:00,N,N4,55.000000000000014
2019-07-03T04:00:00,N,N4,55.000000000000014
2019-07-03T05:00:00,N,N4,55.000000000000014
2019-07-03T06:00:00,N,N4,62.99999999999999
2019-07-03T07:00:00,N,N4,74.00000000000003
2019-07-03T08:00:00,N,N4,78.0
2019-07-03T09:00:00,N,N4,83.99999999999999
2019-07-03T10:00:00,N,N4,87.0
2019-07-03T11:00:00,N,N4,95.0
2019-07-03T12:00:00,N,N4,82.00000000000001
2019-07-03T13:00:00,N,N4,71.0
2019-07-03T14:00:00,N,N4,76.0
2019-07-03T15:00:00,N,N4,65.99999999999997
2019-07-03T16:00:00,N,N4,81.00000000000003
2019-07-03T17:00:00,N,N4,99.0
2019-07-03T18:00:00,N,N4,108.00000000000004
2019-07-03T19:00:00,N,N4,87.0
2019-07-03T20:00:00,N,N4,74.99999999999997
2019-07-03T21:00:00,N,N4,66.99999999999997
2019-07-03T22:00:00,N,N4,63.99999999999998
2019-07-03T23:00:00,N,N4,59.000000000000014
2019-07-04T00:00:00,N,N4,59.000000000000014
2019-07-04T01:00:00,N,N4,54.00000000000001
2019-07-04T02:00:00,N,N4,54.00000000000001
2019-07-04T03:00:00,N,N4,54.00000000000001
2019-07-04T04:00:00,N,N4,54.00000000000001
2019-07-04T05:00:00,N,N4,57.99999999999999
2019-07-04T06:00:00,N,N4,69.00000000000001
2019-07-04T07:00:00,N,N4,74.99999999999997
2019-07-04T08:00:00,N,N4,74.99999999999997
2019-07-04T09:00:00,N,N4,74.99999999999997
2019-07-04T10:00:00,N,N4,83.99999999999999
2019-07-04T11:00:00,N,N4,83.00000000000003
2019-07-04T12:00:00,N,N4,72.99999999999999
2019-07-04T13:00:00,N,N4,72.99999999999999
2019-07-04T14:00:00,N,N4,79.99999999999997
2019-07-04T15:00:00,N,N4,85.99999999999997
2019-07-04T16:00:00,N,N4,97.0
2019-07-04T17:00:00,N,N4,122.00000000000004
2019-07-04T18:00:00,N,N4,115.0
2019-07-04T19:00:00,N,N4,90.0
2019-07-04T20:00:00,N,N4,90.0
2019-07-04T21:00:00,N,N4,77.00000000000001
2019-07-04T22:00:00,N,N4,69.00000000000001
2019-07-04T23:00:00,N,N4,69.00000000000001
2019-07-05T00:00:00,N,N4,63.99999999999998
2019-07-05T01:00:00,N,N4,63.99999999999998
2019-07-05T02:00:00,N,N4,59.99999999999999
2019-07-05T03:00:00,N,N4,59.99999999999999
2019-07-05T04:00:00,N,N4,59.99999999999999
2019-07-05T05:00:00,N,N4,59.99999999999999
2019-07-05T06:00:00,N,N4,63.99999999999998
2019-07-05T07:00:00,N,N4,70.00000000000003
2019-07-05T08:00:00,N,N4,88.00000000000003
2019-07-05T09:00:00,N,N4,93.00000000000004
2019-07-05T10:00:00,N,N4,98.00000000000004
2019-07-05T11:00:00,N,N4,97.0
2019-07-05T12:00:00,N,N4,83.99999999999999
2019-07-05T13:00:00,N,N4,83.00000000000003
2019-07-05T14:00:00,N,N4,85.99999999999997
2019-07-05T15:00:00,N,N4,85.99999999999997
2019-07-05T16:00:00,N,N4,88.99999999999999
2019-07-05T17:00:00,N,N4,127.0
2019-07-05T18:00:00,N,N4,117.00000000000004
2019-07-05T19:00:00,N,N4,101.99999999999996
2019-07-05T20:00:00,N,N4,92.0
2019-07-05T21:00:00,N,N4,85.99999999999997
2019-07-05T22:00:00,N,N4,81.83333333333333
2019-07-05T23:00:00,N,N4,78.66666666666667
2019-07-06T00:00:00,N,N4,74.66666666666667
2019-07-06T01:00:00,N,N4,72.66666666666666
2019-07-06T02:00:00,N,N4,71.0
2019-07-06T03:00:00,N,N4,70.83333333333333
2019-07-06T04:00:00,N,N4,70.83333333333333
2019-07-06T05:00:00,N,N4,73.08333333333333
2019-07-06T06:00:00,N,N4,89.0
2019-07-06T07:00:00,N,N4,97.25
2019-07-06T08:00:00,N,N4,109.33333333333331
2019-07-06T09:00:00,N,N4,111.0
2019-07-06T10:00:00,N,N4,92.0
2019-07-06T11:00:00,N,N4,92.0
2019-07-06T12:00:00,N,N4,79.99999999999997
2019-07-06T13:00:00,N,N4,74.99999999999997
2019-07-06T14:00:00,N,N4,104.0
2019-07-06T15:00:00,N,N4,82.00000000000001
2019-07-06T16:00:00,N,N4,88.00000000000003
2019-07-06T17:00:00,N,N4,119.99999999999996
2019-07-06T18:00:00,N,N4,104.99999999999996
2019-07-06T19:00:00,N,N4,104.99999999999996
2019-07-06T20:00:00,N,N4,90.99999999999996
2019-07-06T21:00:00,N,N4,81.00000000000003
2019-07-06T22:00:00,N,N4,76.0
2019-07-06T23:00:00,N,N4,76.0
2019-07-07T00:00:00,N,N4,64.99999999999999
2019-07-07T01:00:00,N,N4,59.99999999999999
2019-07-07T02:00:00,N,N4,59.99999999999999
2019-07-07T03:00:00,N,N4,59.99999999999999
2019-07-07T04:00:00,N,N4,59.99999999999999
2019-07-07T05:00:00,N,N4,59.99999999999999
2019-07-07T06:00:00,N,N4,69.00000000000001
2019-07-07T07:00:00,N,N4,69.00000000000001
2019-07-07T08:00:00,N,N4,78.55087926802113
2019-07-07T09:00:00,N,N4,82.0813964849312
2019-07-07T10:00:00,N,N4,87.0
2019-07-07T11:00:00,N,N4,87.0
2019-07-07T12:00:00,N,N4,66.99999999999997
2019-07-07T13:00:00,N,N4,55.000000000000014
2019-07-07T14:00:00,N,N4,56.00000000000002
2019-07-07T15:00:00,N,N4,54.00000000000001
2019-07-07T16:00:00,N,N4,65.99999999999997
2019-07-07T17:00:00,N,N4,81.00000000000003
2019-07-07T18:00:00,N,N4,98.00000000000004
2019-07-07T19:00:00,N,N4,93.00000000000004
2019-07-07T20:00:00,N,N4,72.99999999999999
2019-07-07T21:00:00,N,N4,68.00000000000001
2019-07-07T22:00:00,N,N4,68.00000000000001
2019-07-07T23:00:00,N,N4,68.00000000000001
2019-07-08T00:00:00,N,N4,55.000000000000014
2019-07-08T01:00:00,N,N4,55.000000000000014
2019-07-08T02:00:00,N,N4,55.000000000000014
2019-07-08T03:00:00,N,N4,55.000000000000014
2019-07-08T04:00:00,N,N4,55.000000000000014
2019-07-08T05:00:00,N,N4,55.000000000000014
2019-07-08T06:00:00,N,N4,72.0
2019-07-08T07:00:00,N,N4,83.00000000000003
2019-07-08T08:00:00,N,N4,95.0
2019-07-08T09:00:00,N,N4,100.00000000000004
2019-07-08T10:00:00,N,N4,100.00000000000004
2019-07-08T11:00:00,N,N4,100.00000000000004
2019-07-08T12:00:00,N,N4,85.00000000000001
2019-07-08T13:00:00,N,N4,85.99999999999997
2019-07-08T14:00:00,N,N4,88.99999999999999
2019-07-08T15:00:00,N,N4,88.99999999999999
2019-07-08T16:00:00,N,N4,95.0
2019-07-08T17:00:00,N,N4,127.99999999999996
2019-07-08T18:00:00,N,N4,127.0
2019-07-08T19:00:00,N,N4,108.00000000000004
2019-07-08T20:00:00,N,N4,94.0
2019-07-08T21:00:00,N,N4,94.0
2019-07-08T22:00:00,N,N4,72.99999999999999
2019-07-08T23:00:00,N,N4,66.99999999999997
2019-07-09T00:00:00,N,N4,62.00000000000001
2019-07-09T01:00:00,N,N4,62.00000000000001
2019-07-09T02:00:00,N,N4,62.000000000000064
2019-07-09T03:00:00,N,N4,62.00000000000001
2019-07-09T04:00:00,N,N4,62.00000000000001
2019-07-09T05:00:00,N,N4,66.99999999999997
2019-07-09T06:00:00,N,N4,77.00000000000001
2019-07-09T07:00:00,N,N4,77.00000000000001
2019-07-09T08:00:00,N,N4,99.0
2019-07-09T09:00:00,N,N4,99.0
2019-07-09T10:00:00,N,N4,105.99999999999996
2019-07-09T11:00:00,N,N4,104.0
2019-07-09T12:00:00,N,N4,85.00000000000001
2019-07-09T13:00:00,N,N4,85.00000000000001
2019-07-09T14:00:00,N,N4,93.00000000000004
2019-07-09T15:00:00,N,N4,88.00000000000003
2019-07-09T16:00:00,N,N4,88.00000000000003
2019-07-09T17:00:00,N,N4,100.00000000000004
2019-07-09T18:00:00,N,N4,119.00000000000004
2019-07-09T19:00:00,N,N4,100.00000000000004
2019-07-09T20:00:00,N,N4,90.0
2019-07-09T21:00:00,N,N4,79.99999999999997
2019-07-09T22:00:00,N,N4,66.99999999999997
2019-07-09T23:00:00,N,N4,62.00000000000001
2019-07-10T00:00:00,N,N4,55.000000000000014
2019-07-10T01:00:00,N,N4,62.000000000000064
2019-07-10T02:00:00,N,N4,62.00000000000001
2019-07-10T03:00:00,N,N4,62.000000000000064
2019-07-10T04:00:00,N,N4,55.000000000000014
2019-07-10T05:00:00,N,N4,66.99999999999997
2019-07-10T06:00:00,N,N4,74.99999999999997
2019-07-10T07:00:00,N,N4,88.00000000000003
2019-07-10T08:00:00,N,N4,90.0
2019-07-10T09:00:00,N,N4,96.0
2019-07-10T10:00:00,N,N4,96.0
2019-07-10T11:00:00,N,N4,98.00000000000004
2019-07-10T12:00:00,N,N4,83.00000000000003
2019-07-10T13:00:00,N,N4,82.00000000000001
2019-07-10T14:00:00,N,N4,88.00000000000003
2019-07-10T15:00:00,N,N4,88.00000000000003
2019-07-10T16:00:00,N,N4,90.0
2019-07-10T17:00:00,N,N4,121.00000000000004
2019-07-10T18:00:00,N,N4,121.00000000000004
2019-07-10T19:00:00,N,N4,121.00000000000004
2019-07-10T20:00:00,N,N4,85.00000000000001
2019-07-10T21:00:00,N,N4,79.0
2019-07-10T22:00:00,N,N4,62.00000000000001
2019-07-10T23:00:00,N,N4,62.00000000000001
2019-07-11T00:00:00,N,N4,55.000000000000014
2019-07-11T01:00:00,N,N4,46.99999999999999
2019-07-11T02:00:00,N,N4,46.99999999999999
2019-07-11T03:00:00,N,N4,46.99999999999999
2019-07-11T04:00:00,N,N4,46.99999999999999
2019-07-11T05:00:00,N,N4,52.00000000000001
2019-07-11T06:00:00,N,N4,63.99999999999998
2019-07-11T07:00:00,N,N4,65.99999999999997
2019-07-11T08:00:00,N,N4,81.00000000000003
2019-07-11T09:00:00,N,N4,85.99999999999997
2019-07-11T10:00:00,N,N4,85.00000000000001
2019-07-11T11:00:00,N,N4,88.99999999999999
2019-07-11T12:00:00,N,N4,81.00000000000003
2019-07-11T13:00:00,N,N4,71.0
2019-07-11T14:00:00,N,N4,79.99999999999997
2019-07-11T15:00:00,N,N4,79.99999999999997
2019-07-11T16:00:00,N,N4,87.0
2019-07-11T17:00:00,N,N4,98.00000000000004
2019-07-11T18:00:00,N,N4,118.00000000000004
2019-07-11T19:00:00,N,N4,92.0
2019-07-11T20:00:00,N,N4,95.72727272727272
2019-07-11T21:00:00,N,N4,91.0909090909091
2019-07-11T22:00:00,N,N4,79.90909090909093
2019-07-11T23:00:00,N,N4,73.45454545454545
2019-07-12T00:00:00,N,N4,71.81818181818181
2019-07-12T01:00:00,N,N4,67.18181818181819
2019-07-12T02:00:00,N,N4,66.18181818181819
2019-07-12T03:00:00,N,N4,65.54545454545455
2019-07-12T04:00:00,N,N4,65.27272727272727
2019-07-12T05:00:00,N,N4,71.63636363636364
2019-07-12T06:00:00,N,N4,83.81818181818181
2019-07-12T07:00:00,N,N4,92.41666666666669
2019-07-12T08:00:00,N,N4,105.25
2019-07-12T09:00:00,N,N4,110.5
2019-07-12T10:00:00,N,N4,113.83333333333331
2019-07-12T11:00:00,N,N4,116.0
2019-07-12T12:00:00,N,N4,110.58333333333331
2019-07-12T13:00:00,N,N4,97.25
2019-07-12T14:00:00,N,N4,105.83333333333331
2019-07-12T15:00:00,N,N4,104.21891706978728
2019-07-12T16:00:00,N,N4,108.41666666666669
2019-07-12T17:00:00,N,N4,127.99999999999996
2019-07-12T18:00:00,N,N4,126.0
2019-07-12T19:00:00,N,N4,98.00000000000004
2019-07-12T20:00:00,N,N4,88.00000000000003
2019-07-12T21:00:00,N,N4,88.00000000000003
2019-07-12T22:00:00,N,N4,72.99999999999999
2019-07-12T23:00:00,N,N4,72.99999999999999
2019-07-13T00:00:00,N,N4,68.00000000000001
2019-07-13T01:00:00,N,N4,62.99999999999999
2019-07-13T02:00:00,N,N4,62.99999999999999
2019-07-13T03:00:00,N,N4,62.99999999999999
2019-07-13T04:00:00,N,N4,62.99999999999999
2019-07-13T05:00:00,N,N4,62.99999999999999
2019-07-13T06:00:00,N,N4,78.0
2019-07-13T07:00:00,N,N4,78.0
2019-07-13T08:00:00,N,N4,93.00000000000004
2019-07-13T09:00:00,N,N4,93.00000000000004
2019-07-13T10:00:00,N,N4,94.0
2019-07-13T11:00:00,N,N4,99.0
2019-07-13T12:00:00,N,N4,83.99999999999999
2019-07-13T13:00:00,N,N4,66.99999999999997
2019-07-13T14:00:00,N,N4,66.99999999999997
2019-07-13T15:00:00,N,N4,66.99999999999997
2019-07-13T16:00:00,N,N4,79.99999999999997
2019-07-13T17:00:00,N,N4,104.99999999999996
2019-07-13T18:00:00,N,N4,92.0
2019-07-13T19:00:00,N,N4,79.99999999999997
2019-07-13T20:00:00,N,N4,66.99999999999997
2019-07-13T21:00:00,N,N4,62.00000000000001
2019-07-13T22:00:00,N,N4,62.99999999999999
2019-07-13T23:00:00,N,N4,62.99999999999999
2019-07-14T00:00:00,N,N4,57.99999999999999
2019-07-14T01:00:00,N,N4,57.99999999999999
2019-07-14T02:00:00,N,N4,57.99999999999999
2019-07-14T03:00:00,N,N4,57.99999999999999
2019-07-14T04:00:00,N,N4,57.99999999999999
2019-07-14T05:00:00,N,N4,57.99999999999999
2019-07-14T06:00:00,N,N4,62.00000000000001
2019-07-14T07:00:00,N,N4,62.00000000000001
2019-07-14T08:00:00,N,N4,66.99999999999997
2019-07-14T09:00:00,N,N4,97.5645996094368
2019-07-14T10:00:00,N,N4,69.68293881910253
2019-07-14T11:00:00,N,N4,75.32288065979468
2019-07-14T12:00:00,N,N4,64.3402090820487
2019-07-14T13:00:00,N,N4,55.29352894544952
2019-07-14T14:00:00,N,N4,60.1117232117809
2019-07-14T15:00:00,N,N4,59.8578801906296
2019-07-14T16:00:00,N,N4,64.19748335546728
2019-07-14T17:00:00,N,N4,85.00000000000001
2019-07-14T18:00:00,N,N4,90.56640773931214
2019-07-14T19:00:00,N,N4,74.99999999999997
2019-07-14T20:00:00,N,N4,64.99999999999999
2019-07-14T21:00:00,N,N4,59.99999999999999
2019-07-14T22:00:00,N,N4,54.00000000000001
2019-07-14T23:00:00,N,N4,54.00000000000001
2019-07-15T00:00:00,N,N4,48.99999999999999
2019-07-15T01:00:00,N,N4,43.99999999999999
2019-07-15T02:00:00,N,N4,43.99999999999999
2019-07-15T03:00:00,N,N4,43.99999999999999
2019-07-15T04:00:00,N,N4,43.99999999999999
2019-07-15T05:00:00,N,N4,43.99999999999999
2019-07-15T06:00:00,N,N4,64.99999999999999
2019-07-15T07:00:00,N,N4,65.99999999999997
2019-07-15T08:00:00,N,N4,81.00000000000003
2019-07-15T09:00:00,N,N4,83.99999999999999
2019-07-15T10:00:00,N,N4,88.99999999999999
2019-07-15T11:00:00,N,N4,98.00000000000004
2019-07-15T12:00:00,N,N4,85.00000000000001
2019-07-15T13:00:00,N,N4,74.00000000000003
2019-07-15T14:00:00,N,N4,76.0
2019-07-15T15:00:00,N,N4,74.99999999999997
2019-07-15T16:00:00,N,N4,79.99999999999997
2019-07-15T17:00:00,N,N4,94.0
2019-07-15T18:00:00,N,N4,110.99999999999996
2019-07-15T19:00:00,N,N4,95.0
2019-07-15T20:00:00,N,N4,85.99999999999997
2019-07-15T21:00:00,N,N4,76.0
2019-07-15T22:00:00,N,N4,71.0
2019-07-15T23:00:00,N,N4,71.0
2019-07-16T00:00:00,N,N4,61.00000000000001
2019-07-16T01:00:00,N,N4,61.00000000000001
2019-07-16T02:00:00,N,N4,61.00000000000001
2019-07-16T03:00:00,N,N4,61.00000000000001
2019-07-16T04:00:00,N,N4,61.00000000000001
2019-07-16T05:00:00,N,N4,61.00000000000001
2019-07-16T06:00:00,N,N4,66.99999999999997
2019-07-16T07:00:00,N,N4,72.0
2019-07-16T08:00:00,N,N4,79.0
2019-07-16T09:00:00,N,N4,85.00000000000001
2019-07-16T10:00:00,N,N4,88.00000000000003
2019-07-16T11:00:00,N,N4,90.99999999999996
2019-07-16T12:00:00,N,N4,72.99999999999999
2019-07-16T13:00:00,N,N4,65.99999999999997
2019-07-16T14:00:00,N,N4,71.0
2019-07-16T15:00:00,N,N4,74.99999999999997
2019-07-16T16:00:00,N,N4,82.00000000000001
2019-07-16T17:00:00,N,N4,85.99999999999997
2019-07-16T18:00:00,N,N4,110.00000000000004
2019-07-16T19:00:00,N,N4,98.00000000000004
2019-07-16T20:00:00,N,N4,83.00000000000003
2019-07-16T21:00:00,N,N4,76.0
2019-07-16T22:00:00,N,N4,71.0
2019-07-16T23:00:00,N,N4,71.0
2019-07-17T00:00:00,N,N4,65.99999999999997
2019-07-17T01:00:00,N,N4,61.00000000000001
2019-07-17T02:00:00,N,N4,61.00000000000001
2019-07-17T03:00:00,N,N4,61.00000000000001
2019-07-17T04:00:00,N,N4,61.00000000000001
2019-07-17T05:00:00,N,N4,61.00000000000001
2019-07-17T06:00:00,N,N4,81.00000000000003
2019-07-17T07:00:00,N,N4,82.00000000000001
2019-07-17T08:00:00,N,N4,85.00000000000001
2019-07-17T09:00:00,N,N4,88.99999999999999
2019-07-17T10:00:00,N,N4,95.0
2019-07-17T11:00:00,N,N4,98.00000000000004
2019-07-17T12:00:00,N,N4,85.00000000000001
2019-07-17T13:00:00,N,N4,77.00000000000001
2019-07-17T14:00:00,N,N4,78.0
2019-07-17T15:00:00,N,N4,79.0
2019-07-17T16:00:00,N,N4,82.00000000000001
2019-07-17T17:00:00,N,N4,124.00000000000004
2019-07-17T18:00:00,N,N4,124.00000000000004
2019-07-17T19:00:00,N,N4,101.99999999999996
2019-07-17T20:00:00,N,N4,87.0
2019-07-17T21:00:00,N,N4,82.00000000000001
2019-07-17T22:00:00,N,N4,72.0
2019-07-17T23:00:00,N,N4,72.0
2019-07-18T00:00:00,N,N4,64.99999999999999
2019-07-18T01:00:00,N,N4,59.99999999999999
2019-07-18T02:00:00,N,N4,59.99999999999999
2019-07-18T03:00:00,N,N4,59.99999999999999
2019-07-18T04:00:00,N,N4,59.99999999999999
2019-07-18T05:00:00,N,N4,59.99999999999999
2019-07-18T06:00:00,N,N4,82.00000000000001
2019-07-18T07:00:00,N,N4,82.00000000000001
2019-07-18T08:00:00,N,N4,92.0
2019-07-18T09:00:00,N,N4,95.0
2019-07-18T10:00:00,N,N4,96.0
2019-07-18T11:00:00,N,N4,101.00000000000004
2019-07-18T12:00:00,N,N4,90.99999999999996
2019-07-18T13:00:00,N,N4,79.99999999999997
2019-07-18T14:00:00,N,N4,81.00000000000003
2019-07-18T15:00:00,N,N4,79.99999999999997
2019-07-18T16:00:00,N,N4,79.99999999999997
2019-07-18T17:00:00,N,N4,85.99999999999997
2019-07-18T18:00:00,N,N4,95.25964256215138
2019-07-18T19:00:00,N,N4,82.3166512075781
2019-07-18T20:00:00,N,N4,72.0
2019-07-18T21:00:00,N,N4,100.00000000000004
2019-07-18T22:00:00,N,N4,85.00000000000001
2019-07-18T23:00:00,N,N4,77.00000000000001
2019-07-19T00:00:00,N,N4,77.00000000000001
2019-07-19T01:00:00,N,N4,77.00000000000009
2019-07-19T02:00:00,N,N4,72.0
2019-07-19T03:00:00,N,N4,72.0
2019-07-19T04:00:00,N,N4,72.0
2019-07-19T05:00:00,N,N4,85.00000000000001
2019-07-19T06:00:00,N,N4,110.00000000000004
2019-07-19T07:00:00,N,N4,113.00000000000004
2019-07-19T08:00:00,N,N4,127.99999999999996
2019-07-19T09:00:00,N,N4,127.0
2019-07-19T10:00:00,N,N4,142.00000000000003
2019-07-19T11:00:00,N,N4,87.0
2019-07-19T12:00:00,N,N4,146.0
2019-07-19T13:00:00,N,N4,129.99999999999997
2019-07-19T14:00:00,N,N4,136.00000000000006
2019-07-19T15:00:00,N,N4,134.62700483744717
2019-07-19T16:00:00,N,N4,138.99999999999997
2019-07-19T17:00:00,N,N4,131.76635053230368
2019-07-19T18:00:00,N,N4,108.99999999999996
2019-07-19T19:00:00,N,N4,108.99999999999996
2019-07-19T20:00:00,N,N4,138.00000000000006
2019-07-19T21:00:00,N,N4,127.99999999999996
2019-07-19T22:00:00,N,N4,100.00000000000004
2019-07-19T23:00:00,N,N4,100.00000000000004
2019-07-20T00:00:00,N,N4,92.0
2019-07-20T01:00:00,N,N4,92.0
2019-07-20T02:00:00,N,N4,87.0
2019-07-20T03:00:00,N,N4,87.0
2019-07-20T04:00:00,N,N4,87.0
2019-07-20T05:00:00,N,N4,92.0
2019-07-20T06:00:00,N,N4,116.0
2019-07-20T07:00:00,N,N4,129.99999999999997
2019-07-20T08:00:00,N,N4,144.99999999999997
2019-07-20T09:00:00,N,N4,144.0
2019-07-20T10:00:00,N,N4,149.0
2019-07-20T11:00:00,N,N4,149.0
2019-07-20T12:00:00,N,N4,136.3010425059701
2019-07-20T13:00:00,N,N4,126.0
2019-07-20T14:00:00,N,N4,111.99999999999996
2019-07-20T15:00:00,N,N4,117.00000000000004
2019-07-20T16:00:00,N,N4,125.00000000000004
2019-07-20T17:00:00,N,N4,155.2677611638643
2019-07-20T18:00:00,N,N4,170.00000000000006
2019-07-20T19:00:00,N,N4,139.99999999999994
2019-07-20T20:00:00,N,N4,131.99999999999997
2019-07-20T21:00:00,N,N4,119.99999999999996
2019-07-20T22:00:00,N,N4,106.99999999999996
2019-07-20T23:00:00,N,N4,102.00000000000004
2019-07-21T00:00:00,N,N4,96.99999999999991
2019-07-21T01:00:00,N,N4,92.0
2019-07-21T02:00:00,N,N4,92.0
2019-07-21T03:00:00,N,N4,92.0
2019-07-21T04:00:00,N,N4,92.0
2019-07-21T05:00:00,N,N4,92.0
2019-07-21T06:00:00,N,N4,113.00000000000004
2019-07-21T07:00:00,N,N4,118.00000000000004
2019-07-21T08:00:00,N,N4,124.00000000000004
2019-07-21T09:00:00,N,N4,124.00000000000014
2019-07-21T10:00:00,N,N4,125.00000000000004
2019-07-21T11:00:00,N,N4,125.00000000000004
2019-07-21T12:00:00,N,N4,125.00000000000004
2019-07-21T13:00:00,N,N4,116.0
2019-07-21T14:00:00,N,N4,111.99999999999996
2019-07-21T15:00:00,N,N4,111.99999999999996
2019-07-21T16:00:00,N,N4,104.99999999999996
2019-07-21T17:00:00,N,N4,125.00000000000004
2019-07-21T18:00:00,N,N4,155.00000000000003
2019-07-21T19:00:00,N,N4,142.00000000000003
2019-07-21T20:00:00,N,N4,129.99999999999997
2019-07-21T21:00:00,N,N4,117.00000000000004
2019-07-21T22:00:00,N,N4,106.99999999999996
2019-07-21T23:00:00,N,N4,97.0
2019-07-22T00:00:00,N,N4,93.00000000000004
2019-07-22T01:00:00,N,N4,92.0
2019-07-22T02:00:00,N,N4,79.0
2019-07-22T03:00:00,N,N4,85.00000000000001
2019-07-22T04:00:00,N,N4,85.00000000000001
2019-07-22T05:00:00,N,N4,95.0
2019-07-22T06:00:00,N,N4,127.0
2019-07-22T07:00:00,N,N4,126.0
2019-07-22T08:00:00,N,N4,131.99999999999997
2019-07-22T09:00:00,N,N4,139.99999999999994
2019-07-22T10:00:00,N,N4,152.99999999999997
2019-07-22T11:00:00,N,N4,161.24159077773163
2019-07-22T12:00:00,N,N4,147.99999999999994
2019-07-22T13:00:00,N,N4,128.99999999999997
2019-07-22T14:00:00,N,N4,133.99999999999997
2019-07-22T15:00:00,N,N4,133.99999999999997
2019-07-22T16:00:00,N,N4,131.99999999999997
2019-07-22T17:00:00,N,N4,167.00000000000006
2019-07-22T18:00:00,N,N4,175.3641909173019
2019-07-22T19:00:00,N,N4,155.56177045380136
2019-07-22T20:00:00,N,N4,138.8933093856146
2019-07-22T21:00:00,N,N4,127.33153599252984
2019-07-22T22:00:00,N,N4,116.0
2019-07-22T23:00:00,N,N4,110.99999999999996
2019-07-23T00:00:00,N,N4,101.00000000000004
2019-07-23T01:00:00,N,N4,97.0
2019-07-23T02:00:00,N,N4,97.0
2019-07-23T03:00:00,N,N4,85.00000000000001
2019-07-23T04:00:00,N,N4,85.00000000000001
2019-07-23T05:00:00,N,N4,83.00000000000003
2019-07-23T06:00:00,N,N4,108.00000000000004
2019-07-23T07:00:00,N,N4,125.00000000000004
2019-07-23T08:00:00,N,N4,137.00000000000003
2019-07-23T09:00:00,N,N4,142.99999999999994
2019-07-23T10:00:00,N,N4,154.00000000000006
2019-07-23T11:00:00,N,N4,160.70245348729898
2019-07-23T12:00:00,N,N4,146.0
2019-07-23T13:00:00,N,N4,130.99999999999994
2019-07-23T14:00:00,N,N4,131.99999999999997
2019-07-23T15:00:00,N,N4,133.0
2019-07-23T16:00:00,N,N4,137.00000000000003
2019-07-23T17:00:00,N,N4,162.9427361250821
2019-07-23T18:00:00,N,N4,173.85153185726452
2019-07-23T19:00:00,N,N4,156.46625507759364
2019-07-23T20:00:00,N,N4,142.00000000000003
2019-07-23T21:00:00,N,N4,127.99999999999996
2019-07-23T22:00:00,N,N4,104.99999999999996
2019-07-23T23:00:00,N,N4,92.0
2019-07-24T00:00:00,N,N4,98.00000000000004
2019-07-24T01:00:00,N,N4,87.0
2019-07-24T02:00:00,N,N4,87.0
2019-07-24T03:00:00,N,N4,87.0
2019-07-24T04:00:00,N,N4,87.0
2019-07-24T05:00:00,N,N4,104.99999999999996
2019-07-24T06:00:00,N,N4,123.85421185507776
2019-07-24T07:00:00,N,N4,129.99999999999997
2019-07-24T08:00:00,N,N4,144.0
2019-07-24T09:00:00,N,N4,135.00000000000003
2019-07-24T10:00:00,N,N4,142.00000000000003
2019-07-24T11:00:00,N,N4,159.99999999999994
2019-07-24T12:00:00,N,N4,138.88380983339206
2019-07-24T13:00:00,N,N4,121.00000000000004
2019-07-24T14:00:00,N,N4,142.00000000000003
2019-07-24T15:00:00,N,N4,133.0
2019-07-24T16:00:00,N,N4,139.63534971558116
2019-07-24T17:00:00,N,N4,165.7743778575935
2019-07-24T18:00:00,N,N4,177.21363493894043
2019-07-24T19:00:00,N,N4,159.99999999999994
2019-07-24T20:00:00,N,N4,138.99999999999997
2019-07-24T21:00:00,N,N4,128.99999999999997
2019-07-24T22:00:00,N,N4,100.00000000000004
2019-07-24T23:00:00,N,N4,92.0
2019-07-25T00:00:00,N,N4,92.0
2019-07-25T01:00:00,N,N4,92.0
2019-07-25T02:00:00,N,N4,92.0
2019-07-25T03:00:00,N,N4,92.0
2019-07-25T04:00:00,N,N4,92.0
2019-07-25T05:00:00,N,N4,112.00000000000006
2019-07-25T06:00:00,N,N4,129.98108026430606
2019-07-25T07:00:00,N,N4,135.00000000000003
2019-07-25T08:00:00,N,N4,143.4244896904236
2019-07-25T09:00:00,N,N4,144.0
2019-07-25T10:00:00,N,N4,141.00000000000003
2019-07-25T11:00:00,N,N4,156.0
2019-07-25T12:00:00,N,N4,136.00000000000006
2019-07-25T13:00:00,N,N4,116.0
2019-07-25T14:00:00,N,N4,122.99999999999994
2019-07-25T15:00:00,N,N4,127.0
2019-07-25T16:00:00,N,N4,133.0
2019-07-25T17:00:00,N,N4,149.0
2019-07-25T18:00:00,N,N4,169.0
2019-07-25T19:00:00,N,N4,146.0
2019-07-25T20:00:00,N,N4,127.0
2019-07-25T21:00:00,N,N4,111.99999999999996
2019-07-25T22:00:00,N,N4,100.00000000000004
2019-07-25T23:00:00,N,N4,87.0
2019-07-26T00:00:00,N,N4,87.0
2019-07-26T01:00:00,N,N4,87.0
2019-07-26T02:00:00,N,N4,87.0
2019-07-26T03:00:00,N,N4,87.0
2019-07-26T04:00:00,N,N4,87.0
2019-07-26T05:00:00,N,N4,92.0
2019-07-26T06:00:00,N,N4,69.00000000000001
2019-07-26T07:00:00,N,N4,72.99999999999999
2019-07-26T08:00:00,N,N4,101.99999999999996
2019-07-26T09:00:00,N,N4,101.99999999999996
2019-07-26T10:00:00,N,N4,104.0
2019-07-26T11:00:00,N,N4,100.00000000000004
2019-07-26T12:00:00,N,N4,92.0
2019-07-26T13:00:00,N,N4,85.99999999999997
2019-07-26T14:00:00,N,N4,96.0
2019-07-26T15:00:00,N,N4,99.0
2019-07-26T16:00:00,N,N4,108.00000000000004
2019-07-26T17:00:00,N,N4,119.99999999999996
2019-07-26T18:00:00,N,N4,110.99999999999996
2019-07-26T19:00:00,N,N4,101.00000000000004
2019-07-26T20:00:00,N,N4,85.99999999999997
2019-07-26T21:00:00,N,N4,76.0
2019-07-26T22:00:00,N,N4,71.0
2019-07-26T23:00:00,N,N4,65.99999999999997
2019-07-27T00:00:00,N,N4,62.000000000000064
2019-07-27T01:00:00,N,N4,61.00000000000001
2019-07-27T02:00:00,N,N4,61.00000000000001
2019-07-27T03:00:00,N,N4,61.00000000000001
2019-07-27T04:00:00,N,N4,61.00000000000001
2019-07-27T05:00:00,N,N4,61.00000000000001
2019-07-27T06:00:00,N,N4,76.0
2019-07-27T07:00:00,N,N4,82.00000000000001
2019-07-27T08:00:00,N,N4,101.99999999999996
2019-07-27T09:00:00,N,N4,101.99999999999996
2019-07-27T10:00:00,N,N4,110.99999999999996
2019-07-27T11:00:00,N,N4,114.00000000000004
2019-07-27T12:00:00,N,N4,99.0
2019-07-27T13:00:00,N,N4,85.00000000000001
2019-07-27T14:00:00,N,N4,77.00000000000001
2019-07-27T15:00:00,N,N4,77.00000000000001
2019-07-27T16:00:00,N,N4,85.00000000000001
2019-07-27T17:00:00,N,N4,115.0
2019-07-27T18:00:00,N,N4,101.99999999999996
2019-07-27T19:00:00,N,N4,90.0
2019-07-27T20:00:00,N,N4,85.00000000000001
2019-07-27T21:00:00,N,N4,77.00000000000001
2019-07-27T22:00:00,N,N4,70.00000000000003
2019-07-27T23:00:00,N,N4,64.99999999999999
2019-07-28T00:00:00,N,N4,59.99999999999999
2019-07-28T01:00:00,N,N4,59.99999999999999
2019-07-28T02:00:00,N,N4,59.99999999999999
2019-07-28T03:00:00,N,N4,59.99999999999999
2019-07-28T04:00:00,N,N4,59.99999999999999
2019-07-28T05:00:00,N,N4,59.99999999999999
2019-07-28T06:00:00,N,N4,59.99999999999999
2019-07-28T07:00:00,N,N4,76.0
2019-07-28T08:00:00,N,N4,81.00000000000003
2019-07-28T09:00:00,N,N4,81.00000000000003
2019-07-28T10:00:00,N,N4,90.99999999999996
2019-07-28T11:00:00,N,N4,90.0
2019-07-28T12:00:00,N,N4,90.0
2019-07-28T13:00:00,N,N4,70.00000000000003
2019-07-28T14:00:00,N,N4,59.99999999999999
2019-07-28T15:00:00,N,N4,59.99999999999999
2019-07-28T16:00:00,N,N4,66.99999999999997
2019-07-28T17:00:00,N,N4,85.00000000000001
2019-07-28T18:00:00,N,N4,90.0
2019-07-28T19:00:00,N,N4,74.99999999999997
2019-07-28T20:00:00,N,N4,66.99999999999997
2019-07-28T21:00:00,N,N4,62.00000000000001
2019-07-28T22:00:00,N,N4,59.99999999999999
2019-07-28T23:00:00,N,N4,55.000000000000014
2019-07-29T00:00:00,N,N4,55.000000000000014
2019-07-29T01:00:00,N,N4,49.99999999999999
2019-07-29T02:00:00,N,N4,49.99999999999999
2019-07-29T03:00:00,N,N4,49.99999999999999
2019-07-29T04:00:00,N,N4,54.00000000000001
2019-07-29T05:00:00,N,N4,59.99999999999999
2019-07-29T06:00:00,N,N4,81.00000000000003
2019-07-29T07:00:00,N,N4,87.0
2019-07-29T08:00:00,N,N4,95.0
2019-07-29T09:00:00,N,N4,94.0
2019-07-29T10:00:00,N,N4,114.00000000000004
2019-07-29T11:00:00,N,N4,113.00000000000004
2019-07-29T12:00:00,N,N4,94.0
2019-07-29T13:00:00,N,N4,101.00000000000004
2019-07-29T14:00:00,N,N4,100.00000000000004
2019-07-29T15:00:00,N,N4,100.00000000000004
2019-07-29T16:00:00,N,N4,104.99999999999996
2019-07-29T17:00:00,N,N4,111.99999999999996
2019-07-29T18:00:00,N,N4,117.00000000000004
2019-07-29T19:00:00,N,N4,111.99999999999996
2019-07-29T20:00:00,N,N4,92.0
2019-07-29T21:00:00,N,N4,79.99999999999997
2019-07-29T22:00:00,N,N4,68.00000000000001
2019-07-29T23:00:00,N,N4,62.99999999999999
2019-07-30T00:00:00,N,N4,57.99999999999999
2019-07-30T01:00:00,N,N4,48.99999999999999
2019-07-30T02:00:00,N,N4,46.00000000000002
2019-07-30T03:00:00,N,N4,42.00000000000001
2019-07-30T04:00:00,N,N4,42.00000000000001
2019-07-30T05:00:00,N,N4,46.00000000000002
2019-07-30T06:00:00,N,N4,93.00000000000004
2019-07-30T07:00:00,N,N4,59.000000000000014
2019-07-30T08:00:00,N,N4,72.99999999999999
2019-07-30T09:00:00,N,N4,98.00000000000004
2019-07-30T10:00:00,N,N4,95.0
2019-07-30T11:00:00,N,N4,100.00000000000004
2019-07-30T12:00:00,N,N4,92.0
2019-07-30T13:00:00,N,N4,78.0
2019-07-30T14:00:00,N,N4,74.99999999999997
2019-07-30T15:00:00,N,N4,85.00000000000001
2019-07-30T16:00:00,N,N4,83.99999999999999
2019-07-30T17:00:00,N,N4,94.0
2019-07-30T18:00:00,N,N4,116.0
2019-07-30T19:00:00,N,N4,104.0
2019-07-30T20:00:00,N,N4,86.00000000000004
2019-07-30T21:00:00,N,N4,81.00000000000003
2019-07-30T22:00:00,N,N4,71.0
2019-07-30T23:00:00,N,N4,64.99999999999999
2019-07-31T00:00:00,N,N4,59.99999999999999
2019-07-31T01:00:00,N,N4,55.000000000000014
2019-07-31T02:00:00,N,N4,55.000000000000014
2019-07-31T03:00:00,N,N4,55.000000000000014
2019-07-31T04:00:00,N,N4,55.000000000000014
2019-07-31T05:00:00,N,N4,65.99999999999997
2019-07-31T06:00:00,N,N4,77.00000000000001
2019-07-31T07:00:00,N,N4,83.00000000000003
2019-07-31T08:00:00,N,N4,90.0
2019-07-31T09:00:00,N,N4,85.00000000000001
2019-07-31T10:00:00,N,N4,101.99999999999996
2019-07-31T11:00:00,N,N4,108.99999999999996
2019-07-31T12:00:00,N,N4,97.0
2019-07-31T13:00:00,N,N4,87.0
2019-07-31T14:00:00,N,N4,98.00000000000004
2019-07-31T15:00:00,N,N4,95.0
2019-07-31T16:00:00,N,N4,97.0
2019-07-31T17:00:00,N,N4,104.0
2019-07-31T18:00:00,N,N4,137.00000000000003
2019-07-31T19:00:00,N,N4,110.00000000000004
2019-07-31T20:00:00,N,N4,95.0
2019-07-31T21:00:00,N,N4,85.00000000000001
2019-07-31T22:00:00,N,N4,74.99999999999997
2019-07-31T23:00:00,N,N4,70.00000000000003
2019-08-01T00:00:00,N,N4,64.99999999999999
2019-08-01T01:00:00,N,N4,64.99999999999999
2019-08-01T02:00:00,N,N4,59.99999999999999
2019-08-01T03:00:00,N,N4,59.99999999999999
2019-08-01T04:00:00,N,N4,61.00000000000001
2019-08-01T05:00:00,N,N4,71.0
2019-08-01T06:00:00,N,N4,87.0
2019-08-01T07:00:00,N,N4,95.0
2019-08-01T08:00:00,N,N4,111.99999999999996
2019-08-01T09:00:00,N,N4,111.99999999999996
2019-08-01T10:00:00,N,N4,108.99999999999996
2019-08-01T11:00:00,N,N4,113.00000000000004
2019-08-01T12:00:00,N,N4,103.0
2019-08-01T13:00:00,N,N4,92.0
2019-08-01T14:00:00,N,N4,98.00000000000004
2019-08-01T15:00:00,N,N4,104.99999999999996
2019-08-01T16:00:00,N,N4,111.99999999999996
2019-08-01T17:00:00,N,N4,110.00000000000004
2019-08-01T18:00:00,N,N4,141.00000000000003
2019-08-01T19:00:00,N,N4,118.00000000000004
2019-08-01T20:00:00,N,N4,104.0
2019-08-01T21:00:00,N,N4,88.00000000000003
2019-08-01T22:00:00,N,N4,83.00000000000003
2019-08-01T23:00:00,N,N4,77.00000000000001
2019-08-02T00:00:00,N,N4,77.00000000000001
2019-08-02T01:00:00,N,N4,48.00000000000001
2019-08-02T02:00:00,N,N4,46.99999999999999
2019-08-02T03:00:00,N,N4,46.99999999999999
2019-08-02T04:00:00,N,N4,46.99999999999999
2019-08-02T05:00:00,N,N4,56.00000000000002
2019-08-02T06:00:00,N,N4,72.0
2019-08-02T07:00:00,N,N4,71.0
2019-08-02T08:00:00,N,N4,88.00000000000003
2019-08-02T09:00:00,N,N4,101.99999999999996
2019-08-02T10:00:00,N,N4,108.00000000000004
2019-08-02T11:00:00,N,N4,102.00000000000004
2019-08-02T12:00:00,N,N4,104.0
2019-08-02T13:00:00,N,N4,93.00000000000004
2019-08-02T14:00:00,N,N4,100.00000000000004
2019-08-02T15:00:00,N,N4,94.0
2019-08-02T16:00:00,N,N4,104.0
2019-08-02T17:00:00,N,N4,136.00000000000006
2019-08-02T18:00:00,N,N4,136.00000000000006
2019-08-02T19:00:00,N,N4,110.00000000000004
2019-08-02T20:00:00,N,N4,95.0
2019-08-02T21:00:00,N,N4,90.99999999999996
2019-08-02T22:00:00,N,N4,76.0
2019-08-02T23:00:00,N,N4,71.0
2019-08-03T00:00:00,N,N4,71.0
2019-08-03T01:00:00,N,N4,71.0
2019-08-03T02:00:00,N,N4,70.00000000000003
2019-08-03T03:00:00,N,N4,70.00000000000003
2019-08-03T04:00:00,N,N4,70.00000000000003
2019-08-03T05:00:00,N,N4,70.00000000000003
2019-08-03T06:00:00,N,N4,77.00000000000001
2019-08-03T07:00:00,N,N4,92.0
2019-08-03T08:00:00,N,N4,103.0
2019-08-03T09:00:00,N,N4,101.99999999999996
2019-08-03T10:00:00,N,N4,105.08333333333336
2019-08-03T11:00:00,N,N4,91.93978518833616
2019-08-03T12:00:00,N,N4,83.00000000000003
2019-08-03T13:00:00,N,N4,83.00000000000003
2019-08-03T14:00:00,N,N4,85.00000000000001
2019-08-03T15:00:00,N,N4,85.00000000000001
2019-08-03T16:00:00,N,N4,96.0
2019-08-03T17:00:00,N,N4,131.99999999999997
2019-08-03T18:00:00,N,N4,121.00000000000004
2019-08-03T19:00:00,N,N4,104.0
2019-08-03T20:00:00,N,N4,94.0
2019-08-03T21:00:00,N,N4,83.99999999999999
2019-08-03T22:00:00,N,N4,72.99999999999999
2019-08-03T23:00:00,N,N4,69.00000000000001
2019-08-04T00:00:00,N,N4,63.99999999999998
2019-08-04T01:00:00,N,N4,59.000000000000014
2019-08-04T02:00:00,N,N4,59.000000000000014
2019-08-04T03:00:00,N,N4,59.000000000000014
2019-08-04T04:00:00,N,N4,59.000000000000014
2019-08-04T05:00:00,N,N4,59.000000000000014
2019-08-04T06:00:00,N,N4,69.00000000000001
2019-08-04T07:00:00,N,N4,79.0
2019-08-04T08:00:00,N,N4,85.00000000000001
2019-08-04T09:00:00,N,N4,95.0
2019-08-04T10:00:00,N,N4,95.0
2019-08-04T11:00:00,N,N4,83.00000000000003
2019-08-04T12:00:00,N,N4,72.99999999999999
2019-08-04T13:00:00,N,N4,78.0
2019-08-04T14:00:00,N,N4,68.00000000000001
2019-08-04T15:00:00,N,N4,68.00000000000001
2019-08-04T16:00:00,N,N4,72.99999999999999
2019-08-04T17:00:00,N,N4,108.99999999999996
2019-08-04T18:00:00,N,N4,108.99999999999996
2019-08-04T19:00:00,N,N4,88.00000000000003
2019-08-04T20:00:00,N,N4,72.99999999999999
2019-08-04T21:00:00,N,N4,68.00000000000001
2019-08-04T22:00:00,N,N4,59.99999999999999
2019-08-04T23:00:00,N,N4,52.00000000000001
2019-08-05T00:00:00,N,N4,52.00000000000001
2019-08-05T01:00:00,N,N4,52.00000000000001
2019-08-05T02:00:00,N,N4,46.99999999999999
2019-08-05T03:00:00,N,N4,46.99999999999999
2019-08-05T04:00:00,N,N4,46.99999999999999
2019-08-05T05:00:00,N,N4,52.00000000000001
2019-08-05T06:00:00,N,N4,74.00000000000003
2019-08-05T07:00:00,N,N4,76.0
2019-08-05T08:00:00,N,N4,98.00000000000004
2019-08-05T09:00:00,N,N4,98.00000000000004
2019-08-05T10:00:00,N,N4,105.99999999999996
2019-08-05T11:00:00,N,N4,115.0
2019-08-05T12:00:00,N,N4,104.99999999999996
2019-08-05T13:00:00,N,N4,92.0
2019-08-05T14:00:00,N,N4,94.0
2019-08-05T15:00:00,N,N4,94.0
2019-08-05T16:00:00,N,N4,105.99999999999996
2019-08-05T17:00:00,N,N4,129.99999999999997
2019-08-05T18:00:00,N,N4,136.00000000000006
2019-08-05T19:00:00,N,N4,116.0
2019-08-05T20:00:00,N,N4,101.00000000000004
2019-08-05T21:00:00,N,N4,90.99999999999996
2019-08-05T22:00:00,N,N4,74.99999999999997
2019-08-05T23:00:00,N,N4,70.00000000000003
2019-08-06T00:00:00,N,N4,62.00000000000001
2019-08-06T01:00:00,N,N4,65.99999999999997
2019-08-06T02:00:00,N,N4,65.99999999999997
2019-08-06T03:00:00,N,N4,65.99999999999997
2019-08-06T04:00:00,N,N4,62.00000000000001
2019-08-06T05:00:00,N,N4,66.99999999999997
2019-08-06T06:00:00,N,N4,87.0
2019-08-06T07:00:00,N,N4,85.00000000000001
2019-08-06T08:00:00,N,N4,106.99999999999996
2019-08-06T09:00:00,N,N4,104.0
2019-08-06T10:00:00,N,N4,115.0
2019-08-06T11:00:00,N,N4,124.00000000000004
2019-08-06T12:00:00,N,N4,111.99999999999996
2019-08-06T13:00:00,N,N4,97.0
2019-08-06T14:00:00,N,N4,96.0
2019-08-06T15:00:00,N,N4,100.00000000000004
2019-08-06T16:00:00,N,N4,96.0
2019-08-06T17:00:00,N,N4,103.0
2019-08-06T18:00:00,N,N4,127.99999999999996
2019-08-06T19:00:00,N,N4,108.00000000000004
2019-08-06T20:00:00,N,N4,92.0
2019-08-06T21:00:00,N,N4,79.99999999999997
2019-08-06T22:00:00,N,N4,74.00000000000003
2019-08-06T23:00:00,N,N4,69.00000000000001
2019-08-07T00:00:00,N,N4,59.000000000000014
2019-08-07T01:00:00,N,N4,69.00000000000001
2019-08-07T02:00:00,N,N4,69.00000000000001
2019-08-07T03:00:00,N,N4,69.00000000000001
2019-08-07T04:00:00,N,N4,69.00000000000001
2019-08-07T05:00:00,N,N4,69.00000000000001
2019-08-07T06:00:00,N,N4,90.99999999999996
2019-08-07T07:00:00,N,N4,95.0
2019-08-07T08:00:00,N,N4,106.99999999999996
2019-08-07T09:00:00,N,N4,108.99999999999996
2019-08-07T10:00:00,N,N4,113.00000000000004
2019-08-07T11:00:00,N,N4,117.00000000000004
2019-08-07T12:00:00,N,N4,108.00000000000004
2019-08-07T13:00:00,N,N4,90.0
2019-08-07T14:00:00,N,N4,104.99999999999996
2019-08-07T15:00:00,N,N4,100.00000000000004
2019-08-07T16:00:00,N,N4,104.99999999999996
2019-08-07T17:00:00,N,N4,110.99999999999996
2019-08-07T18:00:00,N,N4,142.00000000000003
2019-08-07T19:00:00,N,N4,122.99999999999994
2019-08-07T20:00:00,N,N4,104.0
2019-08-07T21:00:00,N,N4,93.00000000000004
2019-08-07T22:00:00,N,N4,83.00000000000003
2019-08-07T23:00:00,N,N4,72.99999999999999
2019-08-08T00:00:00,N,N4,72.99999999999999
2019-08-08T01:00:00,N,N4,68.00000000000001
2019-08-08T02:00:00,N,N4,68.00000000000001
2019-08-08T03:00:00,N,N4,68.00000000000001
2019-08-08T04:00:00,N,N4,70.00000000000003
2019-08-08T05:00:00,N,N4,72.99999999999999
2019-08-08T06:00:00,N,N4,95.0
2019-08-08T07:00:00,N,N4,98.00000000000004
2019-08-08T08:00:00,N,N4,108.99999999999996
2019-08-08T09:00:00,N,N4,105.99999999999996
2019-08-08T10:00:00,N,N4,104.99999999999996
2019-08-08T11:00:00,N,N4,119.00000000000004
2019-08-08T12:00:00,N,N4,104.0
2019-08-08T13:00:00,N,N4,57.99999999999999
2019-08-08T14:00:00,N,N4,100.00000000000004
2019-08-08T15:00:00,N,N4,100.00000000000004
2019-08-08T16:00:00,N,N4,101.99999999999996
2019-08-08T17:00:00,N,N4,113.00000000000004
2019-08-08T18:00:00,N,N4,131.99999999999997
2019-08-08T19:00:00,N,N4,122.00000000000004
2019-08-08T20:00:00,N,N4,100.00000000000004
2019-08-08T21:00:00,N,N4,87.0
2019-08-08T22:00:00,N,N4,79.0
2019-08-08T23:00:00,N,N4,69.00000000000001
2019-08-09T00:00:00,N,N4,64.99999999999999
2019-08-09T01:00:00,N,N4,64.99999999999999
2019-08-09T02:00:00,N,N4,62.00000000000001
2019-08-09T03:00:00,N,N4,59.99999999999999
2019-08-09T04:00:00,N,N4,59.99999999999999
2019-08-09T05:00:00,N,N4,59.99999999999999
2019-08-09T06:00:00,N,N4,74.99999999999997
2019-08-09T07:00:00,N,N4,83.99999999999999
2019-08-09T08:00:00,N,N4,98.00000000000004
2019-08-09T09:00:00,N,N4,104.99999999999996
2019-08-09T10:00:00,N,N4,104.0
2019-08-09T11:00:00,N,N4,105.99999999999996
2019-08-09T12:00:00,N,N4,94.0
2019-08-09T13:00:00,N,N4,81.00000000000003
2019-08-09T14:00:00,N,N4,88.99999999999999
2019-08-09T15:00:00,N,N4,85.00000000000001
2019-08-09T16:00:00,N,N4,85.99999999999997
2019-08-09T17:00:00,N,N4,117.00000000000004
2019-08-09T18:00:00,N,N4,100.00000000000004
2019-08-09T19:00:00,N,N4,87.0
2019-08-09T20:00:00,N,N4,74.99999999999997
2019-08-09T21:00:00,N,N4,66.99999999999997
2019-08-09T22:00:00,N,N4,64.99999999999999
2019-08-09T23:00:00,N,N4,64.99999999999999
2019-08-10T00:00:00,N,N4,59.99999999999999
2019-08-10T01:00:00,N,N4,59.99999999999999
2019-08-10T02:00:00,N,N4,57.99999999999999
2019-08-10T03:00:00,N,N4,56.00000000000002
2019-08-10T04:00:00,N,N4,56.00000000000002
2019-08-10T05:00:00,N,N4,56.00000000000002
2019-08-10T06:00:00,N,N4,70.00000000000003
2019-08-10T07:00:00,N,N4,77.00000000000001
2019-08-10T08:00:00,N,N4,97.0
2019-08-10T09:00:00,N,N4,95.0
2019-08-10T10:00:00,N,N4,95.0
2019-08-10T11:00:00,N,N4,101.99999999999996
2019-08-10T12:00:00,N,N4,90.0
2019-08-10T13:00:00,N,N4,72.99999999999999
2019-08-10T14:00:00,N,N4,62.000000000000064
2019-08-10T15:00:00,N,N4,66.99999999999997
2019-08-10T16:00:00,N,N4,74.99999999999997
2019-08-10T17:00:00,N,N4,100.00000000000004
2019-08-10T18:00:00,N,N4,111.99999999999996
2019-08-10T19:00:00,N,N4,87.0
2019-08-10T20:00:00,N,N4,74.99999999999997
2019-08-10T21:00:00,N,N4,66.99999999999997
2019-08-10T22:00:00,N,N4,63.99999999999998
2019-08-10T23:00:00,N,N4,59.000000000000014
2019-08-11T00:00:00,N,N4,
2019-08-11T01:00:00,N,N4,
2019-08-11T02:00:00,N,N4,
2019-08-11T03:00:00,N,N4,
2019-08-11T04:00:00,N,N4,
2019-08-11T05:00:00,N,N4,
2019-08-11T06:00:00,N,N4,
2019-08-11T07:00:00,N,N4,
2019-08-11T08:00:00,N,N4,
2019-08-11T09:00:00,N,N4,
2019-08-11T10:00:00,N,N4,
2019-08-11T11:00:00,N,N4,
2019-08-11T12:00:00,N,N4,
2019-08-11T13:00:00,N,N4,
2019-08-11T14:00:00,N,N4,
2019-08-11T15:00:00,N,N4,
2019-08-11T16:00:00,N,N4,
2019-08-11T17:00:00,N,N4,
2019-08-11T18:00:00,N,N4,
2019-08-11T19:00:00,N,N4,
2019-08-11T20:00:00,N,N4,
2019-08-11T21:00:00,N,N4,
2019-08-11T22:00:00,N,N4,
2019-08-11T23:00:00,N,N4,
2019-08-12T00:00:00,N,N4,54.00000000000001
2019-08-12T01:00:00,N,N4,54.00000000000003
2019-08-12T02:00:00,N,N4,54.00000000000001
2019-08-12T03:00:00,N,N4,48.99999999999999
2019-08-12T04:00:00,N,N4,48.99999999999999
2019-08-12T05:00:00,N,N4,54.00000000000001
2019-08-12T06:00:00,N,N4,72.0
2019-08-12T07:00:00,N,N4,76.0
2019-08-12T08:00:00,N,N4,90.99999999999996
2019-08-12T09:00:00,N,N4,96.0
2019-08-12T10:00:00,N,N4,100.00000000000004
2019-08-12T11:00:00,N,N4,113.00000000000004
2019-08-12T12:00:00,N,N4,98.00000000000004
2019-08-12T13:00:00,N,N4,92.0
2019-08-12T14:00:00,N,N4,96.0
2019-08-12T15:00:00,N,N4,88.00000000000003
2019-08-12T16:00:00,N,N4,103.0
2019-08-12T17:00:00,N,N4,108.99999999999989
2019-08-12T18:00:00,N,N4,131.99999999999997
2019-08-12T19:00:00,N,N4,68.00000000000001
2019-08-12T20:00:00,N,N4,88.00000000000003
2019-08-12T21:00:00,N,N4,72.99999999999999
2019-08-12T22:00:00,N,N4,68.00000000000001
2019-08-12T23:00:00,N,N4,57.99999999999999
2019-08-13T00:00:00,N,N4,56.00000000000002
2019-08-13T01:00:00,N,N4,56.00000000000002
2019-08-13T02:00:00,N,N4,51.00000000000002
2019-08-13T03:00:00,N,N4,51.00000000000002
2019-08-13T04:00:00,N,N4,51.00000000000002
2019-08-13T05:00:00,N,N4,51.00000000000002
2019-08-13T06:00:00,N,N4,64.99999999999999
2019-08-13T07:00:00,N,N4,72.99999999999999
2019-08-13T08:00:00,N,N4,98.00000000000004
2019-08-13T09:00:00,N,N4,99.0
2019-08-13T10:00:00,N,N4,106.99999999999996
2019-08-13T11:00:00,N,N4,106.99999999999996
2019-08-13T12:00:00,N,N4,95.0
2019-08-13T13:00:00,N,N4,83.99999999999999
2019-08-13T14:00:00,N,N4,92.0
2019-08-13T15:00:00,N,N4,88.99999999999999
2019-08-13T16:00:00,N,N4,93.00000000000004
2019-08-13T17:00:00,N,N4,110.00000000000004
2019-08-13T18:00:00,N,N4,136.00000000000006
2019-08-13T19:00:00,N,N4,110.00000000000004
2019-08-13T20:00:00,N,N4,90.0
2019-08-13T21:00:00,N,N4,79.99999999999997
2019-08-13T22:00:00,N,N4,70.00000000000003
2019-08-13T23:00:00,N,N4,70.00000000000003
2019-08-14T00:00:00,N,N4,70.00000000000003
2019-08-14T01:00:00,N,N4,64.99999999999999
2019-08-14T02:00:00,N,N4,64.99999999999999
2019-08-14T03:00:00,N,N4,64.99999999999999
2019-08-14T04:00:00,N,N4,64.99999999999999
2019-08-14T05:00:00,N,N4,64.99999999999999
2019-08-14T06:00:00,N,N4,87.0
2019-08-14T07:00:00,N,N4,90.0
2019-08-14T08:00:00,N,N4,110.00000000000004
2019-08-14T09:00:00,N,N4,115.0
2019-08-14T10:00:00,N,N4,119.99999999999996
2019-08-14T11:00:00,N,N4,124.00000000000004
2019-08-14T12:00:00,N,N4,108.99999999999996
2019-08-14T13:00:00,N,N4,81.00000000000003
2019-08-14T14:00:00,N,N4,94.0
2019-08-14T15:00:00,N,N4,92.0
2019-08-14T16:00:00,N,N4,103.0
2019-08-14T17:00:00,N,N4,135.00000000000003
2019-08-14T18:00:00,N,N4,135.00000000000003
2019-08-14T19:00:00,N,N4,113.00000000000004
2019-08-14T20:00:00,N,N4,101.99999999999996
2019-08-14T21:00:00,N,N4,88.00000000000003
2019-08-14T22:00:00,N,N4,72.99999999999999
2019-08-14T23:00:00,N,N4,72.99999999999999
2019-08-15T00:00:00,N,N4,62.00000000000001
2019-08-15T01:00:00,N,N4,62.00000000000001
2019-08-15T02:00:00,N,N4,59.99999999999999
2019-08-15T03:00:00,N,N4,59.99999999999999
2019-08-15T04:00:00,N,N4,59.99999999999999
2019-08-15T05:00:00,N,N4,59.99999999999999
2019-08-15T06:00:00,N,N4,82.00000000000001
2019-08-15T07:00:00,N,N4,83.00000000000003
2019-08-15T08:00:00,N,N4,97.0
2019-08-15T09:00:00,N,N4,99.0
2019-08-15T10:00:00,N,N4,99.0
2019-08-15T11:00:00,N,N4,101.00000000000004
2019-08-15T12:00:00,N,N4,88.00000000000003
2019-08-15T13:00:00,N,N4,79.0
2019-08-15T14:00:00,N,N4,85.00000000000001
2019-08-15T15:00:00,N,N4,85.99999999999997
2019-08-15T16:00:00,N,N4,85.99999999999997
2019-08-15T17:00:00,N,N4,104.99999999999996
2019-08-15T18:00:00,N,N4,135.00000000000003
2019-08-15T19:00:00,N,N4,108.99999999999989
2019-08-15T20:00:00,N,N4,88.00000000000003
2019-08-15T21:00:00,N,N4,88.00000000000003
2019-08-15T22:00:00,N,N4,70.00000000000003
2019-08-15T23:00:00,N,N4,66.99999999999997
2019-08-16T00:00:00,N,N4,63.99999999999998
2019-08-16T01:00:00,N,N4,59.000000000000014
2019-08-16T02:00:00,N,N4,57.99999999999999
2019-08-16T03:00:00,N,N4,57.99999999999999
2019-08-16T04:00:00,N,N4,57.99999999999999
2019-08-16T05:00:00,N,N4,63.99999999999998
2019-08-16T06:00:00,N,N4,79.0
2019-08-16T07:00:00,N,N4,90.99999999999996
2019-08-16T08:00:00,N,N4,106.99999999999996
2019-08-16T09:00:00,N,N4,110.99999999999996
2019-08-16T10:00:00,N,N4,101.99999999999996
2019-08-16T11:00:00,N,N4,119.00000000000004
2019-08-16T12:00:00,N,N4,110.00000000000004
2019-08-16T13:00:00,N,N4,96.0
2019-08-16T14:00:00,N,N4,106.99999999999996
2019-08-16T15:00:00,N,N4,100.00000000000004
2019-08-16T16:00:00,N,N4,106.99999999999996
2019-08-16T17:00:00,N,N4,128.99999999999997
2019-08-16T18:00:00,N,N4,128.99999999999997
2019-08-16T19:00:00,N,N4,104.0
2019-08-16T20:00:00,N,N4,99.0
2019-08-16T21:00:00,N,N4,83.99999999999999
2019-08-16T22:00:00,N,N4,74.99999999999997
2019-08-16T23:00:00,N,N4,66.99999999999997
2019-08-17T00:00:00,N,N4,66.99999999999997
2019-08-17T01:00:00,N,N4,66.99999999999997
2019-08-17T02:00:00,N,N4,62.00000000000001
2019-08-17T03:00:00,N,N4,62.00000000000001
2019-08-17T04:00:00,N,N4,62.00000000000001
2019-08-17T05:00:00,N,N4,66.99999999999997
2019-08-17T06:00:00,N,N4,62.00000000000001
2019-08-17T07:00:00,N,N4,66.99999999999997
2019-08-17T08:00:00,N,N4,99.0
2019-08-17T09:00:00,N,N4,106.99999999999996
2019-08-17T10:00:00,N,N4,104.99999999999996
2019-08-17T11:00:00,N,N4,104.99999999999996
2019-08-17T12:00:00,N,N4,104.99999999999996
2019-08-17T13:00:00,N,N4,88.00000000000003
2019-08-17T14:00:00,N,N4,83.00000000000003
2019-08-17T15:00:00,N,N4,83.00000000000003
2019-08-17T16:00:00,N,N4,83.00000000000003
2019-08-17T17:00:00,N,N4,119.00000000000004
2019-08-17T18:00:00,N,N4,119.00000000000004
2019-08-17T19:00:00,N,N4,119.00000000000004
2019-08-17T20:00:00,N,N4,98.00000000000004
2019-08-17T21:00:00,N,N4,82.00000000000001
2019-08-17T22:00:00,N,N4,72.0
2019-08-17T23:00:00,N,N4,72.0
2019-08-18T00:00:00,N,N4,64.99999999999999
2019-08-18T01:00:00,N,N4,64.99999999999999
2019-08-18T02:00:00,N,N4,64.99999999999999
2019-08-18T03:00:00,N,N4,64.99999999999999
2019-08-18T04:00:00,N,N4,64.99999999999999
2019-08-18T05:00:00,N,N4,64.99999999999999
2019-08-18T06:00:00,N,N4,82.00000000000001
2019-08-18T07:00:00,N,N4,82.00000000000001
2019-08-18T08:00:00,N,N4,94.0
2019-08-18T09:00:00,N,N4,94.0
2019-08-18T10:00:00,N,N4,94.0
2019-08-18T11:00:00,N,N4,87.0
2019-08-18T12:00:00,N,N4,82.00000000000001
2019-08-18T13:00:00,N,N4,82.00000000000001
2019-08-18T14:00:00,N,N4,85.00000000000001
2019-08-18T15:00:00,N,N4,74.00000000000003
2019-08-18T16:00:00,N,N4,74.00000000000003
2019-08-18T17:00:00,N,N4,101.00000000000004
2019-08-18T18:00:00,N,N4,105.99999999999996
2019-08-18T19:00:00,N,N4,85.99999999999997
2019-08-18T20:00:00,N,N4,72.99999999999999
2019-08-18T21:00:00,N,N4,71.0
2019-08-18T22:00:00,N,N4,64.99999999999999
2019-08-18T23:00:00,N,N4,55.000000000000014
2019-08-19T00:00:00,N,N4,59.99999999999999
2019-08-19T01:00:00,N,N4,57.00000000000001
2019-08-19T02:00:00,N,N4,57.00000000000001
2019-08-19T03:00:00,N,N4,57.00000000000001
2019-08-19T04:00:00,N,N4,57.00000000000001
2019-08-19T05:00:00,N,N4,59.99999999999999
2019-08-19T06:00:00,N,N4,85.00000000000001
2019-08-19T07:00:00,N,N4,83.00000000000003
2019-08-19T08:00:00,N,N4,104.99999999999996
2019-08-19T09:00:00,N,N4,110.99999999999996
2019-08-19T10:00:00,N,N4,103.0
2019-08-19T11:00:00,N,N4,118.00000000000004
2019-08-19T12:00:00,N,N4,103.0
2019-08-19T13:00:00,N,N4,87.0
2019-08-19T14:00:00,N,N4,92.0
2019-08-19T15:00:00,N,N4,92.0
2019-08-19T16:00:00,N,N4,92.0
2019-08-19T17:00:00,N,N4,108.99999999999996
2019-08-19T18:00:00,N,N4,137.00000000000003
2019-08-19T19:00:00,N,N4,108.00000000000004
2019-08-19T20:00:00,N,N4,87.0
2019-08-19T21:00:00,N,N4,74.99999999999997
2019-08-19T22:00:00,N,N4,70.00000000000003
2019-08-19T23:00:00,N,N4,64.99999999999999
2019-08-20T00:00:00,N,N4,
2019-08-20T01:00:00,N,N4,
2019-08-20T02:00:00,N,N4,
2019-08-20T03:00:00,N,N4,
2019-08-20T04:00:00,N,N4,
2019-08-20T05:00:00,N,N4,
2019-08-20T06:00:00,N,N4,
2019-08-20T07:00:00,N,N4,
2019-08-20T08:00:00,N,N4,
2019-08-20T09:00:00,N,N4,
2019-08-20T10:00:00,N,N4,
2019-08-20T11:00:00,N,N4,
2019-08-20T12:00:00,N,N4,
2019-08-20T13:00:00,N,N4,
2019-08-20T14:00:00,N,N4,
2019-08-20T15:00:00,N,N4,
2019-08-20T16:00:00,N,N4,
2019-08-20T17:00:00,N,N4,
2019-08-20T18:00:00,N,N4,
2019-08-20T19:00:00,N,N4,
2019-08-20T20:00:00,N,N4,
2019-08-20T21:00:00,N,N4,
2019-08-20T22:00:00,N,N4,
2019-08-20T23:00:00,N,N4,
2019-08-21T00:00:00,N,N4,49.99999999999999
2019-08-21T01:00:00,N,N4,49.99999999999999
2019-08-21T02:00:00,N,N4,49.99999999999999
2019-08-21T03:00:00,N,N4,49.99999999999999
2019-08-21T04:00:00,N,N4,49.99999999999999
2019-08-21T05:00:00,N,N4,49.99999999999999
2019-08-21T06:00:00,N,N4,70.00000000000003
2019-08-21T07:00:00,N,N4,76.0
2019-08-21T08:00:00,N,N4,83.99999999999999
2019-08-21T09:00:00,N,N4,88.00000000000003
2019-08-21T10:00:00,N,N4,95.0
2019-08-21T11:00:00,N,N4,100.00000000000004
2019-08-21T12:00:00,N,N4,85.99999999999997
2019-08-21T13:00:00,N,N4,78.0
2019-08-21T14:00:00,N,N4,85.99999999999997
2019-08-21T15:00:00,N,N4,82.00000000000001
2019-08-21T16:00:00,N,N4,87.0
2019-08-21T17:00:00,N,N4,110.00000000000004
2019-08-21T18:00:00,N,N4,117.00000000000004
2019-08-21T19:00:00,N,N4,104.99999999999996
2019-08-21T20:00:00,N,N4,87.0
2019-08-21T21:00:00,N,N4,74.99999999999997
2019-08-21T22:00:00,N,N4,65.99999999999997
2019-08-21T23:00:00,N,N4,61.00000000000001
2019-08-22T00:00:00,N,N4,56.00000000000002
2019-08-22T01:00:00,N,N4,62.00000000000001
2019-08-22T02:00:00,N,N4,62.00000000000001
2019-08-22T03:00:00,N,N4,62.00000000000001
2019-08-22T04:00:00,N,N4,62.00000000000001
2019-08-22T05:00:00,N,N4,65.99999999999997
2019-08-22T06:00:00,N,N4,92.0
2019-08-22T07:00:00,N,N4,100.47156346658603
2019-08-22T08:00:00,N,N4,114.64793622020208
2019-08-22T09:00:00,N,N4,121.21740560433724
2019-08-22T10:00:00,N,N4,127.9992702627054
2019-08-22T11:00:00,N,N4,137.34752119282857
2019-08-22T12:00:00,N,N4,127.09429863524107
2019-08-22T13:00:00,N,N4,121.00000000000004
2019-08-22T14:00:00,N,N4,125.00000000000004
2019-08-22T15:00:00,N,N4,125.00000000000004
2019-08-22T16:00:00,N,N4,111.97427471623588
2019-08-22T17:00:00,N,N4,111.5263477093858
2019-08-22T18:00:00,N,N4,108.10027721845634
2019-08-22T19:00:00,N,N4,79.99999999999997
2019-08-22T20:00:00,N,N4,72.0
2019-08-22T21:00:00,N,N4,74.99999999999997
2019-08-22T22:00:00,N,N4,59.000000000000014
2019-08-22T23:00:00,N,N4,54.00000000000001
2019-08-23T00:00:00,N,N4,54.00000000000001
2019-08-23T01:00:00,N,N4,54.00000000000001
2019-08-23T02:00:00,N,N4,57.00000000000001
2019-08-23T03:00:00,N,N4,57.00000000000001
2019-08-23T04:00:00,N,N4,57.00000000000001
2019-08-23T05:00:00,N,N4,63.99999999999998
2019-08-23T06:00:00,N,N4,72.0
2019-08-23T07:00:00,N,N4,78.0
2019-08-23T08:00:00,N,N4,94.0
2019-08-23T09:00:00,N,N4,99.0
2019-08-23T10:00:00,N,N4,101.99999999999996
2019-08-23T11:00:00,N,N4,110.99999999999996
2019-08-23T12:00:00,N,N4,88.00000000000003
2019-08-23T13:00:00,N,N4,78.0
2019-08-23T14:00:00,N,N4,90.0
2019-08-23T15:00:00,N,N4,90.0
2019-08-23T16:00:00,N,N4,103.0
2019-08-23T17:00:00,N,N4,103.0
2019-08-23T18:00:00,N,N4,118.00000000000004
2019-08-23T19:00:00,N,N4,103.0
2019-08-23T20:00:00,N,N4,92.0
2019-08-23T21:00:00,N,N4,82.00000000000001
2019-08-23T22:00:00,N,N4,66.99999999999997
2019-08-23T23:00:00,N,N4,62.00000000000001
2019-08-24T00:00:00,N,N4,62.000000000000064
2019-08-24T01:00:00,N,N4,62.00000000000001
2019-08-24T02:00:00,N,N4,62.00000000000001
2019-08-24T03:00:00,N,N4,62.00000000000001
2019-08-24T04:00:00,N,N4,62.00000000000001
2019-08-24T05:00:00,N,N4,65.99999999999997
2019-08-24T06:00:00,N,N4,82.00000000000001
2019-08-24T07:00:00,N,N4,84.08333333333333
2019-08-24T08:00:00,N,N4,98.00000000000004
2019-08-24T09:00:00,N,N4,105.99999999999996
2019-08-24T10:00:00,N,N4,100.00000000000004
2019-08-24T11:00:00,N,N4,93.00000000000004
2019-08-24T12:00:00,N,N4,83.00000000000003
2019-08-24T13:00:00,N,N4,79.99999999999997
2019-08-24T14:00:00,N,N4,78.0
2019-08-24T15:00:00,N,N4,65.20111032466825
2019-08-24T16:00:00,N,N4,56.00000000000002
2019-08-24T17:00:00,N,N4,72.0
2019-08-24T18:00:00,N,N4,81.97886092114966
2019-08-24T19:00:00,N,N4,69.00000000000001
2019-08-24T20:00:00,N,N4,59.000000000000014
2019-08-24T21:00:00,N,N4,48.99999999999999
2019-08-24T22:00:00,N,N4,40.0
2019-08-24T23:00:00,N,N4,40.00000000000004
2019-08-25T00:00:00,N,N4,40.00000000000004
2019-08-25T01:00:00,N,N4,34.99999999999999
2019-08-25T02:00:00,N,N4,34.99999999999999
2019-08-25T03:00:00,N,N4,34.99999999999999
2019-08-25T04:00:00,N,N4,34.99999999999999
2019-08-25T05:00:00,N,N4,34.99999999999999
2019-08-25T06:00:00,N,N4,42.00000000000001
2019-08-25T07:00:00,N,N4,77.5
2019-08-25T08:00:00,N,N4,83.5
2019-08-25T09:00:00,N,N4,87.09090909090911
2019-08-25T10:00:00,N,N4,89.05691156825854
2019-08-25T11:00:00,N,N4,88.44357338831622
2019-08-25T12:00:00,N,N4,80.61168409017071
2019-08-25T13:00:00,N,N4,76.69112741212079
2019-08-25T14:00:00,N,N4,76.63748089564238
2019-08-25T15:00:00,N,N4,75.35560005928805
2019-08-25T16:00:00,N,N4,49.99999999999999
2019-08-25T17:00:00,N,N4,57.00000000000001
2019-08-25T18:00:00,N,N4,64.99999999999999
2019-08-25T19:00:00,N,N4,108.99999999999996
2019-08-25T20:00:00,N,N4,46.99999999999999
2019-08-25T21:00:00,N,N4,40.0
2019-08-25T22:00:00,N,N4,34.99999999999999
2019-08-25T23:00:00,N,N4,34.99999999999999
2019-08-26T00:00:00,N,N4,34.99999999999999
2019-08-26T01:00:00,N,N4,34.99999999999999
2019-08-26T02:00:00,N,N4,27.0
2019-08-26T03:00:00,N,N4,26.99999999999998
2019-08-26T04:00:00,N,N4,26.99999999999998
2019-08-26T05:00:00,N,N4,34.99999999999999
2019-08-26T06:00:00,N,N4,46.00000000000002
2019-08-26T07:00:00,N,N4,46.99999999999999
2019-08-26T08:00:00,N,N4,55.000000000000014
2019-08-26T09:00:00,N,N4,51.938510264582106
2019-08-26T10:00:00,N,N4,48.99999999999999
2019-08-26T11:00:00,N,N4,85.99999999999997
2019-08-26T12:00:00,N,N4,72.99999999999999
2019-08-26T13:00:00,N,N4,62.99999999999999
2019-08-26T14:00:00,N,N4,65.99999999999997
2019-08-26T15:00:00,N,N4,68.00000000000001
2019-08-26T16:00:00,N,N4,74.99999999999997
2019-08-26T17:00:00,N,N4,92.0
2019-08-26T18:00:00,N,N4,95.0
2019-08-26T19:00:00,N,N4,79.99999999999997
2019-08-26T20:00:00,N,N4,63.99999999999998
2019-08-26T21:00:00,N,N4,54.00000000000001
2019-08-26T22:00:00,N,N4,40.00000000000004
2019-08-26T23:00:00,N,N4,40.0
2019-08-27T00:00:00,N,N4,40.00000000000004
2019-08-27T01:00:00,N,N4,40.0
2019-08-27T02:00:00,N,N4,40.0
2019-08-27T03:00:00,N,N4,40.0
2019-08-27T04:00:00,N,N4,40.0
2019-08-27T05:00:00,N,N4,46.99999999999999
2019-08-27T06:00:00,N,N4,59.000000000000014
2019-08-27T07:00:00,N,N4,62.00000000000001
2019-08-27T08:00:00,N,N4,78.0
2019-08-27T09:00:00,N,N4,83.00000000000003
2019-08-27T10:00:00,N,N4,83.99999999999999
2019-08-27T11:00:00,N,N4,90.0
2019-08-27T12:00:00,N,N4,79.0
2019-08-27T13:00:00,N,N4,65.99999999999997
2019-08-27T14:00:00,N,N4,74.00000000000003
2019-08-27T15:00:00,N,N4,74.99999999999997
2019-08-27T16:00:00,N,N4,74.00000000000003
2019-08-27T17:00:00,N,N4,104.99999999999996
2019-08-27T18:00:00,N,N4,104.99999999999996
2019-08-27T19:00:00,N,N4,88.00000000000003
2019-08-27T20:00:00,N,N4,72.0
2019-08-27T21:00:00,N,N4,66.99999999999997
2019-08-27T22:00:00,N,N4,55.000000000000014
2019-08-27T23:00:00,N,N4,46.99999999999999
2019-08-28T00:00:00,N,N4,46.99999999999999
2019-08-28T01:00:00,N,N4,46.99999999999999
2019-08-28T02:00:00,N,N4,46.99999999999999
2019-08-28T03:00:00,N,N4,46.99999999999999
2019-08-28T04:00:00,N,N4,46.99999999999999
2019-08-28T05:00:00,N,N4,52.00000000000001
2019-08-28T06:00:00,N,N4,72.99999999999999
2019-08-28T07:00:00,N,N4,74.99999999999997
2019-08-28T08:00:00,N,N4,78.0
2019-08-28T09:00:00,N,N4,83.99999999999999
2019-08-28T10:00:00,N,N4,79.99999999999997
2019-08-28T11:00:00,N,N4,85.99999999999997
2019-08-28T12:00:00,N,N4,74.00000000000003
2019-08-28T13:00:00,N,N4,71.0
2019-08-28T14:00:00,N,N4,87.0
2019-08-28T15:00:00,N,N4,85.00000000000001
2019-08-28T16:00:00,N,N4,78.0
2019-08-28T17:00:00,N,N4,88.00000000000003
2019-08-28T18:00:00,N,N4,101.00000000000004
2019-08-28T19:00:00,N,N4,87.0
2019-08-28T20:00:00,N,N4,74.99999999999997
2019-08-28T21:00:00,N,N4,62.00000000000001
2019-08-28T22:00:00,N,N4,59.000000000000014
2019-08-28T23:00:00,N,N4,57.99999999999999
2019-08-29T00:00:00,N,N4,53.00000000000001
2019-08-29T01:00:00,N,N4,54.00000000000001
2019-08-29T02:00:00,N,N4,54.00000000000001
2019-08-29T03:00:00,N,N4,54.00000000000001
2019-08-29T04:00:00,N,N4,56.00000000000002
2019-08-29T05:00:00,N,N4,59.000000000000014
2019-08-29T06:00:00,N,N4,71.0
2019-08-29T07:00:00,N,N4,74.00000000000003
2019-08-29T08:00:00,N,N4,74.00000000000003
2019-08-29T09:00:00,N,N4,83.00000000000003
2019-08-29T10:00:00,N,N4,83.99999999999999
2019-08-29T11:00:00,N,N4,94.0
2019-08-29T12:00:00,N,N4,81.00000000000003
2019-08-29T13:00:00,N,N4,81.00000000000003
2019-08-29T14:00:00,N,N4,82.00000000000001
2019-08-29T15:00:00,N,N4,83.99999999999999
2019-08-29T16:00:00,N,N4,87.0
2019-08-29T17:00:00,N,N4,87.0
2019-08-29T18:00:00,N,N4,104.99999999999996
2019-08-29T19:00:00,N,N4,87.0
2019-08-29T20:00:00,N,N4,74.99999999999997
2019-08-29T21:00:00,N,N4,66.99999999999997
2019-08-29T22:00:00,N,N4,65.99999999999997
2019-08-29T23:00:00,N,N4,61.00000000000001
2019-08-30T00:00:00,N,N4,59.99999999999999
2019-08-30T01:00:00,N,N4,56.00000000000002
2019-08-30T02:00:00,N,N4,56.00000000000002
2019-08-30T03:00:00,N,N4,56.00000000000002
2019-08-30T04:00:00,N,N4,56.00000000000002
2019-08-30T05:00:00,N,N4,59.99999999999999
2019-08-30T06:00:00,N,N4,78.0
2019-08-30T07:00:00,N,N4,74.99999999999997
2019-08-30T08:00:00,N,N4,78.0
2019-08-30T09:00:00,N,N4,85.99999999999997
2019-08-30T10:00:00,N,N4,85.99999999999997
2019-08-30T11:00:00,N,N4,97.0
2019-08-30T12:00:00,N,N4,79.0
2019-08-30T13:00:00,N,N4,78.0
2019-08-30T14:00:00,N,N4,93.00000000000004
2019-08-30T15:00:00,N,N4,87.0
2019-08-30T16:00:00,N,N4,83.99999999999999
2019-08-30T17:00:00,N,N4,79.99999999999997
2019-08-30T18:00:00,N,N4,100.00000000000004
2019-08-30T19:00:00,N,N4,92.0
2019-08-30T20:00:00,N,N4,79.99999999999997
2019-08-30T21:00:00,N,N4,66.99999999999997
2019-08-30T22:00:00,N,N4,68.00000000000001
2019-08-30T23:00:00,N,N4,62.00000000000001
2019-08-31T00:00:00,N,N4,61.00000000000001
2019-08-31T01:00:00,N,N4,56.00000000000002
2019-08-31T02:00:00,N,N4,53.00000000000001
2019-08-31T03:00:00,N,N4,53.00000000000001
2019-08-31T04:00:00,N,N4,46.99999999999999
2019-08-31T05:00:00,N,N4,49.99999999999999
2019-08-31T06:00:00,N,N4,49.99999999999999
2019-08-31T07:00:00,N,N4,62.00000000000001
2019-08-31T08:00:00,N,N4,59.99999999999999
2019-08-31T09:00:00,N,N4,64.99999999999999
2019-08-31T10:00:00,N,N4,64.99999999999999
2019-08-31T11:00:00,N,N4,79.99999999999997
2019-08-31T12:00:00,N,N4,77.00000000000001
2019-08-31T13:00:00,N,N4,66.99999999999997
2019-08-31T14:00:00,N,N4,69.00000000000001
2019-08-31T15:00:00,N,N4,74.00000000000003
2019-08-31T16:00:00,N,N4,74.00000000000003
2019-08-31T17:00:00,N,N4,83.99999999999999
2019-08-31T18:00:00,N,N4,100.00000000000004
2019-08-31T19:00:00,N,N4,79.99999999999997
2019-08-31T20:00:00,N,N4,70.00000000000003
2019-08-31T21:00:00,N,N4,59.99999999999999
2019-08-31T22:00:00,N,N4,55.000000000000014
2019-08-31T23:00:00,N,N4,49.99999999999999
2019-09-01T00:00:00,N,N4,49.99999999999999
2019-09-01T01:00:00,N,N4,46.99999999999999
2019-09-01T02:00:00,N,N4,44.99999999999999
2019-09-01T03:00:00,N,N4,44.99999999999999
2019-09-01T04:00:00,N,N4,46.00000000000002
2019-09-01T05:00:00,N,N4,46.99999999999999
2019-09-01T06:00:00,N,N4,59.99999999999999
2019-09-01T07:00:00,N,N4,64.99999999999999
2019-09-01T08:00:00,N,N4,64.99999999999999
2019-09-01T09:00:00,N,N4,72.0
2019-09-01T10:00:00,N,N4,72.0
2019-09-01T11:00:00,N,N4,72.0
2019-09-01T12:00:00,N,N4,64.99999999999999
2019-09-01T13:00:00,N,N4,59.99999999999999
2019-09-01T14:00:00,N,N4,57.00000000000001
2019-09-01T15:00:00,N,N4,53.00000000000001
2019-09-01T16:00:00,N,N4,57.99999999999999
2019-09-01T17:00:00,N,N4,62.99999999999999
2019-09-01T18:00:00,N,N4,93.00000000000004
2019-09-01T19:00:00,N,N4,82.00000000000001
2019-09-01T20:00:00,N,N4,66.99999999999997
2019-09-01T21:00:00,N,N4,57.00000000000001
2019-09-01T22:00:00,N,N4,52.00000000000001
2019-09-01T23:00:00,N,N4,46.99999999999999
2019-09-02T00:00:00,N,N4,46.99999999999999
2019-09-02T01:00:00,N,N4,42.00000000000001
2019-09-02T02:00:00,N,N4,42.00000000000001
2019-09-02T03:00:00,N,N4,42.00000000000001
2019-09-02T04:00:00,N,N4,42.00000000000001
2019-09-02T05:00:00,N,N4,52.00000000000001
2019-09-02T06:00:00,N,N4,72.0
2019-09-02T07:00:00,N,N4,77.00000000000001
2019-09-02T08:00:00,N,N4,79.99999999999997
2019-09-02T09:00:00,N,N4,82.00000000000001
2019-09-02T10:00:00,N,N4,86.00000000000004
2019-09-02T11:00:00,N,N4,99.0
2019-09-02T12:00:00,N,N4,78.0
2019-09-02T13:00:00,N,N4,68.00000000000001
2019-09-02T14:00:00,N,N4,76.0
2019-09-02T15:00:00,N,N4,74.00000000000003
2019-09-02T16:00:00,N,N4,74.00000000000003
2019-09-02T17:00:00,N,N4,108.99999999999996
2019-09-02T18:00:00,N,N4,113.00000000000004
2019-09-02T19:00:00,N,N4,100.00000000000004
2019-09-02T20:00:00,N,N4,78.0
2019-09-02T21:00:00,N,N4,72.0
2019-09-02T22:00:00,N,N4,57.99999999999999
2019-09-02T23:00:00,N,N4,52.00000000000001
2019-09-03T00:00:00,N,N4,52.00000000000001
2019-09-03T01:00:00,N,N4,52.00000000000001
2019-09-03T02:00:00,N,N4,52.00000000000001
2019-09-03T03:00:00,N,N4,52.00000000000001
2019-09-03T04:00:00,N,N4,52.00000000000001
2019-09-03T05:00:00,N,N4,52.00000000000001
2019-09-03T06:00:00,N,N4,72.99999999999999
2019-09-03T07:00:00,N,N4,82.00000000000001
2019-09-03T08:00:00,N,N4,85.00000000000001
2019-09-03T09:00:00,N,N4,87.0
2019-09-03T10:00:00,N,N4,83.99999999999999
2019-09-03T11:00:00,N,N4,88.00000000000003
2019-09-03T12:00:00,N,N4,81.00000000000003
2019-09-03T13:00:00,N,N4,72.99999999999999
2019-09-03T14:00:00,N,N4,76.0
2019-09-03T15:00:00,N,N4,79.0
2019-09-03T16:00:00,N,N4,81.00000000000003
2019-09-03T17:00:00,N,N4,90.0
2019-09-03T18:00:00,N,N4,115.0
2019-09-03T19:00:00,N,N4,98.00000000000004
2019-09-03T20:00:00,N,N4,114.00000000000004
2019-09-03T21:00:00,N,N4,66.99999999999997
2019-09-03T22:00:00,N,N4,59.99999999999999
2019-09-03T23:00:00,N,N4,53.00000000000001
2019-09-04T00:00:00,N,N4,53.00000000000001
2019-09-04T01:00:00,N,N4,48.00000000000001
2019-09-04T02:00:00,N,N4,48.00000000000001
2019-09-04T03:00:00,N,N4,48.00000000000001
2019-09-04T04:00:00,N,N4,48.00000000000001
2019-09-04T05:00:00,N,N4,57.00000000000001
2019-09-04T06:00:00,N,N4,77.00000000000001
2019-09-04T07:00:00,N,N4,83.99999999999999
2019-09-04T08:00:00,N,N4,90.99999999999996
2019-09-04T09:00:00,N,N4,93.00000000000004
2019-09-04T10:00:00,N,N4,93.00000000000004
2019-09-04T11:00:00,N,N4,97.0
2019-09-04T12:00:00,N,N4,88.00000000000003
2019-09-04T13:00:00,N,N4,72.99999999999999
2019-09-04T14:00:00,N,N4,87.0
2019-09-04T15:00:00,N,N4,82.00000000000001
2019-09-04T16:00:00,N,N4,88.99999999999999
2019-09-04T17:00:00,N,N4,97.0
2019-09-04T18:00:00,N,N4,118.00000000000004
2019-09-04T19:00:00,N,N4,93.00000000000004
2019-09-04T20:00:00,N,N4,82.00000000000001
2019-09-04T21:00:00,N,N4,66.99999999999997
2019-09-04T22:00:00,N,N4,52.00000000000001
2019-09-04T23:00:00,N,N4,52.00000000000001
2019-09-05T00:00:00,N,N4,46.99999999999999
2019-09-05T01:00:00,N,N4,46.99999999999999
2019-09-05T02:00:00,N,N4,46.99999999999999
2019-09-05T03:00:00,N,N4,46.99999999999999
2019-09-05T04:00:00,N,N4,46.99999999999999
2019-09-05T05:00:00,N,N4,52.00000000000001
2019-09-05T06:00:00,N,N4,59.99999999999999
2019-09-05T07:00:00,N,N4,71.0
2019-09-05T08:00:00,N,N4,87.0
2019-09-05T09:00:00,N,N4,88.00000000000003
2019-09-05T10:00:00,N,N4,98.00000000000004
2019-09-05T11:00:00,N,N4,100.00000000000004
2019-09-05T12:00:00,N,N4,85.00000000000001
2019-09-05T13:00:00,N,N4,72.0
2019-09-05T14:00:00,N,N4,78.0
2019-09-05T15:00:00,N,N4,79.99999999999997
2019-09-05T16:00:00,N,N4,88.00000000000003
2019-09-05T17:00:00,N,N4,103.0
2019-09-05T18:00:00,N,N4,117.00000000000004
2019-09-05T19:00:00,N,N4,90.0
2019-09-05T20:00:00,N,N4,85.00000000000001
2019-09-05T21:00:00,N,N4,70.00000000000003
2019-09-05T22:00:00,N,N4,55.000000000000014
2019-09-05T23:00:00,N,N4,49.99999999999999
2019-09-06T00:00:00,N,N4,44.99999999999999
2019-09-06T01:00:00,N,N4,44.99999999999999
2019-09-06T02:00:00,N,N4,44.99999999999999
2019-09-06T03:00:00,N,N4,44.99999999999999
2019-09-06T04:00:00,N,N4,44.99999999999999
2019-09-06T05:00:00,N,N4,49.99999999999999
2019-09-06T06:00:00,N,N4,72.0
2019-09-06T07:00:00,N,N4,82.00000000000001
2019-09-06T08:00:00,N,N4,93.00000000000004
2019-09-06T09:00:00,N,N4,90.0
2019-09-06T10:00:00,N,N4,92.0
2019-09-06T11:00:00,N,N4,99.0
2019-09-06T12:00:00,N,N4,82.00000000000001
2019-09-06T13:00:00,N,N4,74.00000000000003
2019-09-06T14:00:00,N,N4,87.0
2019-09-06T15:00:00,N,N4,85.00000000000001
2019-09-06T16:00:00,N,N4,81.00000000000003
2019-09-06T17:00:00,N,N4,92.0
2019-09-06T18:00:00,N,N4,117.00000000000004
2019-09-06T19:00:00,N,N4,101.99999999999996
2019-09-06T20:00:00,N,N4,85.99999999999997
2019-09-06T21:00:00,N,N4,76.0
2019-09-06T22:00:00,N,N4,76.0
2019-09-06T23:00:00,N,N4,56.00000000000002
2019-09-07T00:00:00,N,N4,56.00000000000002
2019-09-07T01:00:00,N,N4,56.00000000000002
2019-09-07T02:00:00,N,N4,55.000000000000014
2019-09-07T03:00:00,N,N4,55.000000000000014
2019-09-07T04:00:00,N,N4,51.00000000000002
2019-09-07T05:00:00,N,N4,51.00000000000002
2019-09-07T06:00:00,N,N4,59.99999999999999
2019-09-07T07:00:00,N,N4,77.00000000000001
2019-09-07T08:00:00,N,N4,90.0
2019-09-07T09:00:00,N,N4,92.0
2019-09-07T10:00:00,N,N4,100.00000000000004
2019-09-07T11:00:00,N,N4,100.00000000000004
2019-09-07T12:00:00,N,N4,82.00000000000001
2019-09-07T13:00:00,N,N4,79.99999999999997
2019-09-07T14:00:00,N,N4,83.00000000000003
2019-09-07T15:00:00,N,N4,88.99999999999999
2019-09-07T16:00:00,N,N4,83.99999999999999
2019-09-07T17:00:00,N,N4,110.00000000000004
2019-09-07T18:00:00,N,N4,114.00000000000004
2019-09-07T19:00:00,N,N4,88.99999999999999
2019-09-07T20:00:00,N,N4,83.99999999999999
2019-09-07T21:00:00,N,N4,69.00000000000001
2019-09-07T22:00:00,N,N4,69.00000000000001
2019-09-07T23:00:00,N,N4,69.00000000000001
2019-09-08T00:00:00,N,N4,69.00000000000001
2019-09-08T01:00:00,N,N4,63.99999999999998
2019-09-08T02:00:00,N,N4,63.99999999999998
2019-09-08T03:00:00,N,N4,63.99999999999998
2019-09-08T04:00:00,N,N4,63.99999999999998
2019-09-08T05:00:00,N,N4,63.99999999999998
2019-09-08T06:00:00,N,N4,69.00000000000001
2019-09-08T07:00:00,N,N4,85.00000000000001
2019-09-08T08:00:00,N,N4,85.00000000000001
2019-09-08T09:00:00,N,N4,85.00000000000001
2019-09-08T10:00:00,N,N4,94.0
2019-09-08T11:00:00,N,N4,90.0
2019-09-08T12:00:00,N,N4,79.99999999999997
2019-09-08T13:00:00,N,N4,79.99999999999997
2019-09-08T14:00:00,N,N4,79.99999999999997
2019-09-08T15:00:00,N,N4,79.99999999999997
2019-09-08T16:00:00,N,N4,79.99999999999997
2019-09-08T17:00:00,N,N4,104.99999999999996
2019-09-08T18:00:00,N,N4,104.99999999999996
2019-09-08T19:00:00,N,N4,100.00000000000004
2019-09-08T20:00:00,N,N4,95.0
2019-09-08T21:00:00,N,N4,85.00000000000001
2019-09-08T22:00:00,N,N4,79.99999999999997
2019-09-08T23:00:00,N,N4,79.99999999999997
2019-09-09T00:00:00,N,N4,64.99999999999999
2019-09-09T01:00:00,N,N4,64.99999999999999
2019-09-09T02:00:00,N,N4,64.99999999999999
2019-09-09T03:00:00,N,N4,64.99999999999999
2019-09-09T04:00:00,N,N4,64.99999999999999
2019-09-09T05:00:00,N,N4,64.99999999999999
2019-09-09T06:00:00,N,N4,81.00000000000003
2019-09-09T07:00:00,N,N4,90.99999999999996
2019-09-09T08:00:00,N,N4,101.99999999999996
2019-09-09T09:00:00,N,N4,101.99999999999996
2019-09-09T10:00:00,N,N4,100.00000000000004
2019-09-09T11:00:00,N,N4,90.0
2019-09-09T12:00:00,N,N4,92.0
2019-09-09T13:00:00,N,N4,85.00000000000001
2019-09-09T14:00:00,N,N4,93.00000000000004
2019-09-09T15:00:00,N,N4,99.0
2019-09-09T16:00:00,N,N4,104.0
2019-09-09T17:00:00,N,N4,117.00000000000004
2019-09-09T18:00:00,N,N4,124.00000000000004
2019-09-09T19:00:00,N,N4,121.00000000000004
2019-09-09T20:00:00,N,N4,110.00000000000004
2019-09-09T21:00:00,N,N4,101.00000000000004
2019-09-09T22:00:00,N,N4,93.00000000000004
2019-09-09T23:00:00,N,N4,79.99999999999997
2019-09-10T00:00:00,N,N4,74.99999999999997
2019-09-10T01:00:00,N,N4,74.99999999999997
2019-09-10T02:00:00,N,N4,74.99999999999997
2019-09-10T03:00:00,N,N4,74.99999999999997
2019-09-10T04:00:00,N,N4,74.99999999999997
2019-09-10T05:00:00,N,N4,79.99999999999997
2019-09-10T06:00:00,N,N4,93.00000000000004
2019-09-10T07:00:00,N,N4,94.0
2019-09-10T08:00:00,N,N4,115.0
2019-09-10T09:00:00,N,N4,121.00000000000004
2019-09-10T10:00:00,N,N4,126.0
2019-09-10T11:00:00,N,N4,137.00000000000003
2019-09-10T12:00:00,N,N4,111.99999999999996
2019-09-10T13:00:00,N,N4,108.00000000000004
2019-09-10T14:00:00,N,N4,122.00000000000004
2019-09-10T15:00:00,N,N4,121.00000000000004
2019-09-10T16:00:00,N,N4,124.00000000000004
2019-09-10T17:00:00,N,N4,127.99999999999996
2019-09-10T18:00:00,N,N4,152.0
2019-09-10T19:00:00,N,N4,138.00000000000006
2019-09-10T20:00:00,N,N4,114.00000000000004
2019-09-10T21:00:00,N,N4,99.0
2019-09-10T22:00:00,N,N4,87.0
2019-09-10T23:00:00,N,N4,79.99999999999997
2019-09-11T00:00:00,N,N4,74.99999999999997
2019-09-11T01:00:00,N,N4,66.99999999999997
2019-09-11T02:00:00,N,N4,62.00000000000001
2019-09-11T03:00:00,N,N4,62.00000000000001
2019-09-11T04:00:00,N,N4,62.00000000000001
2019-09-11T05:00:00,N,N4,66.99999999999997
2019-09-11T06:00:00,N,N4,88.99999999999999
2019-09-11T07:00:00,N,N4,90.99999999999996
2019-09-11T08:00:00,N,N4,96.0
2019-09-11T09:00:00,N,N4,103.0
2019-09-11T10:00:00,N,N4,100.00000000000004
2019-09-11T11:00:00,N,N4,119.99999999999996
2019-09-11T12:00:00,N,N4,99.0
2019-09-11T13:00:00,N,N4,97.0
2019-09-11T14:00:00,N,N4,103.0
2019-09-11T15:00:00,N,N4,101.00000000000004
2019-09-11T16:00:00,N,N4,98.00000000000004
2019-09-11T17:00:00,N,N4,100.00000000000004
2019-09-11T18:00:00,N,N4,127.99999999999996
2019-09-11T19:00:00,N,N4,108.00000000000004
2019-09-11T20:00:00,N,N4,108.00000000000004
2019-09-11T21:00:00,N,N4,77.00000000000001
2019-09-11T22:00:00,N,N4,62.00000000000001
2019-09-11T23:00:00,N,N4,55.000000000000014
2019-09-12T00:00:00,N,N4,55.000000000000014
2019-09-12T01:00:00,N,N4,55.000000000000014
2019-09-12T02:00:00,N,N4,46.99999999999999
2019-09-12T03:00:00,N,N4,46.99999999999999
2019-09-12T04:00:00,N,N4,46.99999999999999
2019-09-12T05:00:00,N,N4,44.99999999999999
2019-09-12T06:00:00,N,N4,54.00000000000001
2019-09-12T07:00:00,N,N4,57.00000000000001
2019-09-12T08:00:00,N,N4,72.0
2019-09-12T09:00:00,N,N4,72.0
2019-09-12T10:00:00,N,N4,77.00000000000001
2019-09-12T11:00:00,N,N4,88.00000000000003
2019-09-12T12:00:00,N,N4,83.00000000000003
2019-09-12T13:00:00,N,N4,71.0
2019-09-12T14:00:00,N,N4,74.99999999999997
2019-09-12T15:00:00,N,N4,72.99999999999999
2019-09-12T16:00:00,N,N4,72.0
2019-09-12T17:00:00,N,N4,114.00000000000004
2019-09-12T18:00:00,N,N4,114.00000000000004
2019-09-12T19:00:00,N,N4,95.0
2019-09-12T20:00:00,N,N4,71.0
2019-09-12T21:00:00,N,N4,65.99999999999997
2019-09-12T22:00:00,N,N4,61.00000000000001
2019-09-12T23:00:00,N,N4,56.00000000000002
2019-09-13T00:00:00,N,N4,51.00000000000002
2019-09-13T01:00:00,N,N4,51.00000000000002
2019-09-13T02:00:00,N,N4,51.00000000000002
2019-09-13T03:00:00,N,N4,51.00000000000002
2019-09-13T04:00:00,N,N4,51.00000000000002
2019-09-13T05:00:00,N,N4,63.083333333333336
2019-09-13T06:00:00,N,N4,64.99999999999999
2019-09-13T07:00:00,N,N4,70.00000000000003
2019-09-13T08:00:00,N,N4,88.00000000000003
2019-09-13T09:00:00,N,N4,93.00000000000004
2019-09-13T10:00:00,N,N4,97.0
2019-09-13T11:00:00,N,N4,104.0
2019-09-13T12:00:00,N,N4,83.99999999999999
2019-09-13T13:00:00,N,N4,74.00000000000003
2019-09-13T14:00:00,N,N4,82.00000000000001
2019-09-13T15:00:00,N,N4,82.00000000000001
2019-09-13T16:00:00,N,N4,85.00000000000001
2019-09-13T17:00:00,N,N4,104.0
2019-09-13T18:00:00,N,N4,115.0
2019-09-13T19:00:00,N,N4,100.00000000000004
2019-09-13T20:00:00,N,N4,85.00000000000001
2019-09-13T21:00:00,N,N4,74.99999999999997
2019-09-13T22:00:00,N,N4,64.99999999999999
2019-09-13T23:00:00,N,N4,59.99999999999999
2019-09-14T00:00:00,N,N4,55.000000000000014
2019-09-14T01:00:00,N,N4,64.99999999999999
2019-09-14T02:00:00,N,N4,59.99999999999999
2019-09-14T03:00:00,N,N4,55.000000000000014
2019-09-14T04:00:00,N,N4,55.000000000000014
2019-09-14T05:00:00,N,N4,55.000000000000014
2019-09-14T06:00:00,N,N4,74.99999999999997
2019-09-14T07:00:00,N,N4,79.99999999999997
2019-09-14T08:00:00,N,N4,85.00000000000001
2019-09-14T09:00:00,N,N4,81.00000000000003
2019-09-14T10:00:00,N,N4,90.0
2019-09-14T11:00:00,N,N4,85.99999999999997
2019-09-14T12:00:00,N,N4,78.0
2019-09-14T13:00:00,N,N4,72.0
2019-09-14T14:00:00,N,N4,76.0
2019-09-14T15:00:00,N,N4,72.99999999999999
2019-09-14T16:00:00,N,N4,72.99999999999999
2019-09-14T17:00:00,N,N4,83.99999999999999
2019-09-14T18:00:00,N,N4,101.99999999999996
2019-09-14T19:00:00,N,N4,90.0
2019-09-14T20:00:00,N,N4,90.0
2019-09-14T21:00:00,N,N4,77.00000000000001
2019-09-14T22:00:00,N,N4,72.0
2019-09-14T23:00:00,N,N4,66.99999999999997
2019-09-15T00:00:00,N,N4,66.99999999999997
2019-09-15T01:00:00,N,N4,66.99999999999997
2019-09-15T02:00:00,N,N4,64.99999999999999
2019-09-15T03:00:00,N,N4,59.99999999999999
2019-09-15T04:00:00,N,N4,59.99999999999999
2019-09-15T05:00:00,N,N4,57.00000000000001
2019-09-15T06:00:00,N,N4,63.99999999999998
2019-09-15T07:00:00,N,N4,72.0
2019-09-15T08:00:00,N,N4,78.0
2019-09-15T09:00:00,N,N4,72.99999999999999
2019-09-15T10:00:00,N,N4,82.00000000000001
2019-09-15T11:00:00,N,N4,88.99999999999999
2019-09-15T12:00:00,N,N4,82.00000000000001
2019-09-15T13:00:00,N,N4,88.00000000000003
2019-09-15T14:00:00,N,N4,92.0
2019-09-15T15:00:00,N,N4,92.0
2019-09-15T16:00:00,N,N4,92.0
2019-09-15T17:00:00,N,N4,101.99999999999996
2019-09-15T18:00:00,N,N4,127.99999999999996
2019-09-15T19:00:00,N,N4,118.00000000000004
2019-09-15T20:00:00,N,N4,106.99999999999996
2019-09-15T21:00:00,N,N4,101.99999999999996
2019-09-15T22:00:00,N,N4,92.0
2019-09-15T23:00:00,N,N4,82.00000000000001
2019-09-16T00:00:00,N,N4,77.00000000000001
2019-09-16T01:00:00,N,N4,72.0
2019-09-16T02:00:00,N,N4,66.99999999999997
2019-09-16T03:00:00,N,N4,66.99999999999997
2019-09-16T04:00:00,N,N4,66.99999999999997
2019-09-16T05:00:00,N,N4,72.0
2019-09-16T06:00:00,N,N4,83.00000000000003
2019-09-16T07:00:00,N,N4,79.99999999999997
2019-09-16T08:00:00,N,N4,90.0
2019-09-16T09:00:00,N,N4,102.00000000000004
2019-09-16T10:00:00,N,N4,114.00000000000004
2019-09-16T11:00:00,N,N4,125.00000000000004
2019-09-16T12:00:00,N,N4,125.00000000000004
2019-09-16T13:00:00,N,N4,111.99999999999996
2019-09-16T14:00:00,N,N4,131.99999999999997
2019-09-16T15:00:00,N,N4,122.00000000000004
2019-09-16T16:00:00,N,N4,127.99999999999996
2019-09-16T17:00:00,N,N4,128.99999999999997
2019-09-16T18:00:00,N,N4,149.99999999999997
2019-09-16T19:00:00,N,N4,138.99999999999997
2019-09-16T20:00:00,N,N4,127.99999999999996
2019-09-16T21:00:00,N,N4,113.00000000000004
2019-09-16T22:00:00,N,N4,100.00000000000004
2019-09-16T23:00:00,N,N4,90.0
2019-09-17T00:00:00,N,N4,83.00000000000003
2019-09-17T01:00:00,N,N4,78.0
2019-09-17T02:00:00,N,N4,74.99999999999997
2019-09-17T03:00:00,N,N4,72.99999999999999
2019-09-17T04:00:00,N,N4,68.00000000000001
2019-09-17T05:00:00,N,N4,78.0
2019-09-17T06:00:00,N,N4,88.00000000000003
2019-09-17T07:00:00,N,N4,97.0
2019-09-17T08:00:00,N,N4,95.0
2019-09-17T09:00:00,N,N4,96.99999999999991
2019-09-17T10:00:00,N,N4,100.00000000000004
2019-09-17T11:00:00,N,N4,106.99999999999996
2019-09-17T12:00:00,N,N4,99.0
2019-09-17T13:00:00,N,N4,100.00000000000004
2019-09-17T14:00:00,N,N4,93.00000000000004
2019-09-17T15:00:00,N,N4,98.00000000000004
2019-09-17T16:00:00,N,N4,108.99999999999996
2019-09-17T17:00:00,N,N4,122.00000000000004
2019-09-17T18:00:00,N,N4,129.99999999999997
2019-09-17T19:00:00,N,N4,115.0
2019-09-17T20:00:00,N,N4,95.0
2019-09-17T21:00:00,N,N4,74.99999999999997
2019-09-17T22:00:00,N,N4,64.99999999999999
2019-09-17T23:00:00,N,N4,59.99999999999999
2019-09-18T00:00:00,N,N4,55.000000000000014
2019-09-18T01:00:00,N,N4,55.000000000000014
2019-09-18T02:00:00,N,N4,49.99999999999999
2019-09-18T03:00:00,N,N4,49.99999999999999
2019-09-18T04:00:00,N,N4,49.99999999999999
2019-09-18T05:00:00,N,N4,65.99999999999997
2019-09-18T06:00:00,N,N4,66.99999999999997
2019-09-18T07:00:00,N,N4,74.00000000000003
2019-09-18T08:00:00,N,N4,96.99999999999991
2019-09-18T09:00:00,N,N4,108.99999999999996
2019-09-18T10:00:00,N,N4,108.99999999999996
2019-09-18T11:00:00,N,N4,110.00000000000004
2019-09-18T12:00:00,N,N4,87.0
2019-09-18T13:00:00,N,N4,88.99999999999999
2019-09-18T14:00:00,N,N4,94.0
2019-09-18T15:00:00,N,N4,93.00000000000004
2019-09-18T16:00:00,N,N4,99.0
2019-09-18T17:00:00,N,N4,111.99999999999996
2019-09-18T18:00:00,N,N4,126.0
2019-09-18T19:00:00,N,N4,110.00000000000004
2019-09-18T20:00:00,N,N4,90.99999999999996
2019-09-18T21:00:00,N,N4,76.0
2019-09-18T22:00:00,N,N4,65.99999999999997
2019-09-18T23:00:00,N,N4,65.99999999999997
2019-09-19T00:00:00,N,N4,61.00000000000001
2019-09-19T01:00:00,N,N4,57.00000000000001
2019-09-19T02:00:00,N,N4,57.00000000000001
2019-09-19T03:00:00,N,N4,57.00000000000001
2019-09-19T04:00:00,N,N4,57.00000000000001
2019-09-19T05:00:00,N,N4,57.00000000000001
2019-09-19T06:00:00,N,N4,72.0
2019-09-19T07:00:00,N,N4,77.00000000000001
2019-09-19T08:00:00,N,N4,93.00000000000004
2019-09-19T09:00:00,N,N4,97.0
2019-09-19T10:00:00,N,N4,106.99999999999996
2019-09-19T11:00:00,N,N4,104.0
2019-09-19T12:00:00,N,N4,81.00000000000003
2019-09-19T13:00:00,N,N4,68.00000000000001
2019-09-19T14:00:00,N,N4,82.00000000000001
2019-09-19T15:00:00,N,N4,85.00000000000001
2019-09-19T16:00:00,N,N4,85.99999999999997
2019-09-19T17:00:00,N,N4,104.0
2019-09-19T18:00:00,N,N4,110.00000000000004
2019-09-19T19:00:00,N,N4,99.0
2019-09-19T20:00:00,N,N4,79.99999999999997
2019-09-19T21:00:00,N,N4,63.99999999999998
2019-09-19T22:00:00,N,N4,59.000000000000014
2019-09-19T23:00:00,N,N4,59.000000000000014
2019-09-20T00:00:00,N,N4,54.00000000000001
2019-09-20T01:00:00,N,N4,54.00000000000001
2019-09-20T02:00:00,N,N4,54.00000000000001
2019-09-20T03:00:00,N,N4,54.00000000000001
2019-09-20T04:00:00,N,N4,54.00000000000001
2019-09-20T05:00:00,N,N4,54.00000000000001
2019-09-20T06:00:00,N,N4,64.99999999999999
2019-09-20T07:00:00,N,N4,74.00000000000003
2019-09-20T08:00:00,N,N4,79.99999999999997
2019-09-20T09:00:00,N,N4,88.00000000000003
2019-09-20T10:00:00,N,N4,106.99999999999996
2019-09-20T11:00:00,N,N4,99.0
2019-09-20T12:00:00,N,N4,90.0
2019-09-20T13:00:00,N,N4,79.0
2019-09-20T14:00:00,N,N4,85.00000000000001
2019-09-20T15:00:00,N,N4,85.99999999999997
2019-09-20T16:00:00,N,N4,94.0
2019-09-20T17:00:00,N,N4,125.00000000000004
2019-09-20T18:00:00,N,N4,129.99999999999997
2019-09-20T19:00:00,N,N4,106.99999999999996
2019-09-20T20:00:00,N,N4,88.00000000000003
2019-09-20T21:00:00,N,N4,78.0
2019-09-20T22:00:00,N,N4,68.00000000000001
2019-09-20T23:00:00,N,N4,68.00000000000001
2019-09-21T00:00:00,N,N4,62.99999999999999
2019-09-21T01:00:00,N,N4,57.99999999999999
2019-09-21T02:00:00,N,N4,56.00000000000002
2019-09-21T03:00:00,N,N4,56.00000000000002
2019-09-21T04:00:00,N,N4,56.00000000000002
2019-09-21T05:00:00,N,N4,56.00000000000002
2019-09-21T06:00:00,N,N4,85.00000000000001
2019-09-21T07:00:00,N,N4,90.0
2019-09-21T08:00:00,N,N4,85.00000000000001
2019-09-21T09:00:00,N,N4,85.00000000000001
2019-09-21T10:00:00,N,N4,88.99999999999999
2019-09-21T11:00:00,N,N4,99.0
2019-09-21T12:00:00,N,N4,82.00000000000001
2019-09-21T13:00:00,N,N4,79.99999999999997
2019-09-21T14:00:00,N,N4,77.00000000000001
2019-09-21T15:00:00,N,N4,85.00000000000001
2019-09-21T16:00:00,N,N4,88.99999999999999
2019-09-21T17:00:00,N,N4,121.00000000000004
2019-09-21T18:00:00,N,N4,121.00000000000004
2019-09-21T19:00:00,N,N4,101.99999999999996
2019-09-21T20:00:00,N,N4,87.0
2019-09-21T21:00:00,N,N4,72.0
2019-09-21T22:00:00,N,N4,62.000000000000064
2019-09-21T23:00:00,N,N4,62.00000000000001
2019-09-22T00:00:00,N,N4,62.00000000000001
2019-09-22T01:00:00,N,N4,55.000000000000014
2019-09-22T02:00:00,N,N4,55.000000000000014
2019-09-22T03:00:00,N,N4,55.000000000000014
2019-09-22T04:00:00,N,N4,55.000000000000014
2019-09-22T05:00:00,N,N4,62.00000000000001
2019-09-22T06:00:00,N,N4,72.0
2019-09-22T07:00:00,N,N4,78.0
2019-09-22T08:00:00,N,N4,83.99999999999999
2019-09-22T09:00:00,N,N4,94.0
2019-09-22T10:00:00,N,N4,100.00000000000004
2019-09-22T11:00:00,N,N4,93.00000000000004
2019-09-22T12:00:00,N,N4,72.0
2019-09-22T13:00:00,N,N4,74.00000000000003
2019-09-22T14:00:00,N,N4,74.99999999999997
2019-09-22T15:00:00,N,N4,74.99999999999997
2019-09-22T16:00:00,N,N4,81.00000000000003
2019-09-22T17:00:00,N,N4,90.99999999999996
2019-09-22T18:00:00,N,N4,121.00000000000004
2019-09-22T19:00:00,N,N4,110.99999999999996
2019-09-22T20:00:00,N,N4,90.99999999999996
2019-09-22T21:00:00,N,N4,81.00000000000003
2019-09-22T22:00:00,N,N4,62.00000000000001
2019-09-22T23:00:00,N,N4,55.000000000000014
2019-09-23T00:00:00,N,N4,55.000000000000014
2019-09-23T01:00:00,N,N4,55.000000000000014
2019-09-23T02:00:00,N,N4,55.000000000000014
2019-09-23T03:00:00,N,N4,55.000000000000014
2019-09-23T04:00:00,N,N4,55.000000000000014
2019-09-23T05:00:00,N,N4,66.99999999999997
2019-09-23T06:00:00,N,N4,87.0
2019-09-23T07:00:00,N,N4,88.99999999999999
2019-09-23T08:00:00,N,N4,103.0
2019-09-23T09:00:00,N,N4,98.00000000000004
2019-09-23T10:00:00,N,N4,110.99999999999996
2019-09-23T11:00:00,N,N4,118.00000000000004
2019-09-23T12:00:00,N,N4,101.00000000000004
2019-09-23T13:00:00,N,N4,88.00000000000003
2019-09-23T14:00:00,N,N4,92.0
2019-09-23T15:00:00,N,N4,99.0
2019-09-23T16:00:00,N,N4,99.0
2019-09-23T17:00:00,N,N4,104.0
2019-09-23T18:00:00,N,N4,133.99999999999997
2019-09-23T19:00:00,N,N4,125.00000000000004
2019-09-23T20:00:00,N,N4,104.99999999999996
2019-09-23T21:00:00,N,N4,90.99999999999996
2019-09-23T22:00:00,N,N4,66.99999999999997
2019-09-23T23:00:00,N,N4,66.99999999999997
2019-09-24T00:00:00,N,N4,62.00000000000001
2019-09-24T01:00:00,N,N4,62.00000000000001
2019-09-24T02:00:00,N,N4,55.000000000000014
2019-09-24T03:00:00,N,N4,55.000000000000014
2019-09-24T04:00:00,N,N4,55.000000000000014
2019-09-24T05:00:00,N,N4,66.99999999999997
2019-09-24T06:00:00,N,N4,87.0
2019-09-24T07:00:00,N,N4,88.00000000000003
2019-09-24T08:00:00,N,N4,88.99999999999999
2019-09-24T09:00:00,N,N4,98.00000000000004
2019-09-24T10:00:00,N,N4,104.99999999999996
2019-09-24T11:00:00,N,N4,108.00000000000004
2019-09-24T12:00:00,N,N4,93.00000000000004
2019-09-24T13:00:00,N,N4,92.0
2019-09-24T14:00:00,N,N4,99.0
2019-09-24T15:00:00,N,N4,95.0
2019-09-24T16:00:00,N,N4,101.99999999999996
2019-09-24T17:00:00,N,N4,108.00000000000004
2019-09-24T18:00:00,N,N4,118.00000000000004
2019-09-24T19:00:00,N,N4,114.00000000000004
2019-09-24T20:00:00,N,N4,98.00000000000004
2019-09-24T21:00:00,N,N4,83.00000000000003
2019-09-24T22:00:00,N,N4,72.99999999999999
2019-09-24T23:00:00,N,N4,62.99999999999999
2019-09-25T00:00:00,N,N4,57.99999999999999
2019-09-25T01:00:00,N,N4,57.99999999999999
2019-09-25T02:00:00,N,N4,57.99999999999999
2019-09-25T03:00:00,N,N4,57.99999999999999
2019-09-25T04:00:00,N,N4,59.99999999999999
2019-09-25T05:00:00,N,N4,62.99999999999999
2019-09-25T06:00:00,N,N4,81.00000000000003
2019-09-25T07:00:00,N,N4,85.00000000000001
2019-09-25T08:00:00,N,N4,97.0
2019-09-25T09:00:00,N,N4,99.0
2019-09-25T10:00:00,N,N4,101.00000000000004
2019-09-25T11:00:00,N,N4,94.0
2019-09-25T12:00:00,N,N4,90.99999999999996
2019-09-25T13:00:00,N,N4,85.00000000000001
2019-09-25T14:00:00,N,N4,94.0
2019-09-25T15:00:00,N,N4,94.0
2019-09-25T16:00:00,N,N4,100.00000000000004
2019-09-25T17:00:00,N,N4,100.00000000000004
2019-09-25T18:00:00,N,N4,127.0
2019-09-25T19:00:00,N,N4,104.99999999999996
2019-09-25T20:00:00,N,N4,92.0
2019-09-25T21:00:00,N,N4,87.0
2019-09-25T22:00:00,N,N4,70.00000000000003
2019-09-25T23:00:00,N,N4,70.00000000000003
2019-09-26T00:00:00,N,N4,64.99999999999999
2019-09-26T01:00:00,N,N4,59.99999999999999
2019-09-26T02:00:00,N,N4,59.99999999999999
2019-09-26T03:00:00,N,N4,59.99999999999999
2019-09-26T04:00:00,N,N4,59.99999999999999
2019-09-26T05:00:00,N,N4,65.99999999999997
2019-09-26T06:00:00,N,N4,83.00000000000003
2019-09-26T07:00:00,N,N4,82.00000000000001
2019-09-26T08:00:00,N,N4,90.0
2019-09-26T09:00:00,N,N4,92.0
2019-09-26T10:00:00,N,N4,90.99999999999996
2019-09-26T11:00:00,N,N4,101.99999999999996
2019-09-26T12:00:00,N,N4,87.0
2019-09-26T13:00:00,N,N4,82.00000000000001
2019-09-26T14:00:00,N,N4,90.0
2019-09-26T15:00:00,N,N4,96.0
2019-09-26T16:00:00,N,N4,101.99999999999996
2019-09-26T17:00:00,N,N4,104.0
2019-09-26T18:00:00,N,N4,122.00000000000004
2019-09-26T19:00:00,N,N4,116.0
2019-09-26T20:00:00,N,N4,100.00000000000004
2019-09-26T21:00:00,N,N4,79.99999999999997
2019-09-26T22:00:00,N,N4,74.00000000000003
2019-09-26T23:00:00,N,N4,63.99999999999998
2019-09-27T00:00:00,N,N4,59.000000000000014
2019-09-27T01:00:00,N,N4,59.000000000000014
2019-09-27T02:00:00,N,N4,59.000000000000014
2019-09-27T03:00:00,N,N4,59.000000000000014
2019-09-27T04:00:00,N,N4,62.00000000000001
2019-09-27T05:00:00,N,N4,69.00000000000001
2019-09-27T06:00:00,N,N4,78.0
2019-09-27T07:00:00,N,N4,85.00000000000001
2019-09-27T08:00:00,N,N4,94.0
2019-09-27T09:00:00,N,N4,98.00000000000004
2019-09-27T10:00:00,N,N4,100.00000000000004
2019-09-27T11:00:00,N,N4,108.99999999999989
2019-09-27T12:00:00,N,N4,98.00000000000004
2019-09-27T13:00:00,N,N4,94.0
2019-09-27T14:00:00,N,N4,101.99999999999996
2019-09-27T15:00:00,N,N4,101.99999999999996
2019-09-27T16:00:00,N,N4,104.99999999999996
2019-09-27T17:00:00,N,N4,104.99999999999996
2019-09-27T18:00:00,N,N4,117.00000000000004
2019-09-27T19:00:00,N,N4,100.00000000000004
2019-09-27T20:00:00,N,N4,92.0
2019-09-27T21:00:00,N,N4,87.0
2019-09-27T22:00:00,N,N4,72.99999999999999
2019-09-27T23:00:00,N,N4,68.00000000000001
2019-09-28T00:00:00,N,N4,62.99999999999999
2019-09-28T01:00:00,N,N4,61.00000000000001
2019-09-28T02:00:00,N,N4,57.99999999999999
2019-09-28T03:00:00,N,N4,57.99999999999999
2019-09-28T04:00:00,N,N4,57.99999999999999
2019-09-28T05:00:00,N,N4,66.99999999999997
2019-09-28T06:00:00,N,N4,78.0
2019-09-28T07:00:00,N,N4,90.0
2019-09-28T08:00:00,N,N4,95.0
2019-09-28T09:00:00,N,N4,104.0
2019-09-28T10:00:00,N,N4,108.99999999999996
2019-09-28T11:00:00,N,N4,115.0
2019-09-28T12:00:00,N,N4,103.0
2019-09-28T13:00:00,N,N4,98.00000000000004
2019-09-28T14:00:00,N,N4,106.99999999999996
2019-09-28T15:00:00,N,N4,106.99999999999996
2019-09-28T16:00:00,N,N4,103.0
2019-09-28T17:00:00,N,N4,113.00000000000004
2019-09-28T18:00:00,N,N4,127.99999999999996
2019-09-28T19:00:00,N,N4,116.0
2019-09-28T20:00:00,N,N4,106.99999999999996
2019-09-28T21:00:00,N,N4,90.99999999999996
2019-09-28T22:00:00,N,N4,81.00000000000003
2019-09-28T23:00:00,N,N4,76.0
2019-09-29T00:00:00,N,N4,71.0
2019-09-29T01:00:00,N,N4,71.0
2019-09-29T02:00:00,N,N4,65.99999999999997
2019-09-29T03:00:00,N,N4,65.99999999999997
2019-09-29T04:00:00,N,N4,65.99999999999997
2019-09-29T05:00:00,N,N4,71.0
2019-09-29T06:00:00,N,N4,71.0
2019-09-29T07:00:00,N,N4,79.99999999999997
2019-09-29T08:00:00,N,N4,85.99999999999997
2019-09-29T09:00:00,N,N4,87.0
2019-09-29T10:00:00,N,N4,87.0
2019-09-29T11:00:00,N,N4,92.0
2019-09-29T12:00:00,N,N4,79.99999999999997
2019-09-29T13:00:00,N,N4,87.0
2019-09-29T14:00:00,N,N4,94.0
2019-09-29T15:00:00,N,N4,94.0
2019-09-29T16:00:00,N,N4,82.00000000000001
2019-09-29T17:00:00,N,N4,81.99999999999994
2019-09-29T18:00:00,N,N4,118.00000000000004
2019-09-29T19:00:00,N,N4,118.00000000000004
2019-09-29T20:00:00,N,N4,118.00000000000004
2019-09-29T21:00:00,N,N4,93.00000000000004
2019-09-29T22:00:00,N,N4,83.00000000000003
2019-09-29T23:00:00,N,N4,78.0
2019-09-30T00:00:00,N,N4,72.99999999999999
2019-09-30T01:00:00,N,N4,70.00000000000003
2019-09-30T02:00:00,N,N4,66.99999999999997
2019-09-30T03:00:00,N,N4,66.99999999999997
2019-09-30T04:00:00,N,N4,66.99999999999997
2019-09-30T05:00:00,N,N4,72.0
2019-09-30T06:00:00,N,N4,87.0
2019-09-30T07:00:00,N,N4,87.0
2019-09-30T08:00:00,N,N4,104.99999999999996
2019-09-30T09:00:00,N,N4,101.99999999999996
2019-09-30T10:00:00,N,N4,110.00000000000004
2019-09-30T11:00:00,N,N4,115.0
2019-09-30T12:00:00,N,N4,101.99999999999996
2019-09-30T13:00:00,N,N4,122.00000000000004
2019-09-30T14:00:00,N,N4,127.99999999999996
2019-09-30T15:00:00,N,N4,110.99999999999996
2019-09-30T16:00:00,N,N4,124.00000000000004
2019-09-30T17:00:00,N,N4,122.99999999999994
2019-09-30T18:00:00,N,N4,144.99999999999997
2019-09-30T19:00:00,N,N4,146.0
2019-09-30T20:00:00,N,N4,126.0
2019-09-30T21:00:00,N,N4,116.0
2019-09-30T22:00:00,N,N4,95.0
2019-09-30T23:00:00,N,N4,95.0
2019-10-01T00:00:00,N,N4,95.0
2019-10-01T01:00:00,N,N4,77.00000000000001
2019-10-01T02:00:00,N,N4,74.99999999999997
2019-10-01T03:00:00,N,N4,74.99999999999997
2019-10-01T04:00:00,N,N4,74.99999999999997
2019-10-01T05:00:00,N,N4,74.99999999999997
2019-10-01T06:00:00,N,N4,92.0
2019-10-01T07:00:00,N,N4,96.0
2019-10-01T08:00:00,N,N4,101.99999999999996
2019-10-01T09:00:00,N,N4,119.99999999999996
2019-10-01T10:00:00,N,N4,121.00000000000004
2019-10-01T11:00:00,N,N4,126.0
2019-10-01T12:00:00,N,N4,119.99999999999996
2019-10-01T13:00:00,N,N4,116.0
2019-10-01T14:00:00,N,N4,126.0
2019-10-01T15:00:00,N,N4,117.00000000000004
2019-10-01T16:00:00,N,N4,121.00000000000004
2019-10-01T17:00:00,N,N4,127.0
2019-10-01T18:00:00,N,N4,142.99999999999994
2019-10-01T19:00:00,N,N4,135.00000000000003
2019-10-01T20:00:00,N,N4,124.00000000000004
2019-10-01T21:00:00,N,N4,114.00000000000004
2019-10-01T22:00:00,N,N4,108.99999999999996
2019-10-01T23:00:00,N,N4,108.99999999999989
2019-10-02T00:00:00,N,N4,108.99999999999989
2019-10-02T01:00:00,N,N4,96.0
2019-10-02T02:00:00,N,N4,96.0
2019-10-02T03:00:00,N,N4,96.0
2019-10-02T04:00:00,N,N4,96.0
2019-10-02T05:00:00,N,N4,96.0
2019-10-02T06:00:00,N,N4,96.0
2019-10-02T07:00:00,N,N4,104.0
2019-10-02T08:00:00,N,N4,122.99999999999994
2019-10-02T09:00:00,N,N4,127.0
2019-10-02T10:00:00,N,N4,131.99999999999997
2019-10-02T11:00:00,N,N4,133.99999999999997
2019-10-02T12:00:00,N,N4,118.00000000000004
2019-10-02T13:00:00,N,N4,119.99999999999996
2019-10-02T14:00:00,N,N4,127.0
2019-10-02T15:00:00,N,N4,118.00000000000004
2019-10-02T16:00:00,N,N4,124.00000000000004
2019-10-02T17:00:00,N,N4,138.99999999999997
2019-10-02T18:00:00,N,N4,138.99999999999997
2019-10-02T19:00:00,N,N4,122.99999999999994
2019-10-02T20:00:00,N,N4,106.99999999999996
2019-10-02T21:00:00,N,N4,98.00000000000004
2019-10-02T22:00:00,N,N4,82.00000000000001
2019-10-02T23:00:00,N,N4,78.0
2019-10-03T00:00:00,N,N4,72.99999999999999
2019-10-03T01:00:00,N,N4,65.99999999999997
2019-10-03T02:00:00,N,N4,65.99999999999997
2019-10-03T03:00:00,N,N4,65.99999999999997
2019-10-03T04:00:00,N,N4,65.99999999999997
2019-10-03T05:00:00,N,N4,65.99999999999997
2019-10-03T06:00:00,N,N4,74.00000000000003
2019-10-03T07:00:00,N,N4,85.99999999999997
2019-10-03T08:00:00,N,N4,88.99999999999999
2019-10-03T09:00:00,N,N4,101.00000000000004
2019-10-03T10:00:00,N,N4,104.0
2019-10-03T11:00:00,N,N4,113.00000000000004
2019-10-03T12:00:00,N,N4,104.0
2019-10-03T13:00:00,N,N4,97.0
2019-10-03T14:00:00,N,N4,97.0
2019-10-03T15:00:00,N,N4,90.0
2019-10-03T16:00:00,N,N4,95.0
2019-10-03T17:00:00,N,N4,88.00000000000003
2019-10-03T18:00:00,N,N4,111.99999999999996
2019-10-03T19:00:00,N,N4,100.00000000000004
2019-10-03T20:00:00,N,N4,85.99999999999997
2019-10-03T21:00:00,N,N4,81.00000000000003
2019-10-03T22:00:00,N,N4,77.00000000000001
2019-10-03T23:00:00,N,N4,72.0
2019-10-04T00:00:00,N,N4,64.99999999999999
2019-10-04T01:00:00,N,N4,62.000000000000064
2019-10-04T02:00:00,N,N4,62.00000000000001
2019-10-04T03:00:00,N,N4,62.000000000000064
2019-10-04T04:00:00,N,N4,62.00000000000001
2019-10-04T05:00:00,N,N4,66.99999999999997
2019-10-04T06:00:00,N,N4,104.99999999999996
2019-10-04T07:00:00,N,N4,83.00000000000003
2019-10-04T08:00:00,N,N4,96.0
2019-10-04T09:00:00,N,N4,104.0
2019-10-04T10:00:00,N,N4,110.00000000000004
2019-10-04T11:00:00,N,N4,117.00000000000004
2019-10-04T12:00:00,N,N4,98.00000000000004
2019-10-04T13:00:00,N,N4,90.0
2019-10-04T14:00:00,N,N4,101.99999999999996
2019-10-04T15:00:00,N,N4,101.00000000000004
2019-10-04T16:00:00,N,N4,81.00000000000003
2019-10-04T17:00:00,N,N4,100.00000000000004
2019-10-04T18:00:00,N,N4,119.00000000000004
2019-10-04T19:00:00,N,N4,114.00000000000004
2019-10-04T20:00:00,N,N4,104.0
2019-10-04T21:00:00,N,N4,95.0
2019-10-04T22:00:00,N,N4,74.99999999999997
2019-10-04T23:00:00,N,N4,74.99999999999997
2019-10-05T00:00:00,N,N4,66.99999999999997
2019-10-05T01:00:00,N,N4,62.000000000000064
2019-10-05T02:00:00,N,N4,62.000000000000064
2019-10-05T03:00:00,N,N4,62.00000000000001
2019-10-05T04:00:00,N,N4,49.99999999999999
2019-10-05T05:00:00,N,N4,52.00000000000001
2019-10-05T06:00:00,N,N4,62.99999999999999
2019-10-05T07:00:00,N,N4,72.0
2019-10-05T08:00:00,N,N4,83.00000000000003
2019-10-05T09:00:00,N,N4,85.00000000000001
2019-10-05T10:00:00,N,N4,87.0
2019-10-05T11:00:00,N,N4,87.0
2019-10-05T12:00:00,N,N4,74.00000000000003
2019-10-05T13:00:00,N,N4,66.99999999999997
2019-10-05T14:00:00,N,N4,62.99999999999999
2019-10-05T15:00:00,N,N4,62.99999999999999
2019-10-05T16:00:00,N,N4,66.99999999999997
2019-10-05T17:00:00,N,N4,83.99999999999999
2019-10-05T18:00:00,N,N4,99.0
2019-10-05T19:00:00,N,N4,79.99999999999997
2019-10-05T20:00:00,N,N4,69.00000000000001
2019-10-05T21:00:00,N,N4,63.99999999999998
2019-10-05T22:00:00,N,N4,55.000000000000014
2019-10-05T23:00:00,N,N4,55.000000000000014
2019-10-06T00:00:00,N,N4,54.00000000000001
2019-10-06T01:00:00,N,N4,54.00000000000001
2019-10-06T02:00:00,N,N4,54.00000000000001
2019-10-06T03:00:00,N,N4,54.00000000000001
2019-10-06T04:00:00,N,N4,54.00000000000001
2019-10-06T05:00:00,N,N4,36.99999999999999
2019-10-06T06:00:00,N,N4,52.00000000000001
2019-10-06T07:00:00,N,N4,52.00000000000001
2019-10-06T08:00:00,N,N4,66.99999999999997
2019-10-06T09:00:00,N,N4,68.00000000000001
2019-10-06T10:00:00,N,N4,72.99999999999999
2019-10-06T11:00:00,N,N4,78.0
2019-10-06T12:00:00,N,N4,72.99999999999999
2019-10-06T13:00:00,N,N4,62.99999999999999
2019-10-06T14:00:00,N,N4,69.53804753592773
2019-10-06T15:00:00,N,N4,69.40932052082688
2019-10-06T16:00:00,N,N4,70.31179574936579
2019-10-06T17:00:00,N,N4,76.1087796022464
2019-10-06T18:00:00,N,N4,86.3311358007183
2019-10-06T19:00:00,N,N4,88.00000000000003
2019-10-06T20:00:00,N,N4,88.00000000000003
2019-10-06T21:00:00,N,N4,68.00000000000001
2019-10-06T22:00:00,N,N4,62.99999999999999
2019-10-06T23:00:00,N,N4,53.00000000000001
2019-10-07T00:00:00,N,N4,53.00000000000001
2019-10-07T01:00:00,N,N4,52.00000000000001
2019-10-07T02:00:00,N,N4,52.00000000000001
2019-10-07T03:00:00,N,N4,52.00000000000001
2019-10-07T04:00:00,N,N4,52.00000000000001
2019-10-07T05:00:00,N,N4,54.00000000000001
2019-10-07T06:00:00,N,N4,53.00000000000001
2019-10-07T07:00:00,N,N4,70.00000000000003
2019-10-07T08:00:00,N,N4,83.99999999999999
2019-10-07T09:00:00,N,N4,90.0
2019-10-07T10:00:00,N,N4,88.99999999999999
2019-10-07T11:00:00,N,N4,104.0
2019-10-07T12:00:00,N,N4,99.0
2019-10-07T13:00:00,N,N4,88.00000000000003
2019-10-07T14:00:00,N,N4,95.0
2019-10-07T15:00:00,N,N4,88.00000000000003
2019-10-07T16:00:00,N,N4,92.0
2019-10-07T17:00:00,N,N4,92.0
2019-10-07T18:00:00,N,N4,83.00000000000003
2019-10-07T19:00:00,N,N4,104.99999999999996
2019-10-07T20:00:00,N,N4,100.00000000000004
2019-10-07T21:00:00,N,N4,87.0
2019-10-07T22:00:00,N,N4,74.99999999999997
2019-10-07T23:00:00,N,N4,64.99999999999999
2019-10-08T00:00:00,N,N4,64.99999999999999
2019-10-08T01:00:00,N,N4,59.000000000000014
2019-10-08T02:00:00,N,N4,55.000000000000014
2019-10-08T03:00:00,N,N4,54.00000000000001
2019-10-08T04:00:00,N,N4,54.00000000000001
2019-10-08T05:00:00,N,N4,59.000000000000014
2019-10-08T06:00:00,N,N4,77.00000000000001
2019-10-08T07:00:00,N,N4,81.00000000000003
2019-10-08T08:00:00,N,N4,97.0
2019-10-08T09:00:00,N,N4,93.00000000000004
2019-10-08T10:00:00,N,N4,98.00000000000004
2019-10-08T11:00:00,N,N4,108.99999999999996
2019-10-08T12:00:00,N,N4,93.00000000000004
2019-10-08T13:00:00,N,N4,92.0
2019-10-08T14:00:00,N,N4,92.0
2019-10-08T15:00:00,N,N4,94.0
2019-10-08T16:00:00,N,N4,90.99999999999996
2019-10-08T17:00:00,N,N4,96.0
2019-10-08T18:00:00,N,N4,98.00000000000004
2019-10-08T19:00:00,N,N4,122.00000000000004
2019-10-08T20:00:00,N,N4,101.99999999999996
2019-10-08T21:00:00,N,N4,90.0
2019-10-08T22:00:00,N,N4,78.0
2019-10-08T23:00:00,N,N4,72.99999999999999
2019-10-09T00:00:00,N,N4,68.00000000000001
2019-10-09T01:00:00,N,N4,62.99999999999999
2019-10-09T02:00:00,N,N4,59.99999999999999
2019-10-09T03:00:00,N,N4,57.99999999999999
2019-10-09T04:00:00,N,N4,57.99999999999999
2019-10-09T05:00:00,N,N4,57.99999999999999
2019-10-09T06:00:00,N,N4,77.00000000000001
2019-10-09T07:00:00,N,N4,79.0
2019-10-09T08:00:00,N,N4,92.0
2019-10-09T09:00:00,N,N4,98.00000000000004
2019-10-09T10:00:00,N,N4,104.99999999999996
2019-10-09T11:00:00,N,N4,105.99999999999996
2019-10-09T12:00:00,N,N4,98.00000000000004
2019-10-09T13:00:00,N,N4,93.00000000000004
2019-10-09T14:00:00,N,N4,106.99999999999996
2019-10-09T15:00:00,N,N4,108.00000000000004
2019-10-09T16:00:00,N,N4,119.00000000000004
2019-10-09T17:00:00,N,N4,105.99999999999996
2019-10-09T18:00:00,N,N4,103.0
2019-10-09T19:00:00,N,N4,114.00000000000004
2019-10-09T20:00:00,N,N4,116.0
2019-10-09T21:00:00,N,N4,101.99999999999996
2019-10-09T22:00:00,N,N4,90.0
2019-10-09T23:00:00,N,N4,79.99999999999997
2019-10-10T00:00:00,N,N4,74.99999999999997
2019-10-10T01:00:00,N,N4,64.99999999999999
2019-10-10T02:00:00,N,N4,64.99999999999999
2019-10-10T03:00:00,N,N4,64.99999999999999
2019-10-10T04:00:00,N,N4,59.99999999999999
2019-10-10T05:00:00,N,N4,64.99999999999999
2019-10-10T06:00:00,N,N4,74.00000000000003
2019-10-10T07:00:00,N,N4,74.99999999999997
2019-10-10T08:00:00,N,N4,87.0
2019-10-10T09:00:00,N,N4,94.0
2019-10-10T10:00:00,N,N4,103.0
2019-10-10T11:00:00,N,N4,94.0
2019-10-10T12:00:00,N,N4,104.0
2019-10-10T13:00:00,N,N4,100.00000000000004
2019-10-10T14:00:00,N,N4,104.0
2019-10-10T15:00:00,N,N4,110.99999999999996
2019-10-10T16:00:00,N,N4,100.00000000000004
2019-10-10T17:00:00,N,N4,100.00000000000004
2019-10-10T18:00:00,N,N4,110.00000000000004
2019-10-10T19:00:00,N,N4,122.00000000000004
2019-10-10T20:00:00,N,N4,125.00000000000004
2019-10-10T21:00:00,N,N4,111.99999999999996
2019-10-10T22:00:00,N,N4,94.0
2019-10-10T23:00:00,N,N4,88.99999999999999
2019-10-11T00:00:00,N,N4,83.99999999999999
2019-10-11T01:00:00,N,N4,72.99999999999999
2019-10-11T02:00:00,N,N4,68.00000000000001
2019-10-11T03:00:00,N,N4,64.99999999999999
2019-10-11T04:00:00,N,N4,62.99999999999999
2019-10-11T05:00:00,N,N4,68.00000000000001
2019-10-11T06:00:00,N,N4,66.99999999999997
2019-10-11T07:00:00,N,N4,85.00000000000001
2019-10-11T08:00:00,N,N4,99.0
2019-10-11T09:00:00,N,N4,100.00000000000004
2019-10-11T10:00:00,N,N4,110.00000000000004
2019-10-11T11:00:00,N,N4,118.00000000000004
2019-10-11T12:00:00,N,N4,110.00000000000004
2019-10-11T13:00:00,N,N4,113.00000000000004
2019-10-11T14:00:00,N,N4,119.99999999999996
2019-10-11T15:00:00,N,N4,108.00000000000004
2019-10-11T16:00:00,N,N4,108.00000000000004
2019-10-11T17:00:00,N,N4,106.99999999999996
2019-10-11T18:00:00,N,N4,106.99999999999996
2019-10-11T19:00:00,N,N4,128.99999999999997
2019-10-11T20:00:00,N,N4,133.99999999999997
2019-10-11T21:00:00,N,N4,124.00000000000004
2019-10-11T22:00:00,N,N4,108.99999999999996
2019-10-11T23:00:00,N,N4,104.0
2019-10-12T00:00:00,N,N4,99.0
2019-10-12T01:00:00,N,N4,88.9999999999999
2019-10-12T02:00:00,N,N4,88.99999999999999
2019-10-12T03:00:00,N,N4,79.0
2019-10-12T04:00:00,N,N4,79.0
2019-10-12T05:00:00,N,N4,79.0
2019-10-12T06:00:00,N,N4,79.99999999999997
2019-10-12T07:00:00,N,N4,79.99999999999997
2019-10-12T08:00:00,N,N4,88.99999999999999
2019-10-12T09:00:00,N,N4,97.0
2019-10-12T10:00:00,N,N4,104.99999999999996
2019-10-12T11:00:00,N,N4,122.00000000000004
2019-10-12T12:00:00,N,N4,111.99999999999996
2019-10-12T13:00:00,N,N4,104.99999999999996
2019-10-12T14:00:00,N,N4,114.00000000000004
2019-10-12T15:00:00,N,N4,108.99999999999996
2019-10-12T16:00:00,N,N4,104.0
2019-10-12T17:00:00,N,N4,99.0
2019-10-12T18:00:00,N,N4,98.00000000000004
2019-10-12T19:00:00,N,N4,127.99999999999996
2019-10-12T20:00:00,N,N4,122.99999999999994
2019-10-12T21:00:00,N,N4,113.00000000000004
2019-10-12T22:00:00,N,N4,103.0
2019-10-12T23:00:00,N,N4,103.0
2019-10-13T00:00:00,N,N4,93.00000000000004
2019-10-13T01:00:00,N,N4,88.00000000000003
2019-10-13T02:00:00,N,N4,88.00000000000003
2019-10-13T03:00:00,N,N4,88.00000000000003
2019-10-13T04:00:00,N,N4,88.00000000000003
2019-10-13T05:00:00,N,N4,88.00000000000003
2019-10-13T06:00:00,N,N4,72.0
2019-10-13T07:00:00,N,N4,72.0
2019-10-13T08:00:00,N,N4,85.00000000000001
2019-10-13T09:00:00,N,N4,85.00000000000001
2019-10-13T10:00:00,N,N4,90.0
2019-10-13T11:00:00,N,N4,97.0
2019-10-13T12:00:00,N,N4,90.0
2019-10-13T13:00:00,N,N4,90.0
2019-10-13T14:00:00,N,N4,95.0
2019-10-13T15:00:00,N,N4,95.0
2019-10-13T16:00:00,N,N4,90.0
2019-10-13T17:00:00,N,N4,90.0
2019-10-13T18:00:00,N,N4,95.0
2019-10-13T19:00:00,N,N4,115.0
2019-10-13T20:00:00,N,N4,129.99999999999997
2019-10-13T21:00:00,N,N4,125.00000000000004
2019-10-13T22:00:00,N,N4,110.00000000000004
2019-10-13T23:00:00,N,N4,104.99999999999996
2019-10-14T00:00:00,N,N4,95.0
2019-10-14T01:00:00,N,N4,90.0
2019-10-14T02:00:00,N,N4,87.0
2019-10-14T03:00:00,N,N4,82.00000000000001
2019-10-14T04:00:00,N,N4,82.00000000000001
2019-10-14T05:00:00,N,N4,82.00000000000001
2019-10-14T06:00:00,N,N4,77.00000000000001
2019-10-14T07:00:00,N,N4,87.0
2019-10-14T08:00:00,N,N4,96.0
2019-10-14T09:00:00,N,N4,90.99999999999996
2019-10-14T10:00:00,N,N4,94.0
2019-10-14T11:00:00,N,N4,100.00000000000004
2019-10-14T12:00:00,N,N4,87.0
2019-10-14T13:00:00,N,N4,79.0
2019-10-14T14:00:00,N,N4,79.99999999999997
2019-10-14T15:00:00,N,N4,79.99999999999997
2019-10-14T16:00:00,N,N4,76.0
2019-10-14T17:00:00,N,N4,81.00000000000003
2019-10-14T18:00:00,N,N4,83.99999999999999
2019-10-14T19:00:00,N,N4,103.0
2019-10-14T20:00:00,N,N4,93.00000000000004
2019-10-14T21:00:00,N,N4,83.00000000000003
2019-10-14T22:00:00,N,N4,72.0
2019-10-14T23:00:00,N,N4,66.99999999999997
2019-10-15T00:00:00,N,N4,66.99999999999997
2019-10-15T01:00:00,N,N4,66.99999999999997
2019-10-15T02:00:00,N,N4,66.99999999999997
2019-10-15T03:00:00,N,N4,66.99999999999997
2019-10-15T04:00:00,N,N4,66.99999999999997
2019-10-15T05:00:00,N,N4,66.99999999999997
2019-10-15T06:00:00,N,N4,72.0
2019-10-15T07:00:00,N,N4,74.00000000000003
2019-10-15T08:00:00,N,N4,82.00000000000001
2019-10-15T09:00:00,N,N4,90.99999999999996
2019-10-15T10:00:00,N,N4,93.00000000000004
2019-10-15T11:00:00,N,N4,101.99999999999996
2019-10-15T12:00:00,N,N4,99.0
2019-10-15T13:00:00,N,N4,93.00000000000004
2019-10-15T14:00:00,N,N4,104.0
2019-10-15T15:00:00,N,N4,99.0
2019-10-15T16:00:00,N,N4,98.00000000000004
2019-10-15T17:00:00,N,N4,96.99999999999991
2019-10-15T18:00:00,N,N4,83.99999999999999
2019-10-15T19:00:00,N,N4,115.0
2019-10-15T20:00:00,N,N4,104.99999999999996
2019-10-15T21:00:00,N,N4,95.0
2019-10-15T22:00:00,N,N4,79.99999999999997
2019-10-15T23:00:00,N,N4,74.99999999999997
2019-10-16T00:00:00,N,N4,74.99999999999997
2019-10-16T01:00:00,N,N4,66.99999999999997
2019-10-16T02:00:00,N,N4,62.00000000000001
2019-10-16T03:00:00,N,N4,62.00000000000001
2019-10-16T04:00:00,N,N4,62.00000000000001
2019-10-16T05:00:00,N,N4,62.00000000000001
2019-10-16T06:00:00,N,N4,85.00000000000001
2019-10-16T07:00:00,N,N4,79.99999999999997
2019-10-16T08:00:00,N,N4,88.99999999999999
2019-10-16T09:00:00,N,N4,90.0
2019-10-16T10:00:00,N,N4,95.0
2019-10-16T11:00:00,N,N4,111.54545454545456
2019-10-16T12:00:00,N,N4,98.00000000000004
2019-10-16T13:00:00,N,N4,90.0
2019-10-16T14:00:00,N,N4,98.00000000000004
2019-10-16T15:00:00,N,N4,101.99999999999996
2019-10-16T16:00:00,N,N4,96.0
2019-10-16T17:00:00,N,N4,101.00000000000004
2019-10-16T18:00:00,N,N4,106.99999999999996
2019-10-16T19:00:00,N,N4,122.00000000000004
2019-10-16T20:00:00,N,N4,122.00000000000004
2019-10-16T21:00:00,N,N4,101.00000000000004
2019-10-16T22:00:00,N,N4,85.00000000000001
2019-10-16T23:00:00,N,N4,77.00000000000001
2019-10-17T00:00:00,N,N4,72.0
2019-10-17T01:00:00,N,N4,64.99999999999999
2019-10-17T02:00:00,N,N4,64.99999999999999
2019-10-17T03:00:00,N,N4,64.99999999999999
2019-10-17T04:00:00,N,N4,64.99999999999999
2019-10-17T05:00:00,N,N4,62.000000000000064
2019-10-17T06:00:00,N,N4,87.0
2019-10-17T07:00:00,N,N4,79.99999999999997
2019-10-17T08:00:00,N,N4,98.00000000000004
2019-10-17T09:00:00,N,N4,101.00000000000004
2019-10-17T10:00:00,N,N4,104.0
2019-10-17T11:00:00,N,N4,108.99999999999996
2019-10-17T12:00:00,N,N4,101.00000000000004
2019-10-17T13:00:00,N,N4,92.0
2019-10-17T14:00:00,N,N4,110.00000000000004
2019-10-17T15:00:00,N,N4,104.99999999999996
2019-10-17T16:00:00,N,N4,116.0
2019-10-17T17:00:00,N,N4,110.99999999999996
2019-10-17T18:00:00,N,N4,99.0
2019-10-17T19:00:00,N,N4,110.99999999999996
2019-10-17T20:00:00,N,N4,108.99999999999996
2019-10-17T21:00:00,N,N4,108.99999999999996
2019-10-17T22:00:00,N,N4,79.99999999999997
2019-10-17T23:00:00,N,N4,74.99999999999997
2019-10-18T00:00:00,N,N4,66.99999999999997
2019-10-18T01:00:00,N,N4,62.00000000000001
2019-10-18T02:00:00,N,N4,62.00000000000001
2019-10-18T03:00:00,N,N4,62.00000000000001
2019-10-18T04:00:00,N,N4,62.00000000000001
2019-10-18T05:00:00,N,N4,64.99999999999999
2019-10-18T06:00:00,N,N4,64.99999999999999
2019-10-18T07:00:00,N,N4,61.00000000000001
2019-10-18T08:00:00,N,N4,71.0
2019-10-18T09:00:00,N,N4,79.99999999999997
2019-10-18T10:00:00,N,N4,85.00000000000001
2019-10-18T11:00:00,N,N4,88.00000000000003
2019-10-18T12:00:00,N,N4,72.0
2019-10-18T13:00:00,N,N4,62.00000000000001
2019-10-18T14:00:00,N,N4,71.0
2019-10-18T15:00:00,N,N4,76.0
2019-10-18T16:00:00,N,N4,76.0
2019-10-18T17:00:00,N,N4,76.0
2019-10-18T18:00:00,N,N4,90.0
2019-10-18T19:00:00,N,N4,100.00000000000004
2019-10-18T20:00:00,N,N4,92.0
2019-10-18T21:00:00,N,N4,79.99999999999997
2019-10-18T22:00:00,N,N4,70.00000000000003
2019-10-18T23:00:00,N,N4,64.99999999999999
2019-10-19T00:00:00,N,N4,59.99999999999999
2019-10-19T01:00:00,N,N4,59.99999999999999
2019-10-19T02:00:00,N,N4,57.00000000000001
2019-10-19T03:00:00,N,N4,55.000000000000014
2019-10-19T04:00:00,N,N4,55.000000000000014
2019-10-19T05:00:00,N,N4,55.000000000000014
2019-10-19T06:00:00,N,N4,68.00000000000001
2019-10-19T07:00:00,N,N4,79.99999999999997
2019-10-19T08:00:00,N,N4,88.00000000000003
2019-10-19T09:00:00,N,N4,88.00000000000003
2019-10-19T10:00:00,N,N4,88.00000000000003
2019-10-19T11:00:00,N,N4,93.00000000000004
2019-10-19T12:00:00,N,N4,93.00000000000004
2019-10-19T13:00:00,N,N4,83.00000000000003
2019-10-19T14:00:00,N,N4,83.99999999999999
2019-10-19T15:00:00,N,N4,83.99999999999999
2019-10-19T16:00:00,N,N4,77.00000000000001
2019-10-19T17:00:00,N,N4,77.00000000000001
2019-10-19T18:00:00,N,N4,83.99999999999999
2019-10-19T19:00:00,N,N4,97.0
2019-10-19T20:00:00,N,N4,90.0
2019-10-19T21:00:00,N,N4,78.0
2019-10-19T22:00:00,N,N4,74.00000000000003
2019-10-19T23:00:00,N,N4,69.00000000000001
2019-10-20T00:00:00,N,N4,63.99999999999998
2019-10-20T01:00:00,N,N4,63.99999999999998
2019-10-20T02:00:00,N,N4,62.00000000000001
2019-10-20T03:00:00,N,N4,59.000000000000014
2019-10-20T04:00:00,N,N4,59.000000000000014
2019-10-20T05:00:00,N,N4,59.000000000000014
2019-10-20T06:00:00,N,N4,59.000000000000014
2019-10-20T07:00:00,N,N4,59.000000000000014
2019-10-20T08:00:00,N,N4,59.000000000000014
2019-10-20T09:00:00,N,N4,69.47669871202734
2019-10-20T10:00:00,N,N4,81.00000000000003
2019-10-20T11:00:00,N,N4,85.99999999999997
2019-10-20T12:00:00,N,N4,85.99999999999997
2019-10-20T13:00:00,N,N4,86.00000000000004
2019-10-20T14:00:00,N,N4,77.00000000000001
2019-10-20T15:00:00,N,N4,70.00000000000003
2019-10-20T16:00:00,N,N4,70.00000000000003
2019-10-20T17:00:00,N,N4,70.00000000000003
2019-10-20T18:00:00,N,N4,74.99999999999997
2019-10-20T19:00:00,N,N4,107.08333333333331
2019-10-20T20:00:00,N,N4,104.91666666666669
2019-10-20T21:00:00,N,N4,94.75
2019-10-20T22:00:00,N,N4,84.91666666666667
2019-10-20T23:00:00,N,N4,79.08333333333333
2019-10-21T00:00:00,N,N4,74.58333333333333
2019-10-21T01:00:00,N,N4,69.16666666666667
2019-10-21T02:00:00,N,N4,66.74999999999999
2019-10-21T03:00:00,N,N4,65.5
2019-10-21T04:00:00,N,N4,65.33333333333333
2019-10-21T05:00:00,N,N4,67.49999999999999
2019-10-21T06:00:00,N,N4,75.25
2019-10-21T07:00:00,N,N4,72.0
2019-10-21T08:00:00,N,N4,74.99999999999997
2019-10-21T09:00:00,N,N4,81.00000000000003
2019-10-21T10:00:00,N,N4,87.0
2019-10-21T11:00:00,N,N4,99.0
2019-10-21T12:00:00,N,N4,83.00000000000003
2019-10-21T13:00:00,N,N4,70.00000000000003
2019-10-21T14:00:00,N,N4,79.0
2019-10-21T15:00:00,N,N4,79.99999999999997
2019-10-21T16:00:00,N,N4,90.0
2019-10-21T17:00:00,N,N4,88.00000000000003
2019-10-21T18:00:00,N,N4,88.99999999999999
2019-10-21T19:00:00,N,N4,99.0
2019-10-21T20:00:00,N,N4,92.0
2019-10-21T21:00:00,N,N4,77.00000000000009
2019-10-21T22:00:00,N,N4,62.00000000000001
2019-10-21T23:00:00,N,N4,55.000000000000014
2019-10-22T00:00:00,N,N4,52.00000000000001
2019-10-22T01:00:00,N,N4,52.00000000000001
2019-10-22T02:00:00,N,N4,46.99999999999999
2019-10-22T03:00:00,N,N4,46.99999999999999
2019-10-22T04:00:00,N,N4,46.99999999999999
2019-10-22T05:00:00,N,N4,57.00000000000001
2019-10-22T06:00:00,N,N4,74.00000000000003
2019-10-22T07:00:00,N,N4,76.0
2019-10-22T08:00:00,N,N4,88.00000000000003
2019-10-22T09:00:00,N,N4,92.0
2019-10-22T10:00:00,N,N4,106.99999999999996
2019-10-22T11:00:00,N,N4,110.00000000000004
2019-10-22T12:00:00,N,N4,85.00000000000001
2019-10-22T13:00:00,N,N4,74.99999999999997
2019-10-22T14:00:00,N,N4,88.00000000000003
2019-10-22T15:00:00,N,N4,83.00000000000003
2019-10-22T16:00:00,N,N4,85.00000000000001
2019-10-22T17:00:00,N,N4,85.99999999999997
2019-10-22T18:00:00,N,N4,92.0
2019-10-22T19:00:00,N,N4,110.99999999999996
2019-10-22T20:00:00,N,N4,100.00000000000004
2019-10-22T21:00:00,N,N4,100.00000000000004
2019-10-22T22:00:00,N,N4,74.99999999999997
2019-10-22T23:00:00,N,N4,70.00000000000003
2019-10-23T00:00:00,N,N4,59.99999999999999
2019-10-23T01:00:00,N,N4,55.000000000000014
2019-10-23T02:00:00,N,N4,55.000000000000014
2019-10-23T03:00:00,N,N4,55.000000000000014
2019-10-23T04:00:00,N,N4,55.000000000000014
2019-10-23T05:00:00,N,N4,59.99999999999999
2019-10-23T06:00:00,N,N4,76.0
2019-10-23T07:00:00,N,N4,77.00000000000001
2019-10-23T08:00:00,N,N4,83.00000000000003
2019-10-23T09:00:00,N,N4,88.00000000000003
2019-10-23T10:00:00,N,N4,100.00000000000004
2019-10-23T11:00:00,N,N4,104.99999999999996
2019-10-23T12:00:00,N,N4,93.00000000000004
2019-10-23T13:00:00,N,N4,83.00000000000003
2019-10-23T14:00:00,N,N4,94.0
2019-10-23T15:00:00,N,N4,90.99999999999996
2019-10-23T16:00:00,N,N4,92.0
2019-10-23T17:00:00,N,N4,101.00000000000004
2019-10-23T18:00:00,N,N4,94.0
2019-10-23T19:00:00,N,N4,125.00000000000004
2019-10-23T20:00:00,N,N4,119.99999999999996
2019-10-23T21:00:00,N,N4,95.0
2019-10-23T22:00:00,N,N4,88.00000000000003
2019-10-23T23:00:00,N,N4,78.0
2019-10-24T00:00:00,N,N4,68.00000000000001
2019-10-24T01:00:00,N,N4,62.99999999999999
2019-10-24T02:00:00,N,N4,62.99999999999999
2019-10-24T03:00:00,N,N4,62.99999999999999
2019-10-24T04:00:00,N,N4,57.99999999999999
2019-10-24T05:00:00,N,N4,69.00000000000001
2019-10-24T06:00:00,N,N4,74.00000000000003
2019-10-24T07:00:00,N,N4,90.0
2019-10-24T08:00:00,N,N4,98.00000000000004
2019-10-24T09:00:00,N,N4,100.00000000000004
2019-10-24T10:00:00,N,N4,104.99999999999996
2019-10-24T11:00:00,N,N4,115.0
2019-10-24T12:00:00,N,N4,98.00000000000004
2019-10-24T13:00:00,N,N4,90.0
2019-10-24T14:00:00,N,N4,104.99999999999996
2019-10-24T15:00:00,N,N4,106.99999999999996
2019-10-24T16:00:00,N,N4,101.99999999999996
2019-10-24T17:00:00,N,N4,103.0
2019-10-24T18:00:00,N,N4,127.99999999999996
2019-10-24T19:00:00,N,N4,133.0
2019-10-24T20:00:00,N,N4,118.00000000000004
2019-10-24T21:00:00,N,N4,101.99999999999996
2019-10-24T22:00:00,N,N4,88.00000000000003
2019-10-24T23:00:00,N,N4,88.00000000000003
2019-10-25T00:00:00,N,N4,88.00000000000003
2019-10-25T01:00:00,N,N4,68.00000000000001
2019-10-25T02:00:00,N,N4,68.00000000000001
2019-10-25T03:00:00,N,N4,68.00000000000001
2019-10-25T04:00:00,N,N4,68.00000000000001
2019-10-25T05:00:00,N,N4,68.00000000000001
2019-10-25T06:00:00,N,N4,83.00000000000003
2019-10-25T07:00:00,N,N4,82.00000000000001
2019-10-25T08:00:00,N,N4,92.0
2019-10-25T09:00:00,N,N4,90.99999999999996
2019-10-25T10:00:00,N,N4,104.99999999999996
2019-10-25T11:00:00,N,N4,113.00000000000004
2019-10-25T12:00:00,N,N4,99.0
2019-10-25T13:00:00,N,N4,95.0
2019-10-25T14:00:00,N,N4,110.00000000000004
2019-10-25T15:00:00,N,N4,110.99999999999996
2019-10-25T16:00:00,N,N4,116.0
2019-10-25T17:00:00,N,N4,108.99999999999996
2019-10-25T18:00:00,N,N4,113.00000000000004
2019-10-25T19:00:00,N,N4,124.00000000000004
2019-10-25T20:00:00,N,N4,124.00000000000004
2019-10-25T21:00:00,N,N4,103.0
2019-10-25T22:00:00,N,N4,94.0
2019-10-25T23:00:00,N,N4,88.00000000000003
2019-10-26T00:00:00,N,N4,78.0
2019-10-26T01:00:00,N,N4,68.00000000000001
2019-10-26T02:00:00,N,N4,68.00000000000001
2019-10-26T03:00:00,N,N4,68.00000000000001
2019-10-26T04:00:00,N,N4,68.00000000000001
2019-10-26T05:00:00,N,N4,68.00000000000001
2019-10-26T06:00:00,N,N4,83.00000000000003
2019-10-26T07:00:00,N,N4,88.99999999999999
2019-10-26T08:00:00,N,N4,95.0
2019-10-26T09:00:00,N,N4,100.00000000000004
2019-10-26T10:00:00,N,N4,100.00000000000004
2019-10-26T11:00:00,N,N4,111.99999999999996
2019-10-26T12:00:00,N,N4,99.0
2019-10-26T13:00:00,N,N4,88.00000000000003
2019-10-26T14:00:00,N,N4,101.00000000000004
2019-10-26T15:00:00,N,N4,101.00000000000004
2019-10-26T16:00:00,N,N4,100.00000000000004
2019-10-26T17:00:00,N,N4,95.0
2019-10-26T18:00:00,N,N4,101.00000000000004
2019-10-26T19:00:00,N,N4,122.00000000000004
2019-10-26T20:00:00,N,N4,117.00000000000004
2019-10-26T21:00:00,N,N4,111.99999999999996
2019-10-26T22:00:00,N,N4,106.99999999999996
2019-10-26T23:00:00,N,N4,97.0
2019-10-27T00:00:00,N,N4,97.0
2019-10-27T01:00:00,N,N4,87.0
2019-10-27T02:00:00,N,N4,85.00000000000001
2019-10-27T03:00:00,N,N4,85.00000000000001
2019-10-27T04:00:00,N,N4,85.00000000000001
2019-10-27T05:00:00,N,N4,85.00000000000001
2019-10-27T06:00:00,N,N4,82.00000000000001
2019-10-27T07:00:00,N,N4,93.00000000000004
2019-10-27T08:00:00,N,N4,100.00000000000004
2019-10-27T09:00:00,N,N4,104.99999999999996
2019-10-27T10:00:00,N,N4,110.00000000000004
2019-10-27T11:00:00,N,N4,115.0
2019-10-27T12:00:00,N,N4,94.0
2019-10-27T13:00:00,N,N4,90.0
2019-10-27T14:00:00,N,N4,90.0
2019-10-27T15:00:00,N,N4,90.0
2019-10-27T16:00:00,N,N4,72.99999999999999
2019-10-27T17:00:00,N,N4,78.0
2019-10-27T18:00:00,N,N4,78.0
2019-10-27T19:00:00,N,N4,103.0
2019-10-27T20:00:00,N,N4,93.00000000000004
2019-10-27T21:00:00,N,N4,83.00000000000003
2019-10-27T22:00:00,N,N4,78.0
2019-10-27T23:00:00,N,N4,72.99999999999999
2019-10-28T00:00:00,N,N4,68.00000000000001
2019-10-28T01:00:00,N,N4,68.00000000000001
2019-10-28T02:00:00,N,N4,64.99999999999999
2019-10-28T03:00:00,N,N4,62.99999999999999
2019-10-28T04:00:00,N,N4,62.99999999999999
2019-10-28T05:00:00,N,N4,62.99999999999999
2019-10-28T06:00:00,N,N4,82.00000000000001
2019-10-28T07:00:00,N,N4,85.99999999999997
2019-10-28T08:00:00,N,N4,90.99999999999996
2019-10-28T09:00:00,N,N4,90.0
2019-10-28T10:00:00,N,N4,108.99999999999996
2019-10-28T11:00:00,N,N4,110.99999999999996
2019-10-28T12:00:00,N,N4,104.0
2019-10-28T13:00:00,N,N4,90.0
2019-10-28T14:00:00,N,N4,116.0
2019-10-28T15:00:00,N,N4,114.00000000000004
2019-10-28T16:00:00,N,N4,105.99999999999996
2019-10-28T17:00:00,N,N4,111.99999999999996
2019-10-28T18:00:00,N,N4,108.00000000000004
2019-10-28T19:00:00,N,N4,108.99999999999989
2019-10-28T20:00:00,N,N4,133.0
2019-10-28T21:00:00,N,N4,119.99999999999996
2019-10-28T22:00:00,N,N4,104.99999999999996
2019-10-28T23:00:00,N,N4,95.0
2019-10-29T00:00:00,N,N4,85.00000000000001
2019-10-29T01:00:00,N,N4,79.99999999999997
2019-10-29T02:00:00,N,N4,74.99999999999997
2019-10-29T03:00:00,N,N4,70.00000000000003
2019-10-29T04:00:00,N,N4,70.00000000000003
2019-10-29T05:00:00,N,N4,70.00000000000003
2019-10-29T06:00:00,N,N4,79.99999999999997
2019-10-29T07:00:00,N,N4,90.0
2019-10-29T08:00:00,N,N4,100.00000000000004
2019-10-29T09:00:00,N,N4,101.99999999999996
2019-10-29T10:00:00,N,N4,119.99999999999996
2019-10-29T11:00:00,N,N4,122.00000000000004
2019-10-29T12:00:00,N,N4,114.00000000000004
2019-10-29T13:00:00,N,N4,118.00000000000004
2019-10-29T14:00:00,N,N4,126.0
2019-10-29T15:00:00,N,N4,114.00000000000004
2019-10-29T16:00:00,N,N4,115.0
2019-10-29T17:00:00,N,N4,116.0
2019-10-29T18:00:00,N,N4,115.0
2019-10-29T19:00:00,N,N4,122.00000000000004
2019-10-29T20:00:00,N,N4,146.99999999999997
2019-10-29T21:00:00,N,N4,137.00000000000003
2019-10-29T22:00:00,N,N4,127.0
2019-10-29T23:00:00,N,N4,117.00000000000004
2019-10-30T00:00:00,N,N4,106.99999999999996
2019-10-30T01:00:00,N,N4,102.00000000000004
2019-10-30T02:00:00,N,N4,92.0
2019-10-30T03:00:00,N,N4,90.0
2019-10-30T04:00:00,N,N4,87.0
2019-10-30T05:00:00,N,N4,87.0
2019-10-30T06:00:00,N,N4,96.0
2019-10-30T07:00:00,N,N4,101.00000000000004
2019-10-30T08:00:00,N,N4,111.99999999999996
2019-10-30T09:00:00,N,N4,133.0
2019-10-30T10:00:00,N,N4,133.0
2019-10-30T11:00:00,N,N4,146.0
2019-10-30T12:00:00,N,N4,142.00000000000003
2019-10-30T13:00:00,N,N4,137.45163109753912
2019-10-30T14:00:00,N,N4,144.99999999999997
2019-10-30T15:00:00,N,N4,139.5519438107419
2019-10-30T16:00:00,N,N4,135.00000000000003
2019-10-30T17:00:00,N,N4,129.99999999999997
2019-10-30T18:00:00,N,N4,119.99999999999996
2019-10-30T19:00:00,N,N4,149.99999999999997
2019-10-30T20:00:00,N,N4,155.00000000000003
2019-10-30T21:00:00,N,N4,142.82684274291864
2019-10-30T22:00:00,N,N4,129.63038139699336
2019-10-30T23:00:00,N,N4,122.5993864476766
2019-10-31T00:00:00,N,N4,117.00000000000004
2019-10-31T01:00:00,N,N4,111.99999999999996
2019-10-31T02:00:00,N,N4,106.99999999999996
2019-10-31T03:00:00,N,N4,102.00000000000004
2019-10-31T04:00:00,N,N4,102.00000000000004
2019-10-31T05:00:00,N,N4,102.00000000000004
2019-10-31T06:00:00,N,N4,106.99999999999996
2019-10-31T07:00:00,N,N4,108.99999999999996
2019-10-31T08:00:00,N,N4,119.99999999999996
2019-10-31T09:00:00,N,N4,130.99999999999994
2019-10-31T10:00:00,N,N4,133.99999999999997
2019-10-31T11:00:00,N,N4,131.99999999999997
2019-10-31T12:00:00,N,N4,99.0
2019-10-31T13:00:00,N,N4,90.00000000000001
2019-10-31T14:00:00,N,N4,98.0
2019-10-31T15:00:00,N,N4,95.45454545454544
2019-10-31T16:00:00,N,N4,93.91666666666669
2019-10-31T17:00:00,N,N4,96.08333333333331
2019-10-31T18:00:00,N,N4,102.83333333333336
2019-10-31T19:00:00,N,N4,76.0
2019-10-31T20:00:00,N,N4,79.0
2019-10-31T21:00:00,N,N4,63.99999999999998
2019-10-31T22:00:00,N,N4,68.00000000000001
2019-10-31T23:00:00,N,N4,62.00000000000001
2019-11-01T00:00:00,N,N4,57.00000000000001
2019-11-01T01:00:00,N,N4,57.00000000000001
2019-11-01T02:00:00,N,N4,57.00000000000001
2019-11-01T03:00:00,N,N4,57.00000000000001
2019-11-01T04:00:00,N,N4,57.00000000000001
2019-11-01T05:00:00,N,N4,57.00000000000001
2019-11-01T06:00:00,N,N4,68.00000000000001
2019-11-01T07:00:00,N,N4,65.99999999999997
2019-11-01T08:00:00,N,N4,74.99999999999997
2019-11-01T09:00:00,N,N4,81.00000000000003
2019-11-01T10:00:00,N,N4,88.00000000000003
2019-11-01T11:00:00,N,N4,98.00000000000004
2019-11-01T12:00:00,N,N4,72.99999999999999
2019-11-01T13:00:00,N,N4,111.99999999999996
2019-11-01T14:00:00,N,N4,118.00000000000004
2019-11-01T15:00:00,N,N4,96.0
2019-11-01T16:00:00,N,N4,96.0
2019-11-01T17:00:00,N,N4,90.0
2019-11-01T18:00:00,N,N4,97.0
2019-11-01T19:00:00,N,N4,122.00000000000004
2019-11-01T20:00:00,N,N4,117.00000000000004
2019-11-01T21:00:00,N,N4,104.99999999999996
2019-11-01T22:00:00,N,N4,104.99999999999996
2019-11-01T23:00:00,N,N4,100.00000000000004
2019-11-02T00:00:00,N,N4,85.00000000000001
2019-11-02T01:00:00,N,N4,79.99999999999997
2019-11-02T02:00:00,N,N4,79.99999999999997
2019-11-02T03:00:00,N,N4,79.99999999999997
2019-11-02T04:00:00,N,N4,79.99999999999997
2019-11-02T05:00:00,N,N4,79.99999999999997
2019-11-02T06:00:00,N,N4,85.00000000000001
2019-11-02T07:00:00,N,N4,95.0
2019-11-02T08:00:00,N,N4,101.00000000000004
2019-11-02T09:00:00,N,N4,93.16666666666669
2019-11-02T10:00:00,N,N4,99.58333333333331
2019-11-02T11:00:00,N,N4,77.36236769526484
2019-11-02T12:00:00,N,N4,63.99999999999998
2019-11-02T13:00:00,N,N4,63.99999999999998
2019-11-02T14:00:00,N,N4,101.99999999999996
2019-11-02T15:00:00,N,N4,97.0
2019-11-02T16:00:00,N,N4,90.0
2019-11-02T17:00:00,N,N4,90.0
2019-11-02T18:00:00,N,N4,90.0
2019-11-02T19:00:00,N,N4,110.00000000000004
2019-11-02T20:00:00,N,N4,110.00000000000004
2019-11-02T21:00:00,N,N4,101.99999999999996
2019-11-02T22:00:00,N,N4,101.99999999999996
2019-11-02T23:00:00,N,N4,97.0
2019-11-03T00:00:00,N,N4,92.0
2019-11-03T01:00:00,N,N4,87.0
2019-11-03T02:00:00,N,N4,79.99999999999997
2019-11-03T03:00:00,N,N4,76.0
2019-11-03T04:00:00,N,N4,76.0
2019-11-03T05:00:00,N,N4,76.0
2019-11-03T06:00:00,N,N4,71.0
2019-11-03T07:00:00,N,N4,76.0
2019-11-03T08:00:00,N,N4,76.0
2019-11-03T09:00:00,N,N4,76.0
2019-11-03T10:00:00,N,N4,81.00000000000003
2019-11-03T11:00:00,N,N4,85.99999999999997
2019-11-03T12:00:00,N,N4,76.0
2019-11-03T13:00:00,N,N4,76.0
2019-11-03T14:00:00,N,N4,71.0
2019-11-03T15:00:00,N,N4,72.0
2019-11-03T16:00:00,N,N4,69.00000000000001
2019-11-03T17:00:00,N,N4,72.0
2019-11-03T18:00:00,N,N4,77.00000000000001
2019-11-03T19:00:00,N,N4,101.99999999999996
2019-11-03T20:00:00,N,N4,101.99999999999996
2019-11-03T21:00:00,N,N4,87.0
2019-11-03T22:00:00,N,N4,82.00000000000001
2019-11-03T23:00:00,N,N4,76.0
2019-11-04T00:00:00,N,N4,72.0
2019-11-04T01:00:00,N,N4,66.99999999999997
2019-11-04T02:00:00,N,N4,66.99999999999997
2019-11-04T03:00:00,N,N4,62.00000000000001
2019-11-04T04:00:00,N,N4,62.00000000000001
2019-11-04T05:00:00,N,N4,66.99999999999997
2019-11-04T06:00:00,N,N4,64.99999999999999
2019-11-04T07:00:00,N,N4,64.99999999999999
2019-11-04T08:00:00,N,N4,85.00000000000001
2019-11-04T09:00:00,N,N4,90.0
2019-11-04T10:00:00,N,N4,110.00000000000004
2019-11-04T11:00:00,N,N4,110.00000000000004
2019-11-04T12:00:00,N,N4,101.99999999999996
2019-11-04T13:00:00,N,N4,101.99999999999996
2019-11-04T14:00:00,N,N4,110.00000000000004
2019-11-04T15:00:00,N,N4,110.99999999999996
2019-11-04T16:00:00,N,N4,101.00000000000004
2019-11-04T17:00:00,N,N4,98.00000000000004
2019-11-04T18:00:00,N,N4,96.0
2019-11-04T19:00:00,N,N4,104.0
2019-11-04T20:00:00,N,N4,124.00000000000004
2019-11-04T21:00:00,N,N4,122.00000000000004
2019-11-04T22:00:00,N,N4,108.99999999999996
2019-11-04T23:00:00,N,N4,88.99999999999999
2019-11-05T00:00:00,N,N4,94.0
2019-11-05T01:00:00,N,N4,83.99999999999999
2019-11-05T02:00:00,N,N4,83.99999999999999
2019-11-05T03:00:00,N,N4,79.99999999999997
2019-11-05T04:00:00,N,N4,78.0
2019-11-05T05:00:00,N,N4,72.0
2019-11-05T06:00:00,N,N4,66.99999999999997
2019-11-05T07:00:00,N,N4,74.99999999999997
2019-11-05T08:00:00,N,N4,85.00000000000001
2019-11-05T09:00:00,N,N4,88.99999999999999
2019-11-05T10:00:00,N,N4,90.99999999999996
2019-11-05T11:00:00,N,N4,87.0
2019-11-05T12:00:00,N,N4,65.99999999999997
2019-11-05T13:00:00,N,N4,57.99999999999999
2019-11-05T14:00:00,N,N4,63.99999999999998
2019-11-05T15:00:00,N,N4,71.0
2019-11-05T16:00:00,N,N4,72.99999999999999
2019-11-05T17:00:00,N,N4,77.00000000000001
2019-11-05T18:00:00,N,N4,83.99999999999999
2019-11-05T19:00:00,N,N4,82.00000000000001
2019-11-05T20:00:00,N,N4,79.0
2019-11-05T21:00:00,N,N4,74.99999999999997
2019-11-05T22:00:00,N,N4,63.99999999999998
2019-11-05T23:00:00,N,N4,59.99999999999999
2019-11-06T00:00:00,N,N4,59.99999999999999
2019-11-06T01:00:00,N,N4,55.000000000000014
2019-11-06T02:00:00,N,N4,55.000000000000014
2019-11-06T03:00:00,N,N4,55.000000000000014
2019-11-06T04:00:00,N,N4,55.000000000000014
2019-11-06T05:00:00,N,N4,55.000000000000014
2019-11-06T06:00:00,N,N4,64.99999999999999
2019-11-06T07:00:00,N,N4,77.00000000000001
2019-11-06T08:00:00,N,N4,83.00000000000003
2019-11-06T09:00:00,N,N4,87.0
2019-11-06T10:00:00,N,N4,92.0
2019-11-06T11:00:00,N,N4,98.00000000000004
2019-11-06T12:00:00,N,N4,88.99999999999999
2019-11-06T13:00:00,N,N4,83.00000000000003
2019-11-06T14:00:00,N,N4,90.0
2019-11-06T15:00:00,N,N4,92.0
2019-11-06T16:00:00,N,N4,88.99999999999999
2019-11-06T17:00:00,N,N4,88.99999999999999
2019-11-06T18:00:00,N,N4,83.99999999999999
2019-11-06T19:00:00,N,N4,83.99999999999999
2019-11-06T20:00:00,N,N4,102.00000000000004
2019-11-06T21:00:00,N,N4,88.00000000000003
2019-11-06T22:00:00,N,N4,82.00000000000001
2019-11-06T23:00:00,N,N4,82.00000000000001
2019-11-07T00:00:00,N,N4,72.0
2019-11-07T01:00:00,N,N4,66.99999999999997
2019-11-07T02:00:00,N,N4,66.99999999999997
2019-11-07T03:00:00,N,N4,66.99999999999997
2019-11-07T04:00:00,N,N4,66.99999999999997
2019-11-07T05:00:00,N,N4,62.00000000000001
2019-11-07T06:00:00,N,N4,71.0
2019-11-07T07:00:00,N,N4,66.99999999999997
2019-11-07T08:00:00,N,N4,74.99999999999997
2019-11-07T09:00:00,N,N4,78.0
2019-11-07T10:00:00,N,N4,81.00000000000003
2019-11-07T11:00:00,N,N4,88.00000000000003
2019-11-07T12:00:00,N,N4,77.00000000000001
2019-11-07T13:00:00,N,N4,70.00000000000003
2019-11-07T14:00:00,N,N4,76.0
2019-11-07T15:00:00,N,N4,76.0
2019-11-07T16:00:00,N,N4,76.0
2019-11-07T17:00:00,N,N4,76.0
2019-11-07T18:00:00,N,N4,83.99999999999999
2019-11-07T19:00:00,N,N4,97.0
2019-11-07T20:00:00,N,N4,96.0
2019-11-07T21:00:00,N,N4,96.0
2019-11-07T22:00:00,N,N4,64.99999999999999
2019-11-07T23:00:00,N,N4,59.99999999999999
2019-11-08T00:00:00,N,N4,52.00000000000001
2019-11-08T01:00:00,N,N4,52.00000000000001
2019-11-08T02:00:00,N,N4,52.00000000000001
2019-11-08T03:00:00,N,N4,52.00000000000001
2019-11-08T04:00:00,N,N4,52.00000000000001
2019-11-08T05:00:00,N,N4,52.00000000000001
2019-11-08T06:00:00,N,N4,57.99999999999999
2019-11-08T07:00:00,N,N4,65.99999999999997
2019-11-08T08:00:00,N,N4,74.00000000000003
2019-11-08T09:00:00,N,N4,77.00000000000001
2019-11-08T10:00:00,N,N4,81.99999999999994
2019-11-08T11:00:00,N,N4,87.0
2019-11-08T12:00:00,N,N4,82.00000000000001
2019-11-08T13:00:00,N,N4,82.00000000000001
2019-11-08T14:00:00,N,N4,88.99999999999999
2019-11-08T15:00:00,N,N4,90.0
2019-11-08T16:00:00,N,N4,92.0
2019-11-08T17:00:00,N,N4,85.00000000000001
2019-11-08T18:00:00,N,N4,90.0
2019-11-08T19:00:00,N,N4,110.00000000000004
2019-11-08T20:00:00,N,N4,104.99999999999996
2019-11-08T21:00:00,N,N4,100.00000000000004
2019-11-08T22:00:00,N,N4,90.0
2019-11-08T23:00:00,N,N4,90.0
2019-11-09T00:00:00,N,N4,77.00000000000001
2019-11-09T01:00:00,N,N4,72.0
2019-11-09T02:00:00,N,N4,59.99999999999999
2019-11-09T03:00:00,N,N4,59.99999999999999
2019-11-09T04:00:00,N,N4,59.99999999999999
2019-11-09T05:00:00,N,N4,59.99999999999999
2019-11-09T06:00:00,N,N4,64.99999999999999
2019-11-09T07:00:00,N,N4,79.99999999999997
2019-11-09T08:00:00,N,N4,90.0
2019-11-09T09:00:00,N,N4,95.0
2019-11-09T10:00:00,N,N4,100.00000000000004
2019-11-09T11:00:00,N,N4,105.99999999999996
2019-11-09T12:00:00,N,N4,95.0
2019-11-09T13:00:00,N,N4,98.00000000000004
2019-11-09T14:00:00,N,N4,96.0
2019-11-09T15:00:00,N,N4,90.99999999999996
2019-11-09T16:00:00,N,N4,90.99999999999996
2019-11-09T17:00:00,N,N4,88.99999999999999
2019-11-09T18:00:00,N,N4,88.99999999999999
2019-11-09T19:00:00,N,N4,108.99999999999996
2019-11-09T20:00:00,N,N4,108.99999999999996
2019-11-09T21:00:00,N,N4,93.1818181818182
2019-11-09T22:00:00,N,N4,84.99999999999999
2019-11-09T23:00:00,N,N4,80.45454545454545
2019-11-10T00:00:00,N,N4,76.63636363636364
2019-11-10T01:00:00,N,N4,72.0909090909091
2019-11-10T02:00:00,N,N4,70.0
2019-11-10T03:00:00,N,N4,69.0
2019-11-10T04:00:00,N,N4,67.63636363636364
2019-11-10T05:00:00,N,N4,66.72727272727273
2019-11-10T06:00:00,N,N4,64.94317439134876
2019-11-10T07:00:00,N,N4,71.01791290192305
2019-11-10T08:00:00,N,N4,71.0
2019-11-10T09:00:00,N,N4,80.28972489266894
2019-11-10T10:00:00,N,N4,87.0
2019-11-10T11:00:00,N,N4,95.0
2019-11-10T12:00:00,N,N4,90.0
2019-11-10T13:00:00,N,N4,85.00000000000001
2019-11-10T14:00:00,N,N4,85.00000000000001
2019-11-10T15:00:00,N,N4,85.00000000000001
2019-11-10T16:00:00,N,N4,72.0
2019-11-10T17:00:00,N,N4,72.0
2019-11-10T18:00:00,N,N4,72.0
2019-11-10T19:00:00,N,N4,113.00000000000004
2019-11-10T20:00:00,N,N4,113.00000000000004
2019-11-10T21:00:00,N,N4,113.00000000000004
2019-11-10T22:00:00,N,N4,87.0
2019-11-10T23:00:00,N,N4,79.99999999999997
2019-11-11T00:00:00,N,N4,74.99999999999997
2019-11-11T01:00:00,N,N4,74.99999999999997
2019-11-11T02:00:00,N,N4,62.00000000000001
2019-11-11T03:00:00,N,N4,62.00000000000001
2019-11-11T04:00:00,N,N4,62.00000000000001
2019-11-11T05:00:00,N,N4,62.00000000000001
2019-11-11T06:00:00,N,N4,72.0
2019-11-11T07:00:00,N,N4,77.00000000000001
2019-11-11T08:00:00,N,N4,90.0
2019-11-11T09:00:00,N,N4,95.0
2019-11-11T10:00:00,N,N4,97.0
2019-11-11T11:00:00,N,N4,115.0
2019-11-11T12:00:00,N,N4,108.00000000000004
2019-11-11T13:00:00,N,N4,104.99999999999996
2019-11-11T14:00:00,N,N4,115.0
2019-11-11T15:00:00,N,N4,111.99999999999996
2019-11-11T16:00:00,N,N4,110.00000000000004
2019-11-11T17:00:00,N,N4,101.99999999999996
2019-11-11T18:00:00,N,N4,104.0
2019-11-11T19:00:00,N,N4,127.0
2019-11-11T20:00:00,N,N4,127.0
2019-11-11T21:00:00,N,N4,127.0
2019-11-11T22:00:00,N,N4,106.99999999999996
2019-11-11T23:00:00,N,N4,97.0
2019-11-12T00:00:00,N,N4,92.0
2019-11-12T01:00:00,N,N4,85.99999999999997
2019-11-12T02:00:00,N,N4,79.99999999999997
2019-11-12T03:00:00,N,N4,74.99999999999997
2019-11-12T04:00:00,N,N4,72.0
2019-11-12T05:00:00,N,N4,72.0
2019-11-12T06:00:00,N,N4,79.0
2019-11-12T07:00:00,N,N4,79.0
2019-11-12T08:00:00,N,N4,79.0
2019-11-12T09:00:00,N,N4,85.00000000000001
2019-11-12T10:00:00,N,N4,88.00000000000003
2019-11-12T11:00:00,N,N4,101.99999999999996
2019-11-12T12:00:00,N,N4,90.99999999999996
2019-11-12T13:00:00,N,N4,88.99999999999999
2019-11-12T14:00:00,N,N4,99.0
2019-11-12T15:00:00,N,N4,90.99999999999996
2019-11-12T16:00:00,N,N4,93.00000000000004
2019-11-12T17:00:00,N,N4,87.0
2019-11-12T18:00:00,N,N4,87.0
2019-11-12T19:00:00,N,N4,100.00000000000004
2019-11-12T20:00:00,N,N4,106.99999999999996
2019-11-12T21:00:00,N,N4,100.00000000000004
2019-11-12T22:00:00,N,N4,97.0
2019-11-12T23:00:00,N,N4,87.0
2019-11-13T00:00:00,N,N4,82.00000000000001
2019-11-13T01:00:00,N,N4,77.00000000000001
2019-11-13T02:00:00,N,N4,72.99999999999999
2019-11-13T03:00:00,N,N4,70.00000000000003
2019-11-13T04:00:00,N,N4,70.00000000000003
2019-11-13T05:00:00,N,N4,70.00000000000003
2019-11-13T06:00:00,N,N4,66.99999999999997
2019-11-13T07:00:00,N,N4,74.99999999999997
2019-11-13T08:00:00,N,N4,91.5
2019-11-13T09:00:00,N,N4,98.58333333333331
2019-11-13T10:00:00,N,N4,103.25
2019-11-13T11:00:00,N,N4,112.72727272727272
2019-11-13T12:00:00,N,N4,101.25
2019-11-13T13:00:00,N,N4,96.9543025914616
2019-11-13T14:00:00,N,N4,104.91666666666669
2019-11-13T15:00:00,N,N4,101.62932865089516
2019-11-13T16:00:00,N,N4,102.66666666666669
2019-11-13T17:00:00,N,N4,103.83333333333331
2019-11-13T18:00:00,N,N4,74.99999999999997
2019-11-13T19:00:00,N,N4,82.00000000000001
2019-11-13T20:00:00,N,N4,81.00000000000003
2019-11-13T21:00:00,N,N4,71.0
2019-11-13T22:00:00,N,N4,62.00000000000001
2019-11-13T23:00:00,N,N4,56.00000000000002
2019-11-14T00:00:00,N,N4,56.00000000000002
2019-11-14T01:00:00,N,N4,56.00000000000002
2019-11-14T02:00:00,N,N4,56.00000000000002
2019-11-14T03:00:00,N,N4,51.00000000000002
2019-11-14T04:00:00,N,N4,51.00000000000002
2019-11-14T05:00:00,N,N4,51.00000000000002
2019-11-14T06:00:00,N,N4,55.000000000000014
2019-11-14T07:00:00,N,N4,82.08333333333334
2019-11-14T08:00:00,N,N4,91.5
2019-11-14T09:00:00,N,N4,98.75
2019-11-14T10:00:00,N,N4,102.91666666666669
2019-11-14T11:00:00,N,N4,110.25
2019-11-14T12:00:00,N,N4,100.16666666666669
2019-11-14T13:00:00,N,N4,94.0909090909091
2019-11-14T14:00:00,N,N4,101.8181818181818
2019-11-14T15:00:00,N,N4,98.27272727272728
2019-11-14T16:00:00,N,N4,72.0
2019-11-14T17:00:00,N,N4,77.00000000000001
2019-11-14T18:00:00,N,N4,79.99999999999997
2019-11-14T19:00:00,N,N4,83.99999999999999
2019-11-14T20:00:00,N,N4,90.0
2019-11-14T21:00:00,N,N4,77.00000000000001
2019-11-14T22:00:00,N,N4,70.00000000000003
2019-11-14T23:00:00,N,N4,59.99999999999999
2019-11-15T00:00:00,N,N4,59.99999999999999
2019-11-15T01:00:00,N,N4,57.00000000000001
2019-11-15T02:00:00,N,N4,55.000000000000014
2019-11-15T03:00:00,N,N4,49.99999999999999
2019-11-15T04:00:00,N,N4,49.99999999999999
2019-11-15T05:00:00,N,N4,56.00000000000002
2019-11-15T06:00:00,N,N4,65.99999999999997
2019-11-15T07:00:00,N,N4,76.0
2019-11-15T08:00:00,N,N4,81.00000000000003
2019-11-15T09:00:00,N,N4,83.00000000000003
2019-11-15T10:00:00,N,N4,96.0
2019-11-15T11:00:00,N,N4,96.0
2019-11-15T12:00:00,N,N4,90.99999999999996
2019-11-15T13:00:00,N,N4,88.00000000000003
2019-11-15T14:00:00,N,N4,90.0
2019-11-15T15:00:00,N,N4,88.99999999999999
2019-11-15T16:00:00,N,N4,83.99999999999999
2019-11-15T17:00:00,N,N4,81.00000000000003
2019-11-15T18:00:00,N,N4,81.00000000000003
2019-11-15T19:00:00,N,N4,96.0
2019-11-15T20:00:00,N,N4,92.0
2019-11-15T21:00:00,N,N4,79.99999999999997
2019-11-15T22:00:00,N,N4,70.00000000000003
2019-11-15T23:00:00,N,N4,64.99999999999999
2019-11-16T00:00:00,N,N4,55.000000000000014
2019-11-16T01:00:00,N,N4,55.000000000000014
2019-11-16T02:00:00,N,N4,49.99999999999999
2019-11-16T03:00:00,N,N4,49.99999999999999
2019-11-16T04:00:00,N,N4,49.99999999999999
2019-11-16T05:00:00,N,N4,55.000000000000014
2019-11-16T06:00:00,N,N4,54.00000000000001
2019-11-16T07:00:00,N,N4,62.99999999999999
2019-11-16T08:00:00,N,N4,69.49086972474285
2019-11-16T09:00:00,N,N4,72.99999999999999
2019-11-16T10:00:00,N,N4,83.00000000000003
2019-11-16T11:00:00,N,N4,85.99999999999997
2019-11-16T12:00:00,N,N4,77.00000000000001
2019-11-16T13:00:00,N,N4,74.99999999999997
2019-11-16T14:00:00,N,N4,74.99999999999997
2019-11-16T15:00:00,N,N4,74.99999999999997
2019-11-16T16:00:00,N,N4,74.99999999999997
2019-11-16T17:00:00,N,N4,74.99999999999997
2019-11-16T18:00:00,N,N4,74.99999999999997
2019-11-16T19:00:00,N,N4,95.0
2019-11-16T20:00:00,N,N4,95.0
2019-11-16T21:00:00,N,N4,79.99999999999997
2019-11-16T22:00:00,N,N4,70.00000000000003
2019-11-16T23:00:00,N,N4,59.99999999999999
2019-11-17T00:00:00,N,N4,59.99999999999999
2019-11-17T01:00:00,N,N4,57.00000000000001
2019-11-17T02:00:00,N,N4,55.000000000000014
2019-11-17T03:00:00,N,N4,55.000000000000014
2019-11-17T04:00:00,N,N4,48.99999999999999
2019-11-17T05:00:00,N,N4,54.00000000000001
2019-11-17T06:00:00,N,N4,52.00000000000001
2019-11-17T07:00:00,N,N4,59.99999999999999
2019-11-17T08:00:00,N,N4,59.99999999999999
2019-11-17T09:00:00,N,N4,59.99999999999999
2019-11-17T10:00:00,N,N4,72.0
2019-11-17T11:00:00,N,N4,77.00000000000009
2019-11-17T12:00:00,N,N4,77.00000000000009
2019-11-17T13:00:00,N,N4,72.0
2019-11-17T14:00:00,N,N4,74.99999999999997
2019-11-17T15:00:00,N,N4,70.00000000000003
2019-11-17T16:00:00,N,N4,64.99999999999999
2019-11-17T17:00:00,N,N4,64.99999999999999
2019-11-17T18:00:00,N,N4,70.00000000000003
2019-11-17T19:00:00,N,N4,95.0
2019-11-17T20:00:00,N,N4,100.00000000000004
2019-11-17T21:00:00,N,N4,95.0
2019-11-17T22:00:00,N,N4,85.00000000000001
2019-11-17T23:00:00,N,N4,85.00000000000001
2019-11-18T00:00:00,N,N4,85.00000000000001
2019-11-18T01:00:00,N,N4,64.99999999999999
2019-11-18T02:00:00,N,N4,64.99999999999999
2019-11-18T03:00:00,N,N4,64.99999999999999
2019-11-18T04:00:00,N,N4,64.99999999999999
2019-11-18T05:00:00,N,N4,64.99999999999999
2019-11-18T06:00:00,N,N4,64.99999999999999
2019-11-18T07:00:00,N,N4,72.99999999999999
2019-11-18T08:00:00,N,N4,77.00000000000001
2019-11-18T09:00:00,N,N4,88.00000000000003
2019-11-18T10:00:00,N,N4,93.00000000000004
2019-11-18T11:00:00,N,N4,104.0
2019-11-18T12:00:00,N,N4,101.99999999999996
2019-11-18T13:00:00,N,N4,95.0
2019-11-18T14:00:00,N,N4,101.99999999999996
2019-11-18T15:00:00,N,N4,97.0
2019-11-18T16:00:00,N,N4,90.0
2019-11-18T17:00:00,N,N4,90.0
2019-11-18T18:00:00,N,N4,88.99999999999999
2019-11-18T19:00:00,N,N4,115.0
2019-11-18T20:00:00,N,N4,115.0
2019-11-18T21:00:00,N,N4,104.99999999999996
2019-11-18T22:00:00,N,N4,100.00000000000004
2019-11-18T23:00:00,N,N4,100.00000000000004
2019-11-19T00:00:00,N,N4,79.99999999999997
2019-11-19T01:00:00,N,N4,70.00000000000003
2019-11-19T02:00:00,N,N4,70.00000000000003
2019-11-19T03:00:00,N,N4,70.00000000000003
2019-11-19T04:00:00,N,N4,70.00000000000003
2019-11-19T05:00:00,N,N4,70.00000000000003
2019-11-19T06:00:00,N,N4,70.00000000000003
2019-11-19T07:00:00,N,N4,65.99999999999997
2019-11-19T08:00:00,N,N4,79.0
2019-11-19T09:00:00,N,N4,88.00000000000003
2019-11-19T10:00:00,N,N4,94.0
2019-11-19T11:00:00,N,N4,99.0
2019-11-19T12:00:00,N,N4,99.0
2019-11-19T13:00:00,N,N4,100.00000000000004
2019-11-19T14:00:00,N,N4,101.99999999999996
2019-11-19T15:00:00,N,N4,98.00000000000004
2019-11-19T16:00:00,N,N4,97.0
2019-11-19T17:00:00,N,N4,96.0
2019-11-19T18:00:00,N,N4,95.0
2019-11-19T19:00:00,N,N4,119.00000000000004
2019-11-19T20:00:00,N,N4,119.00000000000004
2019-11-19T21:00:00,N,N4,108.99999999999996
2019-11-19T22:00:00,N,N4,104.0
2019-11-19T23:00:00,N,N4,104.0
2019-11-20T00:00:00,N,N4,83.99999999999999
2019-11-20T01:00:00,N,N4,79.0
2019-11-20T02:00:00,N,N4,79.0
2019-11-20T03:00:00,N,N4,79.0
2019-11-20T04:00:00,N,N4,79.0
2019-11-20T05:00:00,N,N4,79.0
2019-11-20T06:00:00,N,N4,74.00000000000003
2019-11-20T07:00:00,N,N4,77.00000000000001
2019-11-20T08:00:00,N,N4,83.00000000000003
2019-11-20T09:00:00,N,N4,97.0
2019-11-20T10:00:00,N,N4,101.00000000000004
2019-11-20T11:00:00,N,N4,115.0
2019-11-20T12:00:00,N,N4,110.99999999999996
2019-11-20T13:00:00,N,N4,104.0
2019-11-20T14:00:00,N,N4,108.99999999999996
2019-11-20T15:00:00,N,N4,106.99999999999996
2019-11-20T16:00:00,N,N4,98.00000000000004
2019-11-20T17:00:00,N,N4,97.0
2019-11-20T18:00:00,N,N4,99.0
2019-11-20T19:00:00,N,N4,114.00000000000004
2019-11-20T20:00:00,N,N4,119.00000000000004
2019-11-20T21:00:00,N,N4,114.00000000000004
2019-11-20T22:00:00,N,N4,97.0
2019-11-20T23:00:00,N,N4,90.0
2019-11-21T00:00:00,N,N4,85.00000000000001
2019-11-21T01:00:00,N,N4,77.00000000000001
2019-11-21T02:00:00,N,N4,77.00000000000001
2019-11-21T03:00:00,N,N4,64.99999999999999
2019-11-21T04:00:00,N,N4,64.99999999999999
2019-11-21T05:00:00,N,N4,72.0
2019-11-21T06:00:00,N,N4,74.00000000000003
2019-11-21T07:00:00,N,N4,79.99999999999997
2019-11-21T08:00:00,N,N4,96.0
2019-11-21T09:00:00,N,N4,96.0
2019-11-21T10:00:00,N,N4,101.99999999999996
2019-11-21T11:00:00,N,N4,113.00000000000004
2019-11-21T12:00:00,N,N4,110.00000000000004
2019-11-21T13:00:00,N,N4,113.00000000000004
2019-11-21T14:00:00,N,N4,114.00000000000004
2019-11-21T15:00:00,N,N4,110.99999999999996
2019-11-21T16:00:00,N,N4,101.99999999999996
2019-11-21T17:00:00,N,N4,100.00000000000004
2019-11-21T18:00:00,N,N4,93.00000000000004
2019-11-21T19:00:00,N,N4,119.99999999999996
2019-11-21T20:00:00,N,N4,119.99999999999996
2019-11-21T21:00:00,N,N4,119.99999999999996
2019-11-21T22:00:00,N,N4,97.0
2019-11-21T23:00:00,N,N4,90.0
2019-11-22T00:00:00,N,N4,85.00000000000001
2019-11-22T01:00:00,N,N4,77.00000000000009
2019-11-22T02:00:00,N,N4,72.0
2019-11-22T03:00:00,N,N4,72.0
2019-11-22T04:00:00,N,N4,64.99999999999999
2019-11-22T05:00:00,N,N4,64.99999999999999
2019-11-22T06:00:00,N,N4,72.99999999999999
2019-11-22T07:00:00,N,N4,74.00000000000003
2019-11-22T08:00:00,N,N4,93.00000000000004
2019-11-22T09:00:00,N,N4,98.00000000000004
2019-11-22T10:00:00,N,N4,99.0
2019-11-22T11:00:00,N,N4,119.00000000000004
2019-11-22T12:00:00,N,N4,114.00000000000004
2019-11-22T13:00:00,N,N4,115.0
2019-11-22T14:00:00,N,N4,116.0
2019-11-22T15:00:00,N,N4,110.99999999999996
2019-11-22T16:00:00,N,N4,95.0
2019-11-22T17:00:00,N,N4,95.0
2019-11-22T18:00:00,N,N4,81.00000000000003
2019-11-22T19:00:00,N,N4,126.0
2019-11-22T20:00:00,N,N4,126.0
2019-11-22T21:00:00,N,N4,126.0
2019-11-22T22:00:00,N,N4,100.00000000000004
2019-11-22T23:00:00,N,N4,87.0
2019-11-23T00:00:00,N,N4,87.0
2019-11-23T01:00:00,N,N4,74.99999999999997
2019-11-23T02:00:00,N,N4,74.99999999999997
2019-11-23T03:00:00,N,N4,68.00000000000001
2019-11-23T04:00:00,N,N4,68.00000000000001
2019-11-23T05:00:00,N,N4,74.99999999999997
2019-11-23T06:00:00,N,N4,88.00000000000003
2019-11-23T07:00:00,N,N4,87.0
2019-11-23T08:00:00,N,N4,95.0
2019-11-23T09:00:00,N,N4,98.00000000000004
2019-11-23T10:00:00,N,N4,106.99999999999996
2019-11-23T11:00:00,N,N4,116.0
2019-11-23T12:00:00,N,N4,113.00000000000004
2019-11-23T13:00:00,N,N4,116.0
2019-11-23T14:00:00,N,N4,116.0
2019-11-23T15:00:00,N,N4,113.00000000000004
2019-11-23T16:00:00,N,N4,108.00000000000004
2019-11-23T17:00:00,N,N4,113.00000000000004
2019-11-23T18:00:00,N,N4,113.00000000000004
2019-11-23T19:00:00,N,N4,124.00000000000004
2019-11-23T20:00:00,N,N4,124.00000000000004
2019-11-23T21:00:00,N,N4,104.0
2019-11-23T22:00:00,N,N4,95.0
2019-11-23T23:00:00,N,N4,85.00000000000001
2019-11-24T00:00:00,N,N4,79.0
2019-11-24T01:00:00,N,N4,74.99999999999997
2019-11-24T02:00:00,N,N4,70.00000000000003
2019-11-24T03:00:00,N,N4,70.00000000000003
2019-11-24T04:00:00,N,N4,65.99999999999997
2019-11-24T05:00:00,N,N4,65.99999999999997
2019-11-24T06:00:00,N,N4,77.00000000000001
2019-11-24T07:00:00,N,N4,82.00000000000001
2019-11-24T08:00:00,N,N4,87.0
2019-11-24T09:00:00,N,N4,87.0
2019-11-24T10:00:00,N,N4,95.0
2019-11-24T11:00:00,N,N4,96.0
2019-11-24T12:00:00,N,N4,90.99999999999996
2019-11-24T13:00:00,N,N4,90.99999999999996
2019-11-24T14:00:00,N,N4,97.0
2019-11-24T15:00:00,N,N4,97.0
2019-11-24T16:00:00,N,N4,85.00000000000001
2019-11-24T17:00:00,N,N4,85.00000000000001
2019-11-24T18:00:00,N,N4,85.00000000000001
2019-11-24T19:00:00,N,N4,111.99999999999996
2019-11-24T20:00:00,N,N4,111.99999999999996
2019-11-24T21:00:00,N,N4,104.99999999999996
2019-11-24T22:00:00,N,N4,101.99999999999996
2019-11-24T23:00:00,N,N4,87.0
2019-11-25T00:00:00,N,N4,82.00000000000001
2019-11-25T01:00:00,N,N4,77.00000000000001
2019-11-25T02:00:00,N,N4,74.99999999999997
2019-11-25T03:00:00,N,N4,72.0
2019-11-25T04:00:00,N,N4,70.00000000000003
2019-11-25T05:00:00,N,N4,66.99999999999997
2019-11-25T06:00:00,N,N4,72.0
2019-11-25T07:00:00,N,N4,83.00000000000003
2019-11-25T08:00:00,N,N4,98.00000000000004
2019-11-25T09:00:00,N,N4,104.0
2019-11-25T10:00:00,N,N4,104.0
2019-11-25T11:00:00,N,N4,104.0
2019-11-25T12:00:00,N,N4,119.99999999999996
2019-11-25T13:00:00,N,N4,119.99999999999996
2019-11-25T14:00:00,N,N4,117.00000000000004
2019-11-25T15:00:00,N,N4,118.00000000000004
2019-11-25T16:00:00,N,N4,116.0
2019-11-25T17:00:00,N,N4,108.00000000000004
2019-11-25T18:00:00,N,N4,115.0
2019-11-25T19:00:00,N,N4,125.00000000000004
2019-11-25T20:00:00,N,N4,133.0
2019-11-25T21:00:00,N,N4,130.99999999999994
2019-11-25T22:00:00,N,N4,110.00000000000004
2019-11-25T23:00:00,N,N4,104.99999999999996
2019-11-26T00:00:00,N,N4,95.0
2019-11-26T01:00:00,N,N4,72.41666666666667
2019-11-26T02:00:00,N,N4,69.75000000000001
2019-11-26T03:00:00,N,N4,68.41666666666667
2019-11-26T04:00:00,N,N4,68.00000000000001
2019-11-26T05:00:00,N,N4,68.91666666666667
2019-11-26T06:00:00,N,N4,73.25000000000001
2019-11-26T07:00:00,N,N4,78.16666666666667
2019-11-26T08:00:00,N,N4,87.08333333333333
2019-11-26T09:00:00,N,N4,92.83333333333331
2019-11-26T10:00:00,N,N4,96.83333333333331
2019-11-26T11:00:00,N,N4,105.0
2019-11-26T12:00:00,N,N4,96.75
2019-11-26T13:00:00,N,N4,93.66666666666669
2019-11-26T14:00:00,N,N4,100.83333333333331
2019-11-26T15:00:00,N,N4,97.83333333333331
2019-11-26T16:00:00,N,N4,97.66666666666669
2019-11-26T17:00:00,N,N4,98.25
2019-11-26T18:00:00,N,N4,101.99999999999996
2019-11-26T19:00:00,N,N4,88.00000000000003
2019-11-26T20:00:00,N,N4,88.00000000000003
2019-11-26T21:00:00,N,N4,88.00000000000003
2019-11-26T22:00:00,N,N4,68.00000000000001
2019-11-26T23:00:00,N,N4,62.99999999999999
2019-11-27T00:00:00,N,N4,62.99999999999999
2019-11-27T01:00:00,N,N4,62.99999999999999
2019-11-27T02:00:00,N,N4,57.99999999999999
2019-11-27T03:00:00,N,N4,57.99999999999999
2019-11-27T04:00:00,N,N4,57.99999999999999
2019-11-27T05:00:00,N,N4,57.99999999999999
2019-11-27T06:00:00,N,N4,68.00000000000001
2019-11-27T07:00:00,N,N4,68.00000000000001
2019-11-27T08:00:00,N,N4,79.99999999999997
2019-11-27T09:00:00,N,N4,81.00000000000003
2019-11-27T10:00:00,N,N4,85.00000000000001
2019-11-27T11:00:00,N,N4,90.99999999999996
2019-11-27T12:00:00,N,N4,79.99999999999997
2019-11-27T13:00:00,N,N4,69.00000000000001
2019-11-27T14:00:00,N,N4,72.0
2019-11-27T15:00:00,N,N4,74.00000000000003
2019-11-27T16:00:00,N,N4,83.00000000000003
2019-11-27T17:00:00,N,N4,83.00000000000003
2019-11-27T18:00:00,N,N4,87.0
2019-11-27T19:00:00,N,N4,108.00000000000004
2019-11-27T20:00:00,N,N4,108.00000000000004
2019-11-27T21:00:00,N,N4,97.0
2019-11-27T22:00:00,N,N4,77.00000000000001
2019-11-27T23:00:00,N,N4,66.99999999999997
2019-11-28T00:00:00,N,N4,62.00000000000001
2019-11-28T01:00:00,N,N4,62.00000000000001
2019-11-28T02:00:00,N,N4,57.00000000000001
2019-11-28T03:00:00,N,N4,57.00000000000001
2019-11-28T04:00:00,N,N4,56.00000000000002
2019-11-28T05:00:00,N,N4,56.00000000000002
2019-11-28T06:00:00,N,N4,64.99999999999999
2019-11-28T07:00:00,N,N4,71.0
2019-11-28T08:00:00,N,N4,82.00000000000001
2019-11-28T09:00:00,N,N4,93.00000000000004
2019-11-28T10:00:00,N,N4,97.0
2019-11-28T11:00:00,N,N4,108.00000000000004
2019-11-28T12:00:00,N,N4,99.0
2019-11-28T13:00:00,N,N4,88.00000000000003
2019-11-28T14:00:00,N,N4,100.00000000000004
2019-11-28T15:00:00,N,N4,100.00000000000004
2019-11-28T16:00:00,N,N4,101.00000000000004
2019-11-28T17:00:00,N,N4,100.00000000000004
2019-11-28T18:00:00,N,N4,100.00000000000004
2019-11-28T19:00:00,N,N4,111.99999999999996
2019-11-28T20:00:00,N,N4,119.99999999999996
2019-11-28T21:00:00,N,N4,105.99999999999996
2019-11-28T22:00:00,N,N4,85.00000000000001
2019-11-28T23:00:00,N,N4,76.0
2019-11-29T00:00:00,N,N4,71.0
2019-11-29T01:00:00,N,N4,71.0
2019-11-29T02:00:00,N,N4,65.99999999999997
2019-11-29T03:00:00,N,N4,61.00000000000001
2019-11-29T04:00:00,N,N4,61.00000000000001
2019-11-29T05:00:00,N,N4,71.0
2019-11-29T06:00:00,N,N4,72.0
2019-11-29T07:00:00,N,N4,74.99999999999997
2019-11-29T08:00:00,N,N4,85.99999999999997
2019-11-29T09:00:00,N,N4,93.00000000000004
2019-11-29T10:00:00,N,N4,104.99999999999996
2019-11-29T11:00:00,N,N4,110.99999999999996
2019-11-29T12:00:00,N,N4,99.0
2019-11-29T13:00:00,N,N4,99.0
2019-11-29T14:00:00,N,N4,114.00000000000004
2019-11-29T15:00:00,N,N4,110.00000000000004
2019-11-29T16:00:00,N,N4,106.99999999999996
2019-11-29T17:00:00,N,N4,106.99999999999996
2019-11-29T18:00:00,N,N4,108.00000000000004
2019-11-29T19:00:00,N,N4,118.00000000000004
2019-11-29T20:00:00,N,N4,122.99999999999994
2019-11-29T21:00:00,N,N4,118.00000000000004
2019-11-29T22:00:00,N,N4,118.00000000000004
2019-11-29T23:00:00,N,N4,93.00000000000004
2019-11-30T00:00:00,N,N4,83.00000000000003
2019-11-30T01:00:00,N,N4,78.0
2019-11-30T02:00:00,N,N4,78.0
2019-11-30T03:00:00,N,N4,78.0
2019-11-30T04:00:00,N,N4,78.0
2019-11-30T05:00:00,N,N4,78.0
2019-11-30T06:00:00,N,N4,83.99999999999999
2019-11-30T07:00:00,N,N4,83.99999999999999
2019-11-30T08:00:00,N,N4,98.00000000000004
2019-11-30T09:00:00,N,N4,110.00000000000004
2019-11-30T10:00:00,N,N4,108.99999999999996
2019-11-30T11:00:00,N,N4,117.00000000000004
2019-11-30T12:00:00,N,N4,111.99999999999996
2019-11-30T13:00:00,N,N4,104.99999999999996
2019-11-30T14:00:00,N,N4,106.99999999999996
2019-11-30T15:00:00,N,N4,97.0
2019-11-30T16:00:00,N,N4,92.0
2019-11-30T17:00:00,N,N4,74.99999999999997
2019-11-30T18:00:00,N,N4,95.46477434394424
2019-11-30T19:00:00,N,N4,106.16126818027732
2019-11-30T20:00:00,N,N4,76.57364069226442
2019-11-30T21:00:00,N,N4,101.5253803959844
2019-11-30T22:00:00,N,N4,91.76810000866423
2019-11-30T23:00:00,N,N4,85.35191830583095
2019-12-01T00:00:00,N,N4,82.0841803461374
2019-12-01T01:00:00,N,N4,75.95964276210158
2019-12-01T02:00:00,N,N4,73.16390971235927
2019-12-01T03:00:00,N,N4,72.01467821908162
2019-12-01T04:00:00,N,N4,69.81065161532909
2019-12-01T05:00:00,N,N4,69.57847441672719
2019-12-01T06:00:00,N,N4,48.31809269618502
2019-12-01T07:00:00,N,N4,59.21495482307656
2019-12-01T08:00:00,N,N4,72.99999999999999
2019-12-01T09:00:00,N,N4,82.00000000000001
2019-12-01T10:00:00,N,N4,87.0
2019-12-01T11:00:00,N,N4,87.0
2019-12-01T12:00:00,N,N4,78.0
2019-12-01T13:00:00,N,N4,78.0
2019-12-01T14:00:00,N,N4,78.0
2019-12-01T15:00:00,N,N4,72.99999999999999
2019-12-01T16:00:00,N,N4,72.99999999999999
2019-12-01T17:00:00,N,N4,72.99999999999999
2019-12-01T18:00:00,N,N4,78.0
2019-12-01T19:00:00,N,N4,98.00000000000004
2019-12-01T20:00:00,N,N4,98.00000000000004
2019-12-01T21:00:00,N,N4,88.00000000000003
2019-12-01T22:00:00,N,N4,83.00000000000003
2019-12-01T23:00:00,N,N4,83.00000000000003
2019-12-02T00:00:00,N,N4,83.00000000000003
2019-12-02T01:00:00,N,N4,62.00000000000001
2019-12-02T02:00:00,N,N4,62.00000000000001
2019-12-02T03:00:00,N,N4,62.00000000000001
2019-12-02T04:00:00,N,N4,62.00000000000001
2019-12-02T05:00:00,N,N4,62.00000000000001
2019-12-02T06:00:00,N,N4,66.99999999999997
2019-12-02T07:00:00,N,N4,78.0
2019-12-02T08:00:00,N,N4,79.99999999999997
2019-12-02T09:00:00,N,N4,96.0
2019-12-02T10:00:00,N,N4,90.0
2019-12-02T11:00:00,N,N4,110.99999999999996
2019-12-02T12:00:00,N,N4,95.0
2019-12-02T13:00:00,N,N4,90.0
2019-12-02T14:00:00,N,N4,101.00000000000004
2019-12-02T15:00:00,N,N4,101.99999999999996
2019-12-02T16:00:00,N,N4,100.00000000000004
2019-12-02T17:00:00,N,N4,99.0
2019-12-02T18:00:00,N,N4,100.00000000000004
2019-12-02T19:00:00,N,N4,114.00000000000004
2019-12-02T20:00:00,N,N4,114.00000000000004
2019-12-02T21:00:00,N,N4,98.00000000000004
2019-12-02T22:00:00,N,N4,74.99999999999997
2019-12-02T23:00:00,N,N4,66.99999999999997
2019-12-03T00:00:00,N,N4,62.00000000000001
2019-12-03T01:00:00,N,N4,57.00000000000001
2019-12-03T02:00:00,N,N4,55.000000000000014
2019-12-03T03:00:00,N,N4,55.000000000000014
2019-12-03T04:00:00,N,N4,55.000000000000014
2019-12-03T05:00:00,N,N4,62.00000000000001
2019-12-03T06:00:00,N,N4,69.00000000000001
2019-12-03T07:00:00,N,N4,81.00000000000003
2019-12-03T08:00:00,N,N4,90.99999999999996
2019-12-03T09:00:00,N,N4,92.0
2019-12-03T10:00:00,N,N4,97.0
2019-12-03T11:00:00,N,N4,105.99999999999996
2019-12-03T12:00:00,N,N4,103.0
2019-12-03T13:00:00,N,N4,104.0
2019-12-03T14:00:00,N,N4,111.99999999999996
2019-12-03T15:00:00,N,N4,108.99999999999996
2019-12-03T16:00:00,N,N4,104.99999999999996
2019-12-03T17:00:00,N,N4,103.0
2019-12-03T18:00:00,N,N4,103.0
2019-12-03T19:00:00,N,N4,103.0
2019-12-03T20:00:00,N,N4,119.00000000000004
2019-12-03T21:00:00,N,N4,108.00000000000004
2019-12-03T22:00:00,N,N4,90.0
2019-12-03T23:00:00,N,N4,72.0
2019-12-04T00:00:00,N,N4,64.99999999999999
2019-12-04T01:00:00,N,N4,64.99999999999999
2019-12-04T02:00:00,N,N4,59.99999999999999
2019-12-04T03:00:00,N,N4,59.99999999999999
2019-12-04T04:00:00,N,N4,59.99999999999999
2019-12-04T05:00:00,N,N4,59.99999999999999
2019-12-04T06:00:00,N,N4,72.99999999999999
2019-12-04T07:00:00,N,N4,79.99999999999997
2019-12-04T08:00:00,N,N4,83.00000000000003
2019-12-04T09:00:00,N,N4,88.99999999999999
2019-12-04T10:00:00,N,N4,90.0
2019-12-04T11:00:00,N,N4,113.00000000000004
2019-12-04T12:00:00,N,N4,97.0
2019-12-04T13:00:00,N,N4,87.0
2019-12-04T14:00:00,N,N4,90.99999999999996
2019-12-04T15:00:00,N,N4,82.00000000000001
2019-12-04T16:00:00,N,N4,88.00000000000003
2019-12-04T17:00:00,N,N4,87.0
2019-12-04T18:00:00,N,N4,101.99999999999996
2019-12-04T19:00:00,N,N4,100.00000000000004
2019-12-04T20:00:00,N,N4,83.99999999999999
2019-12-04T21:00:00,N,N4,78.0
2019-12-04T22:00:00,N,N4,64.99999999999999
2019-12-04T23:00:00,N,N4,64.99999999999999
2019-12-05T00:00:00,N,N4,59.99999999999999
2019-12-05T01:00:00,N,N4,59.99999999999999
2019-12-05T02:00:00,N,N4,59.99999999999999
2019-12-05T03:00:00,N,N4,59.99999999999999
2019-12-05T04:00:00,N,N4,59.99999999999999
2019-12-05T05:00:00,N,N4,57.00000000000001
2019-12-05T06:00:00,N,N4,62.00000000000001
2019-12-05T07:00:00,N,N4,68.00000000000001
2019-12-05T08:00:00,N,N4,77.00000000000001
2019-12-05T09:00:00,N,N4,87.0
2019-12-05T10:00:00,N,N4,90.0
2019-12-05T11:00:00,N,N4,100.00000000000004
2019-12-05T12:00:00,N,N4,88.00000000000003
2019-12-05T13:00:00,N,N4,79.0
2019-12-05T14:00:00,N,N4,79.99999999999997
2019-12-05T15:00:00,N,N4,83.00000000000003
2019-12-05T16:00:00,N,N4,88.00000000000003
2019-12-05T17:00:00,N,N4,88.00000000000003
2019-12-05T18:00:00,N,N4,92.0
2019-12-05T19:00:00,N,N4,88.00000000000003
2019-12-05T20:00:00,N,N4,100.00000000000004
2019-12-05T21:00:00,N,N4,79.99999999999997
2019-12-05T22:00:00,N,N4,68.00000000000001
2019-12-05T23:00:00,N,N4,62.99999999999999
2019-12-06T00:00:00,N,N4,57.99999999999999
2019-12-06T01:00:00,N,N4,53.00000000000001
2019-12-06T02:00:00,N,N4,53.00000000000001
2019-12-06T03:00:00,N,N4,53.00000000000001
2019-12-06T04:00:00,N,N4,53.00000000000001
2019-12-06T05:00:00,N,N4,53.00000000000001
2019-12-06T06:00:00,N,N4,62.99999999999999
2019-12-06T07:00:00,N,N4,74.99999999999997
2019-12-06T08:00:00,N,N4,90.99999999999996
2019-12-06T09:00:00,N,N4,92.0
2019-12-06T10:00:00,N,N4,94.0
2019-12-06T11:00:00,N,N4,110.99999999999996
2019-12-06T12:00:00,N,N4,95.0
2019-12-06T13:00:00,N,N4,88.00000000000003
2019-12-06T14:00:00,N,N4,98.00000000000004
2019-12-06T15:00:00,N,N4,99.0
2019-12-06T16:00:00,N,N4,92.0
2019-12-06T17:00:00,N,N4,92.0
2019-12-06T18:00:00,N,N4,92.0
2019-12-06T19:00:00,N,N4,87.0
2019-12-06T20:00:00,N,N4,79.99999999999997
2019-12-06T21:00:00,N,N4,79.99999999999997
2019-12-06T22:00:00,N,N4,71.0
2019-12-06T23:00:00,N,N4,65.99999999999997
2019-12-07T00:00:00,N,N4,61.00000000000001
2019-12-07T01:00:00,N,N4,56.00000000000002
2019-12-07T02:00:00,N,N4,56.00000000000002
2019-12-07T03:00:00,N,N4,51.00000000000002
2019-12-07T04:00:00,N,N4,51.00000000000002
2019-12-07T05:00:00,N,N4,56.00000000000002
2019-12-07T06:00:00,N,N4,57.99999999999999
2019-12-07T07:00:00,N,N4,68.00000000000001
2019-12-07T08:00:00,N,N4,83.99999999999999
2019-12-07T09:00:00,N,N4,83.99999999999999
2019-12-07T10:00:00,N,N4,83.99999999999999
2019-12-07T11:00:00,N,N4,94.0
2019-12-07T12:00:00,N,N4,90.99999999999996
2019-12-07T13:00:00,N,N4,90.99999999999996
2019-12-07T14:00:00,N,N4,77.00000000000001
2019-12-07T15:00:00,N,N4,77.00000000000001
2019-12-07T16:00:00,N,N4,74.99999999999997
2019-12-07T17:00:00,N,N4,74.99999999999997
2019-12-07T18:00:00,N,N4,79.99999999999997
2019-12-07T19:00:00,N,N4,87.0
2019-12-07T20:00:00,N,N4,100.00000000000004
2019-12-07T21:00:00,N,N4,87.0
2019-12-07T22:00:00,N,N4,78.0
2019-12-07T23:00:00,N,N4,72.99999999999999
2019-12-08T00:00:00,N,N4,68.00000000000001
2019-12-08T01:00:00,N,N4,62.99999999999999
2019-12-08T02:00:00,N,N4,62.99999999999999
2019-12-08T03:00:00,N,N4,62.99999999999999
2019-12-08T04:00:00,N,N4,57.99999999999999
2019-12-08T05:00:00,N,N4,57.99999999999999
2019-12-08T06:00:00,N,N4,55.000000000000014
2019-12-08T07:00:00,N,N4,62.000000000000064
2019-12-08T08:00:00,N,N4,62.00000000000001
2019-12-08T09:00:00,N,N4,66.99999999999997
2019-12-08T10:00:00,N,N4,66.99999999999997
2019-12-08T11:00:00,N,N4,74.99999999999997
2019-12-08T12:00:00,N,N4,62.00000000000001
2019-12-08T13:00:00,N,N4,66.99999999999997
2019-12-08T14:00:00,N,N4,68.00000000000001
2019-12-08T15:00:00,N,N4,68.00000000000001
2019-12-08T16:00:00,N,N4,68.00000000000001
2019-12-08T17:00:00,N,N4,68.00000000000001
2019-12-08T18:00:00,N,N4,72.99999999999999
2019-12-08T19:00:00,N,N4,88.00000000000003
2019-12-08T20:00:00,N,N4,88.00000000000003
2019-12-08T21:00:00,N,N4,83.00000000000003
2019-12-08T22:00:00,N,N4,78.0
2019-12-08T23:00:00,N,N4,78.0
2019-12-09T00:00:00,N,N4,62.99999999999999
2019-12-09T01:00:00,N,N4,57.99999999999999
2019-12-09T02:00:00,N,N4,57.99999999999999
2019-12-09T03:00:00,N,N4,57.99999999999999
2019-12-09T04:00:00,N,N4,57.99999999999999
2019-12-09T05:00:00,N,N4,57.99999999999999
2019-12-09T06:00:00,N,N4,62.00000000000001
2019-12-09T07:00:00,N,N4,69.00000000000001
2019-12-09T08:00:00,N,N4,88.00000000000003
2019-12-09T09:00:00,N,N4,88.00000000000003
2019-12-09T10:00:00,N,N4,88.00000000000003
2019-12-09T11:00:00,N,N4,101.99999999999996
2019-12-09T12:00:00,N,N4,88.00000000000003
2019-12-09T13:00:00,N,N4,76.0
2019-12-09T14:00:00,N,N4,97.0
2019-12-09T15:00:00,N,N4,94.0
2019-12-09T16:00:00,N,N4,93.00000000000004
2019-12-09T17:00:00,N,N4,97.0
2019-12-09T18:00:00,N,N4,96.0
2019-12-09T19:00:00,N,N4,102.00000000000004
2019-12-09T20:00:00,N,N4,108.00000000000004
2019-12-09T21:00:00,N,N4,93.00000000000004
2019-12-09T22:00:00,N,N4,83.00000000000003
2019-12-09T23:00:00,N,N4,77.00000000000001
2019-12-10T00:00:00,N,N4,68.00000000000001
2019-12-10T01:00:00,N,N4,62.99999999999999
2019-12-10T02:00:00,N,N4,59.99999999999999
2019-12-10T03:00:00,N,N4,59.99999999999999
2019-12-10T04:00:00,N,N4,59.99999999999999
2019-12-10T05:00:00,N,N4,59.99999999999999
2019-12-10T06:00:00,N,N4,72.0
2019-12-10T07:00:00,N,N4,85.00000000000001
2019-12-10T08:00:00,N,N4,100.00000000000004
2019-12-10T09:00:00,N,N4,104.99999999999996
2019-12-10T10:00:00,N,N4,105.99999999999996
2019-12-10T11:00:00,N,N4,111.99999999999996
2019-12-10T12:00:00,N,N4,110.99999999999996
2019-12-10T13:00:00,N,N4,100.00000000000004
2019-12-10T14:00:00,N,N4,117.00000000000004
2019-12-10T15:00:00,N,N4,116.0
2019-12-10T16:00:00,N,N4,117.00000000000004
2019-12-10T17:00:00,N,N4,108.00000000000004
2019-12-10T18:00:00,N,N4,110.00000000000004
2019-12-10T19:00:00,N,N4,119.99999999999996
2019-12-10T20:00:00,N,N4,126.0
2019-12-10T21:00:00,N,N4,114.00000000000004
2019-12-10T22:00:00,N,N4,114.00000000000004
2019-12-10T23:00:00,N,N4,99.0
2019-12-11T00:00:00,N,N4,88.99999999999999
2019-12-11T01:00:00,N,N4,85.00000000000001
2019-12-11T02:00:00,N,N4,85.00000000000001
2019-12-11T03:00:00,N,N4,85.00000000000001
2019-12-11T04:00:00,N,N4,85.00000000000001
2019-12-11T05:00:00,N,N4,85.00000000000001
2019-12-11T06:00:00,N,N4,79.0
2019-12-11T07:00:00,N,N4,93.00000000000004
2019-12-11T08:00:00,N,N4,103.0
2019-12-11T09:00:00,N,N4,110.99999999999996
2019-12-11T10:00:00,N,N4,118.00000000000004
2019-12-11T11:00:00,N,N4,138.99999999999997
2019-12-11T12:00:00,N,N4,119.99999999999996
2019-12-11T13:00:00,N,N4,122.99999999999994
2019-12-11T14:00:00,N,N4,133.99999999999997
2019-12-11T15:00:00,N,N4,121.00000000000004
2019-12-11T16:00:00,N,N4,117.00000000000004
2019-12-11T17:00:00,N,N4,119.00000000000004
2019-12-11T18:00:00,N,N4,119.99999999999996
2019-12-11T19:00:00,N,N4,108.00000000000004
2019-12-11T20:00:00,N,N4,126.0
2019-12-11T21:00:00,N,N4,126.0
2019-12-11T22:00:00,N,N4,100.00000000000004
2019-12-11T23:00:00,N,N4,100.00000000000004
2019-12-12T00:00:00,N,N4,87.0
2019-12-12T01:00:00,N,N4,79.99999999999997
2019-12-12T02:00:00,N,N4,79.99999999999997
2019-12-12T03:00:00,N,N4,79.99999999999997
2019-12-12T04:00:00,N,N4,79.99999999999997
2019-12-12T05:00:00,N,N4,79.99999999999997
2019-12-12T06:00:00,N,N4,83.00000000000003
2019-12-12T07:00:00,N,N4,88.00000000000003
2019-12-12T08:00:00,N,N4,92.0
2019-12-12T09:00:00,N,N4,106.99999999999996
2019-12-12T10:00:00,N,N4,111.99999999999996
2019-12-12T11:00:00,N,N4,122.99999999999994
2019-12-12T12:00:00,N,N4,108.00000000000004
2019-12-12T13:00:00,N,N4,100.00000000000004
2019-12-12T14:00:00,N,N4,108.99999999999996
2019-12-12T15:00:00,N,N4,74.99999999999997
2019-12-12T16:00:00,N,N4,74.99999999999997
2019-12-12T17:00:00,N,N4,90.0
2019-12-12T18:00:00,N,N4,92.0
2019-12-12T19:00:00,N,N4,90.0
2019-12-12T20:00:00,N,N4,103.0
2019-12-12T21:00:00,N,N4,83.00000000000003
2019-12-12T22:00:00,N,N4,62.00000000000001
2019-12-12T23:00:00,N,N4,62.00000000000001
2019-12-13T00:00:00,N,N4,55.000000000000014
2019-12-13T01:00:00,N,N4,55.000000000000014
2019-12-13T02:00:00,N,N4,53.00000000000001
2019-12-13T03:00:00,N,N4,53.00000000000001
2019-12-13T04:00:00,N,N4,53.00000000000001
2019-12-13T05:00:00,N,N4,53.00000000000001
2019-12-13T06:00:00,N,N4,62.99999999999999
2019-12-13T07:00:00,N,N4,79.0
2019-12-13T08:00:00,N,N4,88.99999999999999
2019-12-13T09:00:00,N,N4,93.00000000000004
2019-12-13T10:00:00,N,N4,104.0
2019-12-13T11:00:00,N,N4,110.00000000000004
2019-12-13T12:00:00,N,N4,97.0
2019-12-13T13:00:00,N,N4,99.0
2019-12-13T14:00:00,N,N4,110.99999999999996
2019-12-13T15:00:00,N,N4,110.99999999999996
2019-12-13T16:00:00,N,N4,110.00000000000004
2019-12-13T17:00:00,N,N4,110.00000000000004
2019-12-13T18:00:00,N,N4,108.99999999999996
2019-12-13T19:00:00,N,N4,111.99999999999996
2019-12-13T20:00:00,N,N4,124.00000000000004
2019-12-13T21:00:00,N,N4,124.00000000000004
2019-12-13T22:00:00,N,N4,100.00000000000004
2019-12-13T23:00:00,N,N4,92.0
2019-12-14T00:00:00,N,N4,90.0
2019-12-14T01:00:00,N,N4,74.99999999999997
2019-12-14T02:00:00,N,N4,74.99999999999997
2019-12-14T03:00:00,N,N4,74.99999999999997
2019-12-14T04:00:00,N,N4,66.99999999999997
2019-12-14T05:00:00,N,N4,66.99999999999997
2019-12-14T06:00:00,N,N4,74.00000000000003
2019-12-14T07:00:00,N,N4,87.0
2019-12-14T08:00:00,N,N4,87.0
2019-12-14T09:00:00,N,N4,87.0
2019-12-14T10:00:00,N,N4,122.00000000000004
2019-12-14T11:00:00,N,N4,122.00000000000004
2019-12-14T12:00:00,N,N4,105.99999999999996
2019-12-14T13:00:00,N,N4,108.00000000000004
2019-12-14T14:00:00,N,N4,102.00000000000004
2019-12-14T15:00:00,N,N4,97.0
2019-12-14T16:00:00,N,N4,101.99999999999996
2019-12-14T17:00:00,N,N4,110.00000000000004
2019-12-14T18:00:00,N,N4,110.00000000000004
2019-12-14T19:00:00,N,N4,110.00000000000004
2019-12-14T20:00:00,N,N4,122.00000000000004
2019-12-14T21:00:00,N,N4,101.99999999999996
2019-12-14T22:00:00,N,N4,94.0
2019-12-14T23:00:00,N,N4,94.0
2019-12-15T00:00:00,N,N4,94.0
2019-12-15T01:00:00,N,N4,83.99999999999999
2019-12-15T02:00:00,N,N4,83.99999999999999
2019-12-15T03:00:00,N,N4,83.99999999999999
2019-12-15T04:00:00,N,N4,83.99999999999999
2019-12-15T05:00:00,N,N4,77.00000000000001
2019-12-15T06:00:00,N,N4,72.0
2019-12-15T07:00:00,N,N4,88.99999999999999
2019-12-15T08:00:00,N,N4,88.99999999999999
2019-12-15T09:00:00,N,N4,94.0
2019-12-15T10:00:00,N,N4,99.0
2019-12-15T11:00:00,N,N4,104.0
2019-12-15T12:00:00,N,N4,88.99999999999999
2019-12-15T13:00:00,N,N4,95.0
2019-12-15T14:00:00,N,N4,85.00000000000001
2019-12-15T15:00:00,N,N4,85.00000000000001
2019-12-15T16:00:00,N,N4,72.0
2019-12-15T17:00:00,N,N4,79.99999999999997
2019-12-15T18:00:00,N,N4,82.00000000000001
2019-12-15T19:00:00,N,N4,74.99999999999997
2019-12-15T20:00:00,N,N4,74.99999999999997
2019-12-15T21:00:00,N,N4,74.99999999999997
2019-12-15T22:00:00,N,N4,63.99999999999998
2019-12-15T23:00:00,N,N4,62.00000000000001
2019-12-16T00:00:00,N,N4,62.00000000000001
2019-12-16T01:00:00,N,N4,57.00000000000001
2019-12-16T02:00:00,N,N4,57.00000000000001
2019-12-16T03:00:00,N,N4,57.00000000000001
2019-12-16T04:00:00,N,N4,57.00000000000001
2019-12-16T05:00:00,N,N4,57.00000000000001
2019-12-16T06:00:00,N,N4,66.99999999999997
2019-12-16T07:00:00,N,N4,72.0
2019-12-16T08:00:00,N,N4,77.00000000000001
2019-12-16T09:00:00,N,N4,82.00000000000001
2019-12-16T10:00:00,N,N4,87.0
2019-12-16T11:00:00,N,N4,87.0
2019-12-16T12:00:00,N,N4,77.00000000000001
2019-12-16T13:00:00,N,N4,66.99999999999997
2019-12-16T14:00:00,N,N4,69.00000000000001
2019-12-16T15:00:00,N,N4,71.0
2019-12-16T16:00:00,N,N4,71.0
2019-12-16T17:00:00,N,N4,79.99999999999997
2019-12-16T18:00:00,N,N4,88.99999999999999
2019-12-16T19:00:00,N,N4,83.00000000000003
2019-12-16T20:00:00,N,N4,88.00000000000003
2019-12-16T21:00:00,N,N4,76.0
2019-12-16T22:00:00,N,N4,66.99999999999997
2019-12-16T23:00:00,N,N4,62.00000000000001
2019-12-17T00:00:00,N,N4,57.00000000000001
2019-12-17T01:00:00,N,N4,57.00000000000001
2019-12-17T02:00:00,N,N4,57.00000000000001
2019-12-17T03:00:00,N,N4,57.00000000000001
2019-12-17T04:00:00,N,N4,57.00000000000001
2019-12-17T05:00:00,N,N4,57.00000000000001
2019-12-17T06:00:00,N,N4,57.00000000000001
2019-12-17T07:00:00,N,N4,72.99999999999999
2019-12-17T08:00:00,N,N4,79.99999999999997
2019-12-17T09:00:00,N,N4,83.00000000000003
2019-12-17T10:00:00,N,N4,77.00000000000001
2019-12-17T11:00:00,N,N4,88.99999999999999
2019-12-17T12:00:00,N,N4,76.0
2019-12-17T13:00:00,N,N4,71.0
2019-12-17T14:00:00,N,N4,88.99999999999999
2019-12-17T15:00:00,N,N4,90.0
2019-12-17T16:00:00,N,N4,88.99999999999999
2019-12-17T17:00:00,N,N4,88.00000000000003
2019-12-17T18:00:00,N,N4,82.00000000000001
2019-12-17T19:00:00,N,N4,104.0
2019-12-17T20:00:00,N,N4,104.0
2019-12-17T21:00:00,N,N4,90.0
2019-12-17T22:00:00,N,N4,79.0
2019-12-17T23:00:00,N,N4,69.00000000000001
2019-12-18T00:00:00,N,N4,63.99999999999998
2019-12-18T01:00:00,N,N4,63.99999999999998
2019-12-18T02:00:00,N,N4,61.00000000000001
2019-12-18T03:00:00,N,N4,59.000000000000014
2019-12-18T04:00:00,N,N4,59.000000000000014
2019-12-18T05:00:00,N,N4,59.000000000000014
2019-12-18T06:00:00,N,N4,66.99999999999997
2019-12-18T07:00:00,N,N4,62.99999999999999
2019-12-18T08:00:00,N,N4,83.00000000000003
2019-12-18T09:00:00,N,N4,93.00000000000004
2019-12-18T10:00:00,N,N4,99.0
2019-12-18T11:00:00,N,N4,104.99999999999996
2019-12-18T12:00:00,N,N4,85.00000000000001
2019-12-18T13:00:00,N,N4,85.00000000000001
2019-12-18T14:00:00,N,N4,103.0
2019-12-18T15:00:00,N,N4,96.0
2019-12-18T16:00:00,N,N4,102.00000000000004
2019-12-18T17:00:00,N,N4,100.00000000000004
2019-12-18T18:00:00,N,N4,100.00000000000004
2019-12-18T19:00:00,N,N4,100.00000000000004
2019-12-18T20:00:00,N,N4,110.99999999999996
2019-12-18T21:00:00,N,N4,105.99999999999996
2019-12-18T22:00:00,N,N4,92.0
2019-12-18T23:00:00,N,N4,85.99999999999997
2019-12-19T00:00:00,N,N4,81.00000000000003
2019-12-19T01:00:00,N,N4,76.0
2019-12-19T02:00:00,N,N4,74.00000000000003
2019-12-19T03:00:00,N,N4,71.0
2019-12-19T04:00:00,N,N4,69.00000000000001
2019-12-19T05:00:00,N,N4,65.99999999999997
2019-12-19T06:00:00,N,N4,71.0
2019-12-19T07:00:00,N,N4,74.00000000000003
2019-12-19T08:00:00,N,N4,79.99999999999997
2019-12-19T09:00:00,N,N4,82.00000000000001
2019-12-19T10:00:00,N,N4,85.99999999999997
2019-12-19T11:00:00,N,N4,94.0
2019-12-19T12:00:00,N,N4,85.99999999999997
2019-12-19T13:00:00,N,N4,78.0
2019-12-19T14:00:00,N,N4,97.0
2019-12-19T15:00:00,N,N4,97.0
2019-12-19T16:00:00,N,N4,96.0
2019-12-19T17:00:00,N,N4,100.00000000000004
2019-12-19T18:00:00,N,N4,96.0
2019-12-19T19:00:00,N,N4,96.0
2019-12-19T20:00:00,N,N4,104.99999999999996
2019-12-19T21:00:00,N,N4,100.00000000000004
2019-12-19T22:00:00,N,N4,97.0
2019-12-19T23:00:00,N,N4,87.0
2019-12-20T00:00:00,N,N4,82.00000000000001
2019-12-20T01:00:00,N,N4,77.00000000000001
2019-12-20T02:00:00,N,N4,74.99999999999997
2019-12-20T03:00:00,N,N4,72.0
2019-12-20T04:00:00,N,N4,72.0
2019-12-20T05:00:00,N,N4,72.0
2019-12-20T06:00:00,N,N4,77.00000000000009
2019-12-20T07:00:00,N,N4,83.00000000000003
2019-12-20T08:00:00,N,N4,90.0
2019-12-20T09:00:00,N,N4,97.0
2019-12-20T10:00:00,N,N4,106.99999999999996
2019-12-20T11:00:00,N,N4,110.00000000000004
2019-12-20T12:00:00,N,N4,106.99999999999996
2019-12-20T13:00:00,N,N4,105.99999999999996
2019-12-20T14:00:00,N,N4,121.00000000000004
2019-12-20T15:00:00,N,N4,103.0
2019-12-20T16:00:00,N,N4,100.00000000000004
2019-12-20T17:00:00,N,N4,104.0
2019-12-20T18:00:00,N,N4,100.00000000000004
2019-12-20T19:00:00,N,N4,98.00000000000004
2019-12-20T20:00:00,N,N4,117.00000000000004
2019-12-20T21:00:00,N,N4,106.99999999999996
2019-12-20T22:00:00,N,N4,90.0
2019-12-20T23:00:00,N,N4,85.00000000000001
2019-12-21T00:00:00,N,N4,77.00000000000001
2019-12-21T01:00:00,N,N4,52.00000000000001
2019-12-21T02:00:00,N,N4,57.00000000000001
2019-12-21T03:00:00,N,N4,57.00000000000001
2019-12-21T04:00:00,N,N4,43.99999999999999
2019-12-21T05:00:00,N,N4,43.99999999999999
2019-12-21T06:00:00,N,N4,53.00000000000001
2019-12-21T07:00:00,N,N4,59.99999999999999
2019-12-21T08:00:00,N,N4,59.99999999999999
2019-12-21T09:00:00,N,N4,74.00000000000003
2019-12-21T10:00:00,N,N4,82.00000000000001
2019-12-21T11:00:00,N,N4,83.99999999999999
2019-12-21T12:00:00,N,N4,77.00000000000001
2019-12-21T13:00:00,N,N4,72.0
2019-12-21T14:00:00,N,N4,72.0
2019-12-21T15:00:00,N,N4,90.0
2019-12-21T16:00:00,N,N4,74.99999999999997
2019-12-21T17:00:00,N,N4,96.99999999999991
2019-12-21T18:00:00,N,N4,85.99999999999997
2019-12-21T19:00:00,N,N4,82.00000000000001
2019-12-21T20:00:00,N,N4,96.0
2019-12-21T21:00:00,N,N4,81.00000000000003
2019-12-21T22:00:00,N,N4,64.99999999999999
2019-12-21T23:00:00,N,N4,64.99999999999999
2019-12-22T00:00:00,N,N4,59.99999999999999
2019-12-22T01:00:00,N,N4,52.00000000000001
2019-12-22T02:00:00,N,N4,52.00000000000001
2019-12-22T03:00:00,N,N4,48.00000000000001
2019-12-22T04:00:00,N,N4,48.00000000000001
2019-12-22T05:00:00,N,N4,52.00000000000001
2019-12-22T06:00:00,N,N4,56.00000000000002
2019-12-22T07:00:00,N,N4,56.00000000000002
2019-12-22T08:00:00,N,N4,65.99999999999997
2019-12-22T09:00:00,N,N4,71.0
2019-12-22T10:00:00,N,N4,76.0
2019-12-22T11:00:00,N,N4,81.00000000000003
2019-12-22T12:00:00,N,N4,76.0
2019-12-22T13:00:00,N,N4,65.99999999999997
2019-12-22T14:00:00,N,N4,65.99999999999997
2019-12-22T15:00:00,N,N4,71.0
2019-12-22T16:00:00,N,N4,65.99999999999997
2019-12-22T17:00:00,N,N4,71.0
2019-12-22T18:00:00,N,N4,76.0
2019-12-22T19:00:00,N,N4,81.99999999999994
2019-12-22T20:00:00,N,N4,92.0
2019-12-22T21:00:00,N,N4,82.00000000000001
2019-12-22T22:00:00,N,N4,62.00000000000001
2019-12-22T23:00:00,N,N4,62.00000000000001
2019-12-23T00:00:00,N,N4,55.000000000000014
2019-12-23T01:00:00,N,N4,55.000000000000014
2019-12-23T02:00:00,N,N4,48.00000000000001
2019-12-23T03:00:00,N,N4,48.00000000000001
2019-12-23T04:00:00,N,N4,48.00000000000001
2019-12-23T05:00:00,N,N4,52.00000000000001
2019-12-23T06:00:00,N,N4,64.99999999999999
2019-12-23T07:00:00,N,N4,65.99999999999997
2019-12-23T08:00:00,N,N4,72.99999999999999
2019-12-23T09:00:00,N,N4,78.0
2019-12-23T10:00:00,N,N4,82.00000000000001
2019-12-23T11:00:00,N,N4,88.00000000000003
2019-12-23T12:00:00,N,N4,85.00000000000001
2019-12-23T13:00:00,N,N4,78.0
2019-12-23T14:00:00,N,N4,82.00000000000001
2019-12-23T15:00:00,N,N4,83.99999999999999
2019-12-23T16:00:00,N,N4,85.99999999999997
2019-12-23T17:00:00,N,N4,81.00000000000003
2019-12-23T18:00:00,N,N4,85.00000000000001
2019-12-23T19:00:00,N,N4,87.0
2019-12-23T20:00:00,N,N4,97.0
2019-12-23T21:00:00,N,N4,90.0
2019-12-23T22:00:00,N,N4,76.0
2019-12-23T23:00:00,N,N4,71.0
2019-12-24T00:00:00,N,N4,61.00000000000001
2019-12-24T01:00:00,N,N4,61.00000000000001
2019-12-24T02:00:00,N,N4,57.99999999999999
2019-12-24T03:00:00,N,N4,56.00000000000002
2019-12-24T04:00:00,N,N4,56.00000000000002
2019-12-24T05:00:00,N,N4,56.00000000000002
2019-12-24T06:00:00,N,N4,59.99999999999999
2019-12-24T07:00:00,N,N4,65.99999999999997
2019-12-24T08:00:00,N,N4,70.00000000000003
2019-12-24T09:00:00,N,N4,79.0
2019-12-24T10:00:00,N,N4,78.0
2019-12-24T11:00:00,N,N4,90.99999999999996
2019-12-24T12:00:00,N,N4,88.00000000000003
2019-12-24T13:00:00,N,N4,82.00000000000001
2019-12-24T14:00:00,N,N4,85.99999999999997
2019-12-24T15:00:00,N,N4,85.00000000000001
2019-12-24T16:00:00,N,N4,85.00000000000001
2019-12-24T17:00:00,N,N4,93.00000000000004
2019-12-24T18:00:00,N,N4,98.00000000000004
2019-12-24T19:00:00,N,N4,98.00000000000004
2019-12-24T20:00:00,N,N4,108.00000000000004
2019-12-24T21:00:00,N,N4,98.00000000000004
2019-12-24T22:00:00,N,N4,88.00000000000003
2019-12-24T23:00:00,N,N4,78.0
2019-12-25T00:00:00,N,N4,72.0
2019-12-25T01:00:00,N,N4,72.0
2019-12-25T02:00:00,N,N4,70.00000000000003
2019-12-25T03:00:00,N,N4,64.99999999999999
2019-12-25T04:00:00,N,N4,62.00000000000001
2019-12-25T05:00:00,N,N4,62.00000000000001
2019-12-25T06:00:00,N,N4,62.00000000000001
2019-12-25T07:00:00,N,N4,66.99999999999997
2019-12-25T08:00:00,N,N4,72.0
2019-12-25T09:00:00,N,N4,77.00000000000001
2019-12-25T10:00:00,N,N4,77.00000000000001
2019-12-25T11:00:00,N,N4,77.00000000000001
2019-12-25T12:00:00,N,N4,72.0
2019-12-25T13:00:00,N,N4,77.00000000000001
2019-12-25T14:00:00,N,N4,77.00000000000001
2019-12-25T15:00:00,N,N4,77.00000000000001
2019-12-25T16:00:00,N,N4,77.00000000000001
2019-12-25T17:00:00,N,N4,82.00000000000001
2019-12-25T18:00:00,N,N4,79.99999999999997
2019-12-25T19:00:00,N,N4,90.0
2019-12-25T20:00:00,N,N4,115.0
2019-12-25T21:00:00,N,N4,115.0
2019-12-25T22:00:00,N,N4,104.99999999999996
2019-12-25T23:00:00,N,N4,100.00000000000004
2019-12-26T00:00:00,N,N4,95.0
2019-12-26T01:00:00,N,N4,90.0
2019-12-26T02:00:00,N,N4,85.00000000000001
2019-12-26T03:00:00,N,N4,79.99999999999997
2019-12-26T04:00:00,N,N4,79.99999999999997
2019-12-26T05:00:00,N,N4,79.99999999999997
2019-12-26T06:00:00,N,N4,79.99999999999997
2019-12-26T07:00:00,N,N4,85.00000000000001
2019-12-26T08:00:00,N,N4,92.0
2019-12-26T09:00:00,N,N4,103.0
2019-12-26T10:00:00,N,N4,104.99999999999996
2019-12-26T11:00:00,N,N4,122.00000000000004
2019-12-26T12:00:00,N,N4,116.0
2019-12-26T13:00:00,N,N4,117.00000000000004
2019-12-26T14:00:00,N,N4,117.00000000000004
2019-12-26T15:00:00,N,N4,115.0
2019-12-26T16:00:00,N,N4,104.99999999999996
2019-12-26T17:00:00,N,N4,108.00000000000004
2019-12-26T18:00:00,N,N4,108.99999999999996
2019-12-26T19:00:00,N,N4,108.99999999999996
2019-12-26T20:00:00,N,N4,129.99999999999997
2019-12-26T21:00:00,N,N4,129.99999999999997
2019-12-26T22:00:00,N,N4,104.99999999999996
2019-12-26T23:00:00,N,N4,100.00000000000004
2019-12-27T00:00:00,N,N4,92.0
2019-12-27T01:00:00,N,N4,87.0
2019-12-27T02:00:00,N,N4,87.0
2019-12-27T03:00:00,N,N4,87.0
2019-12-27T04:00:00,N,N4,74.99999999999997
2019-12-27T05:00:00,N,N4,74.99999999999997
2019-12-27T06:00:00,N,N4,79.99999999999997
2019-12-27T07:00:00,N,N4,85.99999999999997
2019-12-27T08:00:00,N,N4,93.00000000000004
2019-12-27T09:00:00,N,N4,104.0
2019-12-27T10:00:00,N,N4,114.00000000000004
2019-12-27T11:00:00,N,N4,133.99999999999997
2019-12-27T12:00:00,N,N4,118.00000000000004
2019-12-27T13:00:00,N,N4,121.00000000000004
2019-12-27T14:00:00,N,N4,122.99999999999994
2019-12-27T15:00:00,N,N4,113.00000000000004
2019-12-27T16:00:00,N,N4,108.00000000000004
2019-12-27T17:00:00,N,N4,110.00000000000004
2019-12-27T18:00:00,N,N4,101.99999999999996
2019-12-27T19:00:00,N,N4,101.99999999999996
2019-12-27T20:00:00,N,N4,101.99999999999996
2019-12-27T21:00:00,N,N4,101.99999999999996
2019-12-27T22:00:00,N,N4,117.00000000000004
2019-12-27T23:00:00,N,N4,104.99999999999996
2019-12-28T00:00:00,N,N4,100.00000000000004
2019-12-28T01:00:00,N,N4,92.0
2019-12-28T02:00:00,N,N4,87.0
2019-12-28T03:00:00,N,N4,87.0
2019-12-28T04:00:00,N,N4,87.0
2019-12-28T05:00:00,N,N4,87.0
2019-12-28T06:00:00,N,N4,78.0
2019-12-28T07:00:00,N,N4,83.99999999999999
2019-12-28T08:00:00,N,N4,92.0
2019-12-28T09:00:00,N,N4,103.0
2019-12-28T10:00:00,N,N4,108.99999999999996
2019-12-28T11:00:00,N,N4,119.99999999999996
2019-12-28T12:00:00,N,N4,116.0
2019-12-28T13:00:00,N,N4,116.0
2019-12-28T14:00:00,N,N4,113.00000000000004
2019-12-28T15:00:00,N,N4,113.00000000000004
2019-12-28T16:00:00,N,N4,105.99999999999996
2019-12-28T17:00:00,N,N4,105.99999999999996
2019-12-28T18:00:00,N,N4,105.99999999999996
2019-12-28T19:00:00,N,N4,106.99999999999996
2019-12-28T20:00:00,N,N4,131.99999999999997
2019-12-28T21:00:00,N,N4,131.99999999999997
2019-12-28T22:00:00,N,N4,111.99999999999996
2019-12-28T23:00:00,N,N4,104.99999999999996
2019-12-29T00:00:00,N,N4,111.99999999999996
2019-12-29T01:00:00,N,N4,100.00000000000004
2019-12-29T02:00:00,N,N4,92.0
2019-12-29T03:00:00,N,N4,92.0
2019-12-29T04:00:00,N,N4,92.0
2019-12-29T05:00:00,N,N4,87.0
2019-12-29T06:00:00,N,N4,94.0
2019-12-29T07:00:00,N,N4,94.0
2019-12-29T08:00:00,N,N4,99.0
2019-12-29T09:00:00,N,N4,104.0
2019-12-29T10:00:00,N,N4,108.99999999999996
2019-12-29T11:00:00,N,N4,113.00000000000004
2019-12-29T12:00:00,N,N4,108.00000000000004
2019-12-29T13:00:00,N,N4,108.00000000000004
2019-12-29T14:00:00,N,N4,103.0
2019-12-29T15:00:00,N,N4,98.00000000000004
2019-12-29T16:00:00,N,N4,98.00000000000004
2019-12-29T17:00:00,N,N4,93.00000000000004
2019-12-29T18:00:00,N,N4,94.0
2019-12-29T19:00:00,N,N4,99.0
2019-12-29T20:00:00,N,N4,119.00000000000004
2019-12-29T21:00:00,N,N4,129.99999999999997
2019-12-29T22:00:00,N,N4,119.99999999999996
2019-12-29T23:00:00,N,N4,116.0
2019-12-30T00:00:00,N,N4,104.99999999999996
2019-12-30T01:00:00,N,N4,99.0
2019-12-30T02:00:00,N,N4,90.0
2019-12-30T03:00:00,N,N4,85.00000000000001
2019-12-30T04:00:00,N,N4,82.00000000000001
2019-12-30T05:00:00,N,N4,82.00000000000001
2019-12-30T06:00:00,N,N4,82.00000000000001
2019-12-30T07:00:00,N,N4,90.0
2019-12-30T08:00:00,N,N4,94.0
2019-12-30T09:00:00,N,N4,104.99999999999996
2019-12-30T10:00:00,N,N4,104.99999999999996
2019-12-30T11:00:00,N,N4,122.99999999999994
2019-12-30T12:00:00,N,N4,126.0
2019-12-30T13:00:00,N,N4,119.99999999999996
2019-12-30T14:00:00,N,N4,119.99999999999996
2019-12-30T15:00:00,N,N4,110.00000000000004
2019-12-30T16:00:00,N,N4,104.99999999999996
2019-12-30T17:00:00,N,N4,103.0
2019-12-30T18:00:00,N,N4,106.99999999999996
2019-12-30T19:00:00,N,N4,110.00000000000004
2019-12-30T20:00:00,N,N4,137.00000000000003
2019-12-30T21:00:00,N,N4,129.99999999999997
2019-12-30T22:00:00,N,N4,127.99999999999996
2019-12-30T23:00:00,N,N4,127.99999999999996
2019-12-31T00:00:00,N,N4,113.00000000000004
2019-12-31T01:00:00,N,N4,108.00000000000004
2019-12-31T02:00:00,N,N4,100.00000000000004
2019-12-31T03:00:00,N,N4,100.00000000000004
2019-12-31T04:00:00,N,N4,100.00000000000004
2019-12-31T05:00:00,N,N4,100.00000000000004
2019-12-31T06:00:00,N,N4,93.00000000000004
2019-12-31T07:00:00,N,N4,90.0
2019-12-31T08:00:00,N,N4,93.00000000000004
2019-12-31T09:00:00,N,N4,100.00000000000004
2019-12-31T10:00:00,N,N4,100.00000000000004
2019-12-31T11:00:00,N,N4,117.00000000000004
2019-12-31T12:00:00,N,N4,113.00000000000004
2019-12-31T13:00:00,N,N4,119.99999999999996
2019-12-31T14:00:00,N,N4,98.00000000000004
2019-12-31T15:00:00,N,N4,93.00000000000004
2019-12-31T16:00:00,N,N4,94.0
2019-12-31T17:00:00,N,N4,93.00000000000004
2019-12-31T18:00:00,N,N4,99.0
2019-12-31T19:00:00,N,N4,97.0
2019-12-31T20:00:00,N,N4,101.99999999999996
2019-12-31T21:00:00,N,N4,90.0
2019-12-31T22:00:00,N,N4,87.0
2019-12-31T23:00:00,N,N4,87.0
2020-01-01T00:00:00,N,N4,82.00000000000001
2020-01-01T01:00:00,N,N4,72.99999999999999
2020-01-01T02:00:00,N,N4,78.0
2020-01-01T03:00:00,N,N4,78.0
2020-01-01T04:00:00,N,N4,72.99999999999999
2020-01-01T05:00:00,N,N4,72.99999999999999
2020-01-01T06:00:00,N,N4,72.99999999999999
2020-01-01T07:00:00,N,N4,73.79237587588838
2020-01-01T08:00:00,N,N4,78.0
2020-01-01T09:00:00,N,N4,90.0
2020-01-01T10:00:00,N,N4,79.99999999999997
2020-01-01T11:00:00,N,N4,83.00000000000003
2020-01-01T12:00:00,N,N4,79.99999999999997
2020-01-01T13:00:00,N,N4,74.99999999999997
2020-01-01T14:00:00,N,N4,72.99999999999999
2020-01-01T15:00:00,N,N4,71.0
2020-01-01T16:00:00,N,N4,71.0
2020-01-01T17:00:00,N,N4,72.0
2020-01-01T18:00:00,N,N4,77.00000000000001
2020-01-01T19:00:00,N,N4,85.00000000000001
2020-01-01T20:00:00,N,N4,101.99999999999996
2020-01-01T21:00:00,N,N4,101.99999999999996
2020-01-01T22:00:00,N,N4,94.0
2020-01-01T23:00:00,N,N4,83.99999999999999
2020-01-02T00:00:00,N,N4,79.0
2020-01-02T01:00:00,N,N4,79.0
2020-01-02T02:00:00,N,N4,74.00000000000003
2020-01-02T03:00:00,N,N4,69.00000000000001
2020-01-02T04:00:00,N,N4,69.00000000000001
2020-01-02T05:00:00,N,N4,69.00000000000001
2020-01-02T06:00:00,N,N4,69.00000000000001
2020-01-02T07:00:00,N,N4,79.0
2020-01-02T08:00:00,N,N4,88.00000000000003
2020-01-02T09:00:00,N,N4,95.0
2020-01-02T10:00:00,N,N4,98.00000000000004
2020-01-02T11:00:00,N,N4,98.00000000000004
2020-01-02T12:00:00,N,N4,110.00000000000004
2020-01-02T13:00:00,N,N4,115.0
2020-01-02T14:00:00,N,N4,108.99999999999996
2020-01-02T15:00:00,N,N4,104.0
2020-01-02T16:00:00,N,N4,101.99999999999996
2020-01-02T17:00:00,N,N4,93.00000000000004
2020-01-02T18:00:00,N,N4,93.00000000000004
2020-01-02T19:00:00,N,N4,95.0
2020-01-02T20:00:00,N,N4,125.00000000000004
2020-01-02T21:00:00,N,N4,117.00000000000004
2020-01-02T22:00:00,N,N4,104.99999999999996
2020-01-02T23:00:00,N,N4,90.0
2020-01-03T00:00:00,N,N4,85.00000000000001
2020-01-03T01:00:00,N,N4,74.00000000000003
2020-01-03T02:00:00,N,N4,74.00000000000003
2020-01-03T03:00:00,N,N4,74.00000000000003
2020-01-03T04:00:00,N,N4,69.00000000000001
2020-01-03T05:00:00,N,N4,69.00000000000001
2020-01-03T06:00:00,N,N4,69.00000000000001
2020-01-03T07:00:00,N,N4,77.00000000000001
2020-01-03T08:00:00,N,N4,85.00000000000001
2020-01-03T09:00:00,N,N4,85.99999999999997
2020-01-03T10:00:00,N,N4,92.0
2020-01-03T11:00:00,N,N4,103.0
2020-01-03T12:00:00,N,N4,105.99999999999996
2020-01-03T13:00:00,N,N4,101.99999999999996
2020-01-03T14:00:00,N,N4,103.0
2020-01-03T15:00:00,N,N4,104.99999999999996
2020-01-03T16:00:00,N,N4,100.00000000000004
2020-01-03T17:00:00,N,N4,98.00000000000004
2020-01-03T18:00:00,N,N4,104.0
2020-01-03T19:00:00,N,N4,100.00000000000004
2020-01-03T20:00:00,N,N4,115.0
2020-01-03T21:00:00,N,N4,115.0
2020-01-03T22:00:00,N,N4,106.99999999999996
2020-01-03T23:00:00,N,N4,97.0
2020-01-04T00:00:00,N,N4,92.0
2020-01-04T01:00:00,N,N4,83.99999999999999
2020-01-04T02:00:00,N,N4,69.00000000000001
2020-01-04T03:00:00,N,N4,69.00000000000001
2020-01-04T04:00:00,N,N4,74.00000000000003
2020-01-04T05:00:00,N,N4,74.00000000000003
2020-01-04T06:00:00,N,N4,74.00000000000003
2020-01-04T07:00:00,N,N4,78.0
2020-01-04T08:00:00,N,N4,88.99999999999999
2020-01-04T09:00:00,N,N4,94.0
2020-01-04T10:00:00,N,N4,94.0
2020-01-04T11:00:00,N,N4,104.99999999999996
2020-01-04T12:00:00,N,N4,105.99999999999996
2020-01-04T13:00:00,N,N4,92.0
2020-01-04T14:00:00,N,N4,100.00000000000004
2020-01-04T15:00:00,N,N4,98.00000000000004
2020-01-04T16:00:00,N,N4,95.0
2020-01-04T17:00:00,N,N4,92.0
2020-01-04T18:00:00,N,N4,96.0
2020-01-04T19:00:00,N,N4,108.99999999999996
2020-01-04T20:00:00,N,N4,119.99999999999996
2020-01-04T21:00:00,N,N4,115.0
2020-01-04T22:00:00,N,N4,103.0
2020-01-04T23:00:00,N,N4,93.00000000000004
2020-01-05T00:00:00,N,N4,83.00000000000003
2020-01-05T01:00:00,N,N4,78.0
2020-01-05T02:00:00,N,N4,76.0
2020-01-05T03:00:00,N,N4,76.0
2020-01-05T04:00:00,N,N4,68.00000000000001
2020-01-05T05:00:00,N,N4,68.00000000000001
2020-01-05T06:00:00,N,N4,66.99999999999997
2020-01-05T07:00:00,N,N4,74.99999999999997
2020-01-05T08:00:00,N,N4,74.99999999999997
2020-01-05T09:00:00,N,N4,79.99999999999997
2020-01-05T10:00:00,N,N4,88.99999999999999
2020-01-05T11:00:00,N,N4,90.0
2020-01-05T12:00:00,N,N4,87.0
2020-01-05T13:00:00,N,N4,87.0
2020-01-05T14:00:00,N,N4,88.99999999999999
2020-01-05T15:00:00,N,N4,88.99999999999999
2020-01-05T16:00:00,N,N4,88.99999999999999
2020-01-05T17:00:00,N,N4,79.0
2020-01-05T18:00:00,N,N4,83.99999999999999
2020-01-05T19:00:00,N,N4,88.99999999999999
2020-01-05T20:00:00,N,N4,119.00000000000004
2020-01-05T21:00:00,N,N4,119.00000000000004
2020-01-05T22:00:00,N,N4,108.99999999999996
2020-01-05T23:00:00,N,N4,104.0
2020-01-06T00:00:00,N,N4,94.0
2020-01-06T01:00:00,N,N4,94.0
2020-01-06T02:00:00,N,N4,76.0
2020-01-06T03:00:00,N,N4,76.0
2020-01-06T04:00:00,N,N4,82.00000000000001
2020-01-06T05:00:00,N,N4,82.00000000000001
2020-01-06T06:00:00,N,N4,83.99999999999999
2020-01-06T07:00:00,N,N4,88.99999999999999
2020-01-06T08:00:00,N,N4,99.0
2020-01-06T09:00:00,N,N4,108.00000000000004
2020-01-06T10:00:00,N,N4,113.00000000000004
2020-01-06T11:00:00,N,N4,128.99999999999997
2020-01-06T12:00:00,N,N4,118.00000000000004
2020-01-06T13:00:00,N,N4,119.99999999999996
2020-01-06T14:00:00,N,N4,124.99999999999994
2020-01-06T15:00:00,N,N4,115.0
2020-01-06T16:00:00,N,N4,104.16622752244508
2020-01-06T17:00:00,N,N4,97.0
2020-01-06T18:00:00,N,N4,93.00000000000004
2020-01-06T19:00:00,N,N4,101.00000000000004
2020-01-06T20:00:00,N,N4,100.00000000000004
2020-01-06T21:00:00,N,N4,90.0
2020-01-06T22:00:00,N,N4,85.00000000000001
2020-01-06T23:00:00,N,N4,79.99999999999997
2020-01-07T00:00:00,N,N4,72.0
2020-01-07T01:00:00,N,N4,72.0
2020-01-07T02:00:00,N,N4,72.0
2020-01-07T03:00:00,N,N4,72.0
2020-01-07T04:00:00,N,N4,72.0
2020-01-07T05:00:00,N,N4,72.0
2020-01-07T06:00:00,N,N4,74.00000000000003
2020-01-07T07:00:00,N,N4,71.0
2020-01-07T08:00:00,N,N4,85.99999999999997
2020-01-07T09:00:00,N,N4,96.0
2020-01-07T10:00:00,N,N4,99.0
2020-01-07T11:00:00,N,N4,110.99999999999996
2020-01-07T12:00:00,N,N4,104.0
2020-01-07T13:00:00,N,N4,101.99999999999996
2020-01-07T14:00:00,N,N4,113.00000000000004
2020-01-07T15:00:00,N,N4,113.00000000000004
2020-01-07T16:00:00,N,N4,108.99999999999996
2020-01-07T17:00:00,N,N4,122.99999999999994
2020-01-07T18:00:00,N,N4,110.99999999999996
2020-01-07T19:00:00,N,N4,116.0
2020-01-07T20:00:00,N,N4,138.00000000000006
2020-01-07T21:00:00,N,N4,127.99999999999996
2020-01-07T22:00:00,N,N4,100.00000000000004
2020-01-07T23:00:00,N,N4,100.00000000000004
2020-01-08T00:00:00,N,N4,88.00000000000003
2020-01-08T01:00:00,N,N4,87.0
2020-01-08T02:00:00,N,N4,79.99999999999997
2020-01-08T03:00:00,N,N4,79.99999999999997
2020-01-08T04:00:00,N,N4,74.99999999999997
2020-01-08T05:00:00,N,N4,74.99999999999997
2020-01-08T06:00:00,N,N4,83.00000000000003
2020-01-08T07:00:00,N,N4,88.99999999999999
2020-01-08T08:00:00,N,N4,104.99999999999996
2020-01-08T09:00:00,N,N4,110.00000000000004
2020-01-08T10:00:00,N,N4,117.00000000000004
2020-01-08T11:00:00,N,N4,131.99999999999997
2020-01-08T12:00:00,N,N4,125.00000000000004
2020-01-08T13:00:00,N,N4,127.0
2020-01-08T14:00:00,N,N4,135.00000000000003
2020-01-08T15:00:00,N,N4,127.99999999999996
2020-01-08T16:00:00,N,N4,128.99999999999997
2020-01-08T17:00:00,N,N4,119.99999999999996
2020-01-08T18:00:00,N,N4,119.00000000000004
2020-01-08T19:00:00,N,N4,115.0
2020-01-08T20:00:00,N,N4,139.99999999999994
2020-01-08T21:00:00,N,N4,139.99999999999994
2020-01-08T22:00:00,N,N4,117.00000000000004
2020-01-08T23:00:00,N,N4,104.99999999999996
2020-01-09T00:00:00,N,N4,93.00000000000004
2020-01-09T01:00:00,N,N4,87.0
2020-01-09T02:00:00,N,N4,87.0
2020-01-09T03:00:00,N,N4,87.0
2020-01-09T04:00:00,N,N4,79.99999999999997
2020-01-09T05:00:00,N,N4,79.99999999999997
2020-01-09T06:00:00,N,N4,90.99999999999996
2020-01-09T07:00:00,N,N4,90.0
2020-01-09T08:00:00,N,N4,114.00000000000004
2020-01-09T09:00:00,N,N4,121.00000000000004
2020-01-09T10:00:00,N,N4,122.99999999999994
2020-01-09T11:00:00,N,N4,129.99999999999997
2020-01-09T12:00:00,N,N4,125.00000000000004
2020-01-09T13:00:00,N,N4,128.99999999999997
2020-01-09T14:00:00,N,N4,127.99999999999996
2020-01-09T15:00:00,N,N4,116.0
2020-01-09T16:00:00,N,N4,119.99999999999996
2020-01-09T17:00:00,N,N4,113.00000000000004
2020-01-09T18:00:00,N,N4,116.0
2020-01-09T19:00:00,N,N4,114.00000000000004
2020-01-09T20:00:00,N,N4,129.99999999999997
2020-01-09T21:00:00,N,N4,129.99999999999997
2020-01-09T22:00:00,N,N4,115.0
2020-01-09T23:00:00,N,N4,101.99999999999996
2020-01-10T00:00:00,N,N4,97.0
2020-01-10T01:00:00,N,N4,92.0
2020-01-10T02:00:00,N,N4,90.0
2020-01-10T03:00:00,N,N4,90.0
2020-01-10T04:00:00,N,N4,90.0
2020-01-10T05:00:00,N,N4,82.00000000000001
2020-01-10T06:00:00,N,N4,85.00000000000001
2020-01-10T07:00:00,N,N4,92.0
2020-01-10T08:00:00,N,N4,113.00000000000004
2020-01-10T09:00:00,N,N4,114.00000000000004
2020-01-10T10:00:00,N,N4,121.00000000000004
2020-01-10T11:00:00,N,N4,129.99999999999997
2020-01-10T12:00:00,N,N4,122.00000000000004
2020-01-10T13:00:00,N,N4,119.00000000000004
2020-01-10T14:00:00,N,N4,133.0
2020-01-10T15:00:00,N,N4,121.00000000000004
2020-01-10T16:00:00,N,N4,127.99999999999996
2020-01-10T17:00:00,N,N4,124.00000000000004
2020-01-10T18:00:00,N,N4,119.99999999999996
2020-01-10T19:00:00,N,N4,125.00000000000004
2020-01-10T20:00:00,N,N4,137.00000000000003
2020-01-10T21:00:00,N,N4,142.00000000000003
2020-01-10T22:00:00,N,N4,117.00000000000004
2020-01-10T23:00:00,N,N4,100.00000000000004
2020-01-11T00:00:00,N,N4,95.0
2020-01-11T01:00:00,N,N4,93.00000000000004
2020-01-11T02:00:00,N,N4,85.00000000000001
2020-01-11T03:00:00,N,N4,82.00000000000001
2020-01-11T04:00:00,N,N4,79.0
2020-01-11T05:00:00,N,N4,79.0
2020-01-11T06:00:00,N,N4,79.0
2020-01-11T07:00:00,N,N4,87.0
2020-01-11T08:00:00,N,N4,142.00000000000003
2020-01-11T09:00:00,N,N4,149.0
2020-01-11T10:00:00,N,N4,143.42341336514292
2020-01-11T11:00:00,N,N4,142.0132583316909
2020-01-11T12:00:00,N,N4,122.49803971161622
2020-01-11T13:00:00,N,N4,108.99999999999996
2020-01-11T14:00:00,N,N4,104.99999999999996
2020-01-11T15:00:00,N,N4,104.99999999999996
2020-01-11T16:00:00,N,N4,102.29587581719912
2020-01-11T17:00:00,N,N4,103.05706316540596
2020-01-11T18:00:00,N,N4,103.57729212733072
2020-01-11T19:00:00,N,N4,109.935218163328
2020-01-11T20:00:00,N,N4,122.64085699760682
2020-01-11T21:00:00,N,N4,112.77918435582852
2020-01-11T22:00:00,N,N4,98.4491000953066
2020-01-11T23:00:00,N,N4,89.87110136414054
2020-01-12T00:00:00,N,N4,82.92598380751147
2020-01-12T01:00:00,N,N4,77.55607038311749
2020-01-12T02:00:00,N,N4,74.80300683595193
2020-01-12T03:00:00,N,N4,73.1614604098978
2020-01-12T04:00:00,N,N4,71.91716776861999
2020-01-12T05:00:00,N,N4,72.36321858399916
2020-01-12T06:00:00,N,N4,76.80722840523205
2020-01-12T07:00:00,N,N4,83.3105430043855
2020-01-12T08:00:00,N,N4,94.45589406850378
2020-01-12T09:00:00,N,N4,100.1814338781608
2020-01-12T10:00:00,N,N4,105.1572065325174
2020-01-12T11:00:00,N,N4,114.00000000000004
2020-01-12T12:00:00,N,N4,114.00000000000004
2020-01-12T13:00:00,N,N4,104.0
2020-01-12T14:00:00,N,N4,97.0
2020-01-12T15:00:00,N,N4,85.00000000000001
2020-01-12T16:00:00,N,N4,85.00000000000001
2020-01-12T17:00:00,N,N4,85.00000000000001
2020-01-12T18:00:00,N,N4,85.00000000000001
2020-01-12T19:00:00,N,N4,97.0
2020-01-12T20:00:00,N,N4,144.99999999999997
2020-01-12T21:00:00,N,N4,90.0
2020-01-12T22:00:00,N,N4,90.0
2020-01-12T23:00:00,N,N4,85.00000000000001
2020-01-13T00:00:00,N,N4,79.99999999999997
2020-01-13T01:00:00,N,N4,79.99999999999997
2020-01-13T02:00:00,N,N4,74.99999999999997
2020-01-13T03:00:00,N,N4,74.99999999999997
2020-01-13T04:00:00,N,N4,74.99999999999997
2020-01-13T05:00:00,N,N4,79.99999999999997
2020-01-13T06:00:00,N,N4,87.0
2020-01-13T07:00:00,N,N4,93.00000000000004
2020-01-13T08:00:00,N,N4,105.99999999999996
2020-01-13T09:00:00,N,N4,108.00000000000004
2020-01-13T10:00:00,N,N4,118.00000000000004
2020-01-13T11:00:00,N,N4,125.00000000000004
2020-01-13T12:00:00,N,N4,117.00000000000004
2020-01-13T13:00:00,N,N4,104.0
2020-01-13T14:00:00,N,N4,121.00000000000004
2020-01-13T15:00:00,N,N4,110.99999999999996
2020-01-13T16:00:00,N,N4,106.99999999999996
2020-01-13T17:00:00,N,N4,115.0
2020-01-13T18:00:00,N,N4,104.0
2020-01-13T19:00:00,N,N4,127.99999999999996
2020-01-13T20:00:00,N,N4,133.0
2020-01-13T21:00:00,N,N4,122.99999999999994
2020-01-13T22:00:00,N,N4,108.00000000000004
2020-01-13T23:00:00,N,N4,93.00000000000004
2020-01-14T00:00:00,N,N4,85.99999999999997
2020-01-14T01:00:00,N,N4,81.00000000000003
2020-01-14T02:00:00,N,N4,81.00000000000003
2020-01-14T03:00:00,N,N4,81.00000000000003
2020-01-14T04:00:00,N,N4,81.00000000000003
2020-01-14T05:00:00,N,N4,81.00000000000003
2020-01-14T06:00:00,N,N4,113.00000000000004
2020-01-14T07:00:00,N,N4,92.0
2020-01-14T08:00:00,N,N4,101.99999999999996
2020-01-14T09:00:00,N,N4,113.00000000000004
2020-01-14T10:00:00,N,N4,115.0
2020-01-14T11:00:00,N,N4,129.99999999999997
2020-01-14T12:00:00,N,N4,114.00000000000004
2020-01-14T13:00:00,N,N4,110.99999999999996
2020-01-14T14:00:00,N,N4,127.0
2020-01-14T15:00:00,N,N4,122.99999999999994
2020-01-14T16:00:00,N,N4,119.00000000000004
2020-01-14T17:00:00,N,N4,116.0
2020-01-14T18:00:00,N,N4,104.0
2020-01-14T19:00:00,N,N4,116.0
2020-01-14T20:00:00,N,N4,122.00000000000004
2020-01-14T21:00:00,N,N4,111.99999999999996
2020-01-14T22:00:00,N,N4,96.0
2020-01-14T23:00:00,N,N4,92.0
2020-01-15T00:00:00,N,N4,82.00000000000001
2020-01-15T01:00:00,N,N4,82.00000000000001
2020-01-15T02:00:00,N,N4,82.00000000000001
2020-01-15T03:00:00,N,N4,82.00000000000001
2020-01-15T04:00:00,N,N4,82.00000000000001
2020-01-15T05:00:00,N,N4,82.00000000000001
2020-01-15T06:00:00,N,N4,79.99999999999997
2020-01-15T07:00:00,N,N4,83.00000000000003
2020-01-15T08:00:00,N,N4,105.99999999999996
2020-01-15T09:00:00,N,N4,108.99999999999996
2020-01-15T10:00:00,N,N4,122.00000000000004
2020-01-15T11:00:00,N,N4,135.00000000000003
2020-01-15T12:00:00,N,N4,131.99999999999997
2020-01-15T13:00:00,N,N4,127.0
2020-01-15T14:00:00,N,N4,129.99999999999997
2020-01-15T15:00:00,N,N4,116.0
2020-01-15T16:00:00,N,N4,127.0
2020-01-15T17:00:00,N,N4,130.99999999999994
2020-01-15T18:00:00,N,N4,127.99999999999996
2020-01-15T19:00:00,N,N4,147.99999999999994
2020-01-15T20:00:00,N,N4,164.00000000000006
2020-01-15T21:00:00,N,N4,155.00000000000003
2020-01-15T22:00:00,N,N4,128.99999999999997
2020-01-15T23:00:00,N,N4,119.99999999999996
2020-01-16T00:00:00,N,N4,110.00000000000004
2020-01-16T01:00:00,N,N4,100.00000000000004
2020-01-16T02:00:00,N,N4,100.00000000000004
2020-01-16T03:00:00,N,N4,100.00000000000004
2020-01-16T04:00:00,N,N4,100.00000000000004
2020-01-16T05:00:00,N,N4,100.00000000000004
2020-01-16T06:00:00,N,N4,100.00000000000004
2020-01-16T07:00:00,N,N4,103.0
2020-01-16T08:00:00,N,N4,127.99999999999996
2020-01-16T09:00:00,N,N4,129.99999999999997
2020-01-16T10:00:00,N,N4,136.9999999999999
2020-01-16T11:00:00,N,N4,141.00000000000003
2020-01-16T12:00:00,N,N4,101.00000000000004
2020-01-16T13:00:00,N,N4,89.3904165260329
2020-01-16T14:00:00,N,N4,87.1298210212233
2020-01-16T15:00:00,N,N4,76.0
2020-01-16T16:00:00,N,N4,79.99999999999997
2020-01-16T17:00:00,N,N4,88.00000000000003
2020-01-16T18:00:00,N,N4,88.99999999999999
2020-01-16T19:00:00,N,N4,96.0
2020-01-16T20:00:00,N,N4,105.99999999999996
2020-01-16T21:00:00,N,N4,101.00000000000004
2020-01-16T22:00:00,N,N4,85.00000000000001
2020-01-16T23:00:00,N,N4,77.00000000000001
2020-01-17T00:00:00,N,N4,72.0
2020-01-17T01:00:00,N,N4,72.0
2020-01-17T02:00:00,N,N4,64.99999999999999
2020-01-17T03:00:00,N,N4,64.99999999999999
2020-01-17T04:00:00,N,N4,64.99999999999999
2020-01-17T05:00:00,N,N4,64.99999999999999
2020-01-17T06:00:00,N,N4,76.0
2020-01-17T07:00:00,N,N4,81.00000000000003
2020-01-17T08:00:00,N,N4,90.99999999999996
2020-01-17T09:00:00,N,N4,104.0
2020-01-17T10:00:00,N,N4,110.00000000000004
2020-01-17T11:00:00,N,N4,119.99999999999996
2020-01-17T12:00:00,N,N4,106.99999999999996
2020-01-17T13:00:00,N,N4,104.0
2020-01-17T14:00:00,N,N4,119.00000000000004
2020-01-17T15:00:00,N,N4,122.99999999999994
2020-01-17T16:00:00,N,N4,124.00000000000004
2020-01-17T17:00:00,N,N4,121.00000000000004
2020-01-17T18:00:00,N,N4,117.00000000000004
2020-01-17T19:00:00,N,N4,117.00000000000004
2020-01-17T20:00:00,N,N4,142.99999999999994
2020-01-17T21:00:00,N,N4,142.99999999999994
2020-01-17T22:00:00,N,N4,100.00000000000004
2020-01-17T23:00:00,N,N4,92.0
2020-01-18T00:00:00,N,N4,87.0
2020-01-18T01:00:00,N,N4,79.99999999999997
2020-01-18T02:00:00,N,N4,74.99999999999997
2020-01-18T03:00:00,N,N4,74.99999999999997
2020-01-18T04:00:00,N,N4,74.99999999999997
2020-01-18T05:00:00,N,N4,74.99999999999997
2020-01-18T06:00:00,N,N4,85.00000000000001
2020-01-18T07:00:00,N,N4,100.00000000000004
2020-01-18T08:00:00,N,N4,106.99999999999996
2020-01-18T09:00:00,N,N4,114.00000000000004
2020-01-18T10:00:00,N,N4,116.0
2020-01-18T11:00:00,N,N4,127.0
2020-01-18T12:00:00,N,N4,124.00000000000004
2020-01-18T13:00:00,N,N4,130.99999999999994
2020-01-18T14:00:00,N,N4,130.99999999999994
2020-01-18T15:00:00,N,N4,135.00000000000003
2020-01-18T16:00:00,N,N4,135.00000000000003
2020-01-18T17:00:00,N,N4,135.00000000000003
2020-01-18T18:00:00,N,N4,135.00000000000003
2020-01-18T19:00:00,N,N4,135.00000000000003
2020-01-18T20:00:00,N,N4,146.0
2020-01-18T21:00:00,N,N4,146.0
2020-01-18T22:00:00,N,N4,119.99999999999996
2020-01-18T23:00:00,N,N4,112.00000000000006
2020-01-19T00:00:00,N,N4,100.00000000000004
2020-01-19T01:00:00,N,N4,92.0
2020-01-19T02:00:00,N,N4,90.0
2020-01-19T03:00:00,N,N4,87.0
2020-01-19T04:00:00,N,N4,87.0
2020-01-19T05:00:00,N,N4,87.0
2020-01-19T06:00:00,N,N4,88.99999999999999
2020-01-19T07:00:00,N,N4,94.8328826010024
2020-01-19T08:00:00,N,N4,106.0191659102429
2020-01-19T09:00:00,N,N4,110.93756503911035
2020-01-19T10:00:00,N,N4,115.3287087630004
2020-01-19T11:00:00,N,N4,123.5893687254263
2020-01-19T12:00:00,N,N4,114.07245632188985
2020-01-19T13:00:00,N,N4,110.1482259456706
2020-01-19T14:00:00,N,N4,116.113836620804
2020-01-19T15:00:00,N,N4,111.99999999999996
2020-01-19T16:00:00,N,N4,111.99999999999996
2020-01-19T17:00:00,N,N4,111.99999999999996
2020-01-19T18:00:00,N,N4,111.99999999999996
2020-01-19T19:00:00,N,N4,117.00000000000004
2020-01-19T20:00:00,N,N4,149.99999999999997
2020-01-19T21:00:00,N,N4,142.00000000000003
2020-01-19T22:00:00,N,N4,138.00000000000006
2020-01-19T23:00:00,N,N4,122.99999999999994
2020-01-20T00:00:00,N,N4,113.00000000000004
2020-01-20T01:00:00,N,N4,106.99999999999996
2020-01-20T02:00:00,N,N4,101.00000000000004
2020-01-20T03:00:00,N,N4,93.00000000000004
2020-01-20T04:00:00,N,N4,93.00000000000004
2020-01-20T05:00:00,N,N4,99.0
2020-01-20T06:00:00,N,N4,99.0
2020-01-20T07:00:00,N,N4,99.0
2020-01-20T08:00:00,N,N4,126.0
2020-01-20T09:00:00,N,N4,127.0000000000001
2020-01-20T10:00:00,N,N4,131.99999999999997
2020-01-20T11:00:00,N,N4,144.99999999999997
2020-01-20T12:00:00,N,N4,144.99999999999997
2020-01-20T13:00:00,N,N4,137.00000000000003
2020-01-20T14:00:00,N,N4,141.00000000000003
2020-01-20T15:00:00,N,N4,138.00000000000006
2020-01-20T16:00:00,N,N4,131.99999999999997
2020-01-20T17:00:00,N,N4,135.00000000000003
2020-01-20T18:00:00,N,N4,142.00000000000003
2020-01-20T19:00:00,N,N4,138.99999999999997
2020-01-20T20:00:00,N,N4,167.00000000000006
2020-01-20T21:00:00,N,N4,167.00000000000006
2020-01-20T22:00:00,N,N4,138.00000000000006
2020-01-20T23:00:00,N,N4,117.00000000000004
2020-01-21T00:00:00,N,N4,117.00000000000004
2020-01-21T01:00:00,N,N4,108.99999999999996
2020-01-21T02:00:00,N,N4,101.99999999999996
2020-01-21T03:00:00,N,N4,101.99999999999996
2020-01-21T04:00:00,N,N4,96.99999999999991
2020-01-21T05:00:00,N,N4,97.0
2020-01-21T06:00:00,N,N4,98.00000000000004
2020-01-21T07:00:00,N,N4,101.00000000000004
2020-01-21T08:00:00,N,N4,136.00000000000006
2020-01-21T09:00:00,N,N4,139.99999999999994
2020-01-21T10:00:00,N,N4,144.0
2020-01-21T11:00:00,N,N4,149.99999999999997
2020-01-21T12:00:00,N,N4,141.00000000000003
2020-01-21T13:00:00,N,N4,137.00000000000003
2020-01-21T14:00:00,N,N4,141.00000000000003
2020-01-21T15:00:00,N,N4,133.0
2020-01-21T16:00:00,N,N4,127.99999999999996
2020-01-21T17:00:00,N,N4,137.00000000000003
2020-01-21T18:00:00,N,N4,130.99999999999994
2020-01-21T19:00:00,N,N4,133.99999999999986
2020-01-21T20:00:00,N,N4,142.00000000000003
2020-01-21T21:00:00,N,N4,113.00000000000004
2020-01-21T22:00:00,N,N4,98.00000000000004
2020-01-21T23:00:00,N,N4,85.99999999999997
2020-01-22T00:00:00,N,N4,82.00000000000001
2020-01-22T01:00:00,N,N4,77.00000000000001
2020-01-22T02:00:00,N,N4,74.00000000000003
2020-01-22T03:00:00,N,N4,72.0
2020-01-22T04:00:00,N,N4,72.0
2020-01-22T05:00:00,N,N4,72.0
2020-01-22T06:00:00,N,N4,72.0
2020-01-22T07:00:00,N,N4,74.99999999999997
2020-01-22T08:00:00,N,N4,87.0
2020-01-22T09:00:00,N,N4,90.99999999999996
2020-01-22T10:00:00,N,N4,88.00000000000003
2020-01-22T11:00:00,N,N4,94.0
2020-01-22T12:00:00,N,N4,77.00000000000001
2020-01-22T13:00:00,N,N4,74.17752717927031
2020-01-22T14:00:00,N,N4,80.04844317925084
2020-01-22T15:00:00,N,N4,77.00000000000001
2020-01-22T16:00:00,N,N4,79.0
2020-01-22T17:00:00,N,N4,88.00000000000003
2020-01-22T18:00:00,N,N4,90.0
2020-01-22T19:00:00,N,N4,99.0
2020-01-22T20:00:00,N,N4,93.00000000000004
2020-01-22T21:00:00,N,N4,93.00000000000004
2020-01-22T22:00:00,N,N4,78.0
2020-01-22T23:00:00,N,N4,68.00000000000001
2020-01-23T00:00:00,N,N4,68.00000000000001
2020-01-23T01:00:00,N,N4,62.00000000000001
2020-01-23T02:00:00,N,N4,61.00000000000001
2020-01-23T03:00:00,N,N4,61.00000000000001
2020-01-23T04:00:00,N,N4,61.00000000000001
2020-01-23T05:00:00,N,N4,61.00000000000001
2020-01-23T06:00:00,N,N4,59.99999999999999
2020-01-23T07:00:00,N,N4,71.0
2020-01-23T08:00:00,N,N4,88.99999999999999
2020-01-23T09:00:00,N,N4,90.99999999999996
2020-01-23T10:00:00,N,N4,97.0
2020-01-23T11:00:00,N,N4,103.0
2020-01-23T12:00:00,N,N4,88.99999999999999
2020-01-23T13:00:00,N,N4,74.99999999999997
2020-01-23T14:00:00,N,N4,83.00000000000003
2020-01-23T15:00:00,N,N4,90.0
2020-01-23T16:00:00,N,N4,93.00000000000004
2020-01-23T17:00:00,N,N4,99.0
2020-01-23T18:00:00,N,N4,104.0
2020-01-23T19:00:00,N,N4,124.00000000000004
2020-01-23T20:00:00,N,N4,124.00000000000004
2020-01-23T21:00:00,N,N4,97.0
2020-01-23T22:00:00,N,N4,87.0
2020-01-23T23:00:00,N,N4,82.00000000000001
2020-01-24T00:00:00,N,N4,77.00000000000001
2020-01-24T01:00:00,N,N4,72.0
2020-01-24T02:00:00,N,N4,72.0
2020-01-24T03:00:00,N,N4,72.0
2020-01-24T04:00:00,N,N4,72.0
2020-01-24T05:00:00,N,N4,72.0
2020-01-24T06:00:00,N,N4,77.00000000000001
2020-01-24T07:00:00,N,N4,85.99999999999997
2020-01-24T08:00:00,N,N4,93.00000000000004
2020-01-24T09:00:00,N,N4,106.99999999999996
2020-01-24T10:00:00,N,N4,110.00000000000004
2020-01-24T11:00:00,N,N4,118.00000000000004
2020-01-24T12:00:00,N,N4,97.0
2020-01-24T13:00:00,N,N4,97.0
2020-01-24T14:00:00,N,N4,110.99999999999996
2020-01-24T15:00:00,N,N4,115.0
2020-01-24T16:00:00,N,N4,110.99999999999996
2020-01-24T17:00:00,N,N4,124.00000000000004
2020-01-24T18:00:00,N,N4,126.0
2020-01-24T19:00:00,N,N4,133.0
2020-01-24T20:00:00,N,N4,147.99999999999994
2020-01-24T21:00:00,N,N4,129.99999999999997
2020-01-24T22:00:00,N,N4,113.00000000000004
2020-01-24T23:00:00,N,N4,103.0
2020-01-25T00:00:00,N,N4,103.0
2020-01-25T01:00:00,N,N4,85.00000000000001
2020-01-25T02:00:00,N,N4,85.00000000000001
2020-01-25T03:00:00,N,N4,85.00000000000001
2020-01-25T04:00:00,N,N4,85.00000000000001
2020-01-25T05:00:00,N,N4,85.00000000000001
2020-01-25T06:00:00,N,N4,85.99999999999997
2020-01-25T07:00:00,N,N4,104.0
2020-01-25T08:00:00,N,N4,116.0
2020-01-25T09:00:00,N,N4,116.0
2020-01-25T10:00:00,N,N4,127.99999999999996
2020-01-25T11:00:00,N,N4,131.99999999999997
2020-01-25T12:00:00,N,N4,127.0
2020-01-25T13:00:00,N,N4,127.99999999999996
2020-01-25T14:00:00,N,N4,127.99999999999996
2020-01-25T15:00:00,N,N4,135.00000000000003
2020-01-25T16:00:00,N,N4,122.99999999999994
2020-01-25T17:00:00,N,N4,126.0
2020-01-25T18:00:00,N,N4,130.99999999999994
2020-01-25T19:00:00,N,N4,130.99999999999994
2020-01-25T20:00:00,N,N4,146.99999999999997
2020-01-25T21:00:00,N,N4,114.39826536298573
2020-01-25T22:00:00,N,N4,111.99999999999996
2020-01-25T23:00:00,N,N4,100.00000000000004
2020-01-26T00:00:00,N,N4,95.0
2020-01-26T01:00:00,N,N4,87.0
2020-01-26T02:00:00,N,N4,87.0
2020-01-26T03:00:00,N,N4,79.99999999999997
2020-01-26T04:00:00,N,N4,79.99999999999997
2020-01-26T05:00:00,N,N4,79.99999999999997
2020-01-26T06:00:00,N,N4,92.0
2020-01-26T07:00:00,N,N4,103.0000000000001
2020-01-26T08:00:00,N,N4,114.00000000000004
2020-01-26T09:00:00,N,N4,119.00000000000004
2020-01-26T10:00:00,N,N4,126.0
2020-01-26T11:00:00,N,N4,126.0
2020-01-26T12:00:00,N,N4,110.99999999999996
2020-01-26T13:00:00,N,N4,122.00000000000004
2020-01-26T14:00:00,N,N4,122.99999999999994
2020-01-26T15:00:00,N,N4,117.00000000000004
2020-01-26T16:00:00,N,N4,117.00000000000004
2020-01-26T17:00:00,N,N4,113.00000000000004
2020-01-26T18:00:00,N,N4,114.00000000000004
2020-01-26T19:00:00,N,N4,119.00000000000004
2020-01-26T20:00:00,N,N4,144.0
2020-01-26T21:00:00,N,N4,138.99999999999997
2020-01-26T22:00:00,N,N4,129.99999999999997
2020-01-26T23:00:00,N,N4,111.99999999999996
2020-01-27T00:00:00,N,N4,100.00000000000004
2020-01-27T01:00:00,N,N4,93.00000000000004
2020-01-27T02:00:00,N,N4,87.0
2020-01-27T03:00:00,N,N4,87.0
2020-01-27T04:00:00,N,N4,87.0
2020-01-27T05:00:00,N,N4,87.0
2020-01-27T06:00:00,N,N4,96.0
2020-01-27T07:00:00,N,N4,101.00000000000004
2020-01-27T08:00:00,N,N4,117.00000000000004
2020-01-27T09:00:00,N,N4,126.0
2020-01-27T10:00:00,N,N4,133.0
2020-01-27T11:00:00,N,N4,133.0
2020-01-27T12:00:00,N,N4,133.0
2020-01-27T13:00:00,N,N4,130.99999999999994
2020-01-27T14:00:00,N,N4,133.99999999999997
2020-01-27T15:00:00,N,N4,130.99999999999994
2020-01-27T16:00:00,N,N4,116.0
2020-01-27T17:00:00,N,N4,111.99999999999996
2020-01-27T18:00:00,N,N4,118.00000000000004
2020-01-27T19:00:00,N,N4,125.00000000000004
2020-01-27T20:00:00,N,N4,154.00000000000006
2020-01-27T21:00:00,N,N4,144.0
2020-01-27T22:00:00,N,N4,129.99999999999997
2020-01-27T23:00:00,N,N4,111.99999999999996
2020-01-28T00:00:00,N,N4,100.00000000000004
2020-01-28T01:00:00,N,N4,96.99999999999991
2020-01-28T02:00:00,N,N4,90.0
2020-01-28T03:00:00,N,N4,90.0
2020-01-28T04:00:00,N,N4,90.0
2020-01-28T05:00:00,N,N4,90.0
2020-01-28T06:00:00,N,N4,101.99999999999996
2020-01-28T07:00:00,N,N4,105.99999999999996
2020-01-28T08:00:00,N,N4,119.99999999999996
2020-01-28T09:00:00,N,N4,122.99999999999994
2020-01-28T10:00:00,N,N4,131.99999999999997
2020-01-28T11:00:00,N,N4,139.99999999999994
2020-01-28T12:00:00,N,N4,127.99999999999996
2020-01-28T13:00:00,N,N4,133.0
2020-01-28T14:00:00,N,N4,133.0
2020-01-28T15:00:00,N,N4,119.99999999999996
2020-01-28T16:00:00,N,N4,121.00000000000004
2020-01-28T17:00:00,N,N4,121.00000000000004
2020-01-28T18:00:00,N,N4,125.00000000000004
2020-01-28T19:00:00,N,N4,119.99999999999996
2020-01-28T20:00:00,N,N4,149.99999999999997
2020-01-28T21:00:00,N,N4,129.99999999999997
2020-01-28T22:00:00,N,N4,117.00000000000004
2020-01-28T23:00:00,N,N4,101.99999999999996
2020-01-29T00:00:00,N,N4,98.00000000000004
2020-01-29T01:00:00,N,N4,88.00000000000003
2020-01-29T02:00:00,N,N4,88.00000000000003
2020-01-29T03:00:00,N,N4,88.00000000000003
2020-01-29T04:00:00,N,N4,83.00000000000003
2020-01-29T05:00:00,N,N4,83.00000000000003
2020-01-29T06:00:00,N,N4,83.00000000000003
2020-01-29T07:00:00,N,N4,101.00000000000004
2020-01-29T08:00:00,N,N4,113.00000000000004
2020-01-29T09:00:00,N,N4,118.00000000000004
2020-01-29T10:00:00,N,N4,129.99999999999997
2020-01-29T11:00:00,N,N4,135.00000000000003
2020-01-29T12:00:00,N,N4,129.99999999999997
2020-01-29T13:00:00,N,N4,130.00000000000009
2020-01-29T14:00:00,N,N4,139.99999999999994
2020-01-29T15:00:00,N,N4,131.99999999999997
2020-01-29T16:00:00,N,N4,131.99999999999997
2020-01-29T17:00:00,N,N4,131.99999999999997
2020-01-29T18:00:00,N,N4,109.41666666666669
2020-01-29T19:00:00,N,N4,130.99999999999994
2020-01-29T20:00:00,N,N4,133.58333333333334
2020-01-29T21:00:00,N,N4,125.75
2020-01-29T22:00:00,N,N4,88.99999999999999
2020-01-29T23:00:00,N,N4,78.0
2020-01-30T00:00:00,N,N4,72.99999999999999
2020-01-30T01:00:00,N,N4,69.00000000000001
2020-01-30T02:00:00,N,N4,69.00000000000001
2020-01-30T03:00:00,N,N4,61.00000000000001
2020-01-30T04:00:00,N,N4,61.00000000000001
2020-01-30T05:00:00,N,N4,61.00000000000001
2020-01-30T06:00:00,N,N4,65.99999999999997
2020-01-30T07:00:00,N,N4,70.00000000000003
2020-01-30T08:00:00,N,N4,85.00000000000001
2020-01-30T09:00:00,N,N4,88.00000000000003
2020-01-30T10:00:00,N,N4,95.0
2020-01-30T11:00:00,N,N4,101.99999999999996
2020-01-30T12:00:00,N,N4,91.8157741010322
2020-01-30T13:00:00,N,N4,87.33480027900393
2020-01-30T14:00:00,N,N4,92.0
2020-01-30T15:00:00,N,N4,98.00000000000004
2020-01-30T16:00:00,N,N4,105.99999999999996
2020-01-30T17:00:00,N,N4,101.99999999999996
2020-01-30T18:00:00,N,N4,104.0
2020-01-30T19:00:00,N,N4,103.0
2020-01-30T20:00:00,N,N4,111.99999999999996
2020-01-30T21:00:00,N,N4,101.99999999999996
2020-01-30T22:00:00,N,N4,93.00000000000004
2020-01-30T23:00:00,N,N4,85.00000000000001
2020-01-31T00:00:00,N,N4,78.0
2020-01-31T01:00:00,N,N4,78.0
2020-01-31T02:00:00,N,N4,72.99999999999999
2020-01-31T03:00:00,N,N4,68.00000000000001
2020-01-31T04:00:00,N,N4,68.00000000000001
2020-01-31T05:00:00,N,N4,72.99999999999999
2020-01-31T06:00:00,N,N4,72.99999999999999
2020-01-31T07:00:00,N,N4,85.99999999999997
2020-01-31T08:00:00,N,N4,101.99999999999996
2020-01-31T09:00:00,N,N4,118.00000000000004
2020-01-31T10:00:00,N,N4,110.99999999999996
2020-01-31T11:00:00,N,N4,125.00000000000004
2020-01-31T12:00:00,N,N4,110.00000000000004
2020-01-31T13:00:00,N,N4,110.00000000000004
2020-01-31T14:00:00,N,N4,111.99999999999996
2020-01-31T15:00:00,N,N4,116.0
2020-01-31T16:00:00,N,N4,113.00000000000004
2020-01-31T17:00:00,N,N4,125.00000000000004
2020-01-31T18:00:00,N,N4,126.0
2020-01-31T19:00:00,N,N4,136.00000000000006
2020-01-31T20:00:00,N,N4,152.99999999999997
2020-01-31T21:00:00,N,N4,142.00000000000003
2020-01-31T22:00:00,N,N4,122.00000000000004
2020-01-31T23:00:00,N,N4,111.99999999999996
2020-02-01T00:00:00,N,N4,96.0
2020-02-01T01:00:00,N,N4,90.99999999999996
2020-02-01T02:00:00,N,N4,85.00000000000001
2020-02-01T03:00:00,N,N4,81.00000000000003
2020-02-01T04:00:00,N,N4,81.00000000000003
2020-02-01T05:00:00,N,N4,81.00000000000003
2020-02-01T06:00:00,N,N4,92.0
2020-02-01T07:00:00,N,N4,100.00000000000004
2020-02-01T08:00:00,N,N4,111.99999999999996
2020-02-01T09:00:00,N,N4,111.99999999999996
2020-02-01T10:00:00,N,N4,117.00000000000004
2020-02-01T11:00:00,N,N4,117.00000000000004
2020-02-01T12:00:00,N,N4,125.00000000000004
2020-02-01T13:00:00,N,N4,125.00000000000004
2020-02-01T14:00:00,N,N4,133.99999999999997
2020-02-01T15:00:00,N,N4,128.99999999999997
2020-02-01T16:00:00,N,N4,124.00000000000004
2020-02-01T17:00:00,N,N4,128.99999999999997
2020-02-01T18:00:00,N,N4,122.99999999999994
2020-02-01T19:00:00,N,N4,133.0
2020-02-01T20:00:00,N,N4,159.99999999999994
2020-02-01T21:00:00,N,N4,144.99999999999997
2020-02-01T22:00:00,N,N4,135.00000000000003
2020-02-01T23:00:00,N,N4,125.00000000000004
2020-02-02T00:00:00,N,N4,115.0
2020-02-02T01:00:00,N,N4,110.00000000000004
2020-02-02T02:00:00,N,N4,100.00000000000004
2020-02-02T03:00:00,N,N4,95.0
2020-02-02T04:00:00,N,N4,92.0
2020-02-02T05:00:00,N,N4,90.99999999999996
2020-02-02T06:00:00,N,N4,96.99999999999991
2020-02-02T07:00:00,N,N4,101.99999999999996
2020-02-02T08:00:00,N,N4,115.0
2020-02-02T09:00:00,N,N4,122.00000000000004
2020-02-02T10:00:00,N,N4,137.00000000000003
2020-02-02T11:00:00,N,N4,129.99999999999997
2020-02-02T12:00:00,N,N4,129.99999999999997
2020-02-02T13:00:00,N,N4,125.00000000000004
2020-02-02T14:00:00,N,N4,125.00000000000004
2020-02-02T15:00:00,N,N4,116.0
2020-02-02T16:00:00,N,N4,101.00000000000004
2020-02-02T17:00:00,N,N4,96.0
2020-02-02T18:00:00,N,N4,101.00000000000004
2020-02-02T19:00:00,N,N4,111.99999999999996
2020-02-02T20:00:00,N,N4,122.00000000000004
2020-02-02T21:00:00,N,N4,111.99999999999996
2020-02-02T22:00:00,N,N4,103.0
2020-02-02T23:00:00,N,N4,98.00000000000004
2020-02-03T00:00:00,N,N4,88.00000000000003
2020-02-03T01:00:00,N,N4,85.00000000000001
2020-02-03T02:00:00,N,N4,79.99999999999997
2020-02-03T03:00:00,N,N4,78.0
2020-02-03T04:00:00,N,N4,78.0
2020-02-03T05:00:00,N,N4,78.0
2020-02-03T06:00:00,N,N4,88.00000000000003
2020-02-03T07:00:00,N,N4,95.0
2020-02-03T08:00:00,N,N4,110.99999999999996
2020-02-03T09:00:00,N,N4,113.00000000000004
2020-02-03T10:00:00,N,N4,115.0
2020-02-03T11:00:00,N,N4,121.00000000000004
2020-02-03T12:00:00,N,N4,111.99999999999996
2020-02-03T13:00:00,N,N4,116.0
2020-02-03T14:00:00,N,N4,129.99999999999997
2020-02-03T15:00:00,N,N4,127.0
2020-02-03T16:00:00,N,N4,121.00000000000004
2020-02-03T17:00:00,N,N4,115.33333333333331
2020-02-03T18:00:00,N,N4,108.64442791037295
2020-02-03T19:00:00,N,N4,130.54494171112148
2020-02-03T20:00:00,N,N4,159.0
2020-02-03T21:00:00,N,N4,155.00000000000003
2020-02-03T22:00:00,N,N4,129.99999999999997
2020-02-03T23:00:00,N,N4,117.00000000000004
2020-02-04T00:00:00,N,N4,112.00000000000006
2020-02-04T01:00:00,N,N4,100.00000000000004
2020-02-04T02:00:00,N,N4,100.00000000000004
2020-02-04T03:00:00,N,N4,100.00000000000004
2020-02-04T04:00:00,N,N4,100.00000000000004
2020-02-04T05:00:00,N,N4,92.0
2020-02-04T06:00:00,N,N4,106.99999999999996
2020-02-04T07:00:00,N,N4,110.99999999999996
2020-02-04T08:00:00,N,N4,127.99999999999996
2020-02-04T09:00:00,N,N4,119.00000000000004
2020-02-04T10:00:00,N,N4,121.00000000000004
2020-02-04T11:00:00,N,N4,133.0
2020-02-04T12:00:00,N,N4,126.0
2020-02-04T13:00:00,N,N4,127.0
2020-02-04T14:00:00,N,N4,146.0
2020-02-04T15:00:00,N,N4,142.00000000000003
2020-02-04T16:00:00,N,N4,136.00000000000006
2020-02-04T17:00:00,N,N4,133.99999999999997
2020-02-04T18:00:00,N,N4,127.99999999999996
2020-02-04T19:00:00,N,N4,135.00000000000003
2020-02-04T20:00:00,N,N4,156.99999999999994
2020-02-04T21:00:00,N,N4,144.99999999999997
2020-02-04T22:00:00,N,N4,133.0
2020-02-04T23:00:00,N,N4,119.99999999999996
2020-02-05T00:00:00,N,N4,114.00000000000004
2020-02-05T01:00:00,N,N4,104.0
2020-02-05T02:00:00,N,N4,99.0
2020-02-05T03:00:00,N,N4,99.0
2020-02-05T04:00:00,N,N4,99.0
2020-02-05T05:00:00,N,N4,99.0
2020-02-05T06:00:00,N,N4,97.0
2020-02-05T07:00:00,N,N4,113.00000000000004
2020-02-05T08:00:00,N,N4,130.99999999999994
2020-02-05T09:00:00,N,N4,133.99999999999997
2020-02-05T10:00:00,N,N4,144.99999999999997
2020-02-05T11:00:00,N,N4,142.00000000000003
2020-02-05T12:00:00,N,N4,135.00000000000003
2020-02-05T13:00:00,N,N4,133.99999999999997
2020-02-05T14:00:00,N,N4,152.0
2020-02-05T15:00:00,N,N4,139.99999999999994
2020-02-05T16:00:00,N,N4,137.00000000000003
2020-02-05T17:00:00,N,N4,141.00000000000003
2020-02-05T18:00:00,N,N4,135.00000000000003
2020-02-05T19:00:00,N,N4,159.0
2020-02-05T20:00:00,N,N4,169.0
2020-02-05T21:00:00,N,N4,156.0
2020-02-05T22:00:00,N,N4,131.99999999999997
2020-02-05T23:00:00,N,N4,131.99999999999997
2020-02-06T00:00:00,N,N4,110.00000000000004
2020-02-06T01:00:00,N,N4,101.99999999999996
2020-02-06T02:00:00,N,N4,101.99999999999996
2020-02-06T03:00:00,N,N4,90.0
2020-02-06T04:00:00,N,N4,90.0
2020-02-06T05:00:00,N,N4,90.0
2020-02-06T06:00:00,N,N4,103.0
2020-02-06T07:00:00,N,N4,108.00000000000004
2020-02-06T08:00:00,N,N4,126.0
2020-02-06T09:00:00,N,N4,135.00000000000003
2020-02-06T10:00:00,N,N4,126.0
2020-02-06T11:00:00,N,N4,130.99999999999994
2020-02-06T12:00:00,N,N4,137.00000000000003
2020-02-06T13:00:00,N,N4,133.99999999999997
2020-02-06T14:00:00,N,N4,146.99999999999997
2020-02-06T15:00:00,N,N4,141.00000000000003
2020-02-06T16:00:00,N,N4,129.99999999999997
2020-02-06T17:00:00,N,N4,121.00000000000004
2020-02-06T18:00:00,N,N4,129.99999999999997
2020-02-06T19:00:00,N,N4,136.00000000000006
2020-02-06T20:00:00,N,N4,159.99999999999994
2020-02-06T21:00:00,N,N4,139.99999999999994
2020-02-06T22:00:00,N,N4,131.99999999999997
2020-02-06T23:00:00,N,N4,122.00000000000004
2020-02-07T00:00:00,N,N4,111.99999999999996
2020-02-07T01:00:00,N,N4,106.99999999999996
2020-02-07T02:00:00,N,N4,95.0
2020-02-07T03:00:00,N,N4,95.0
2020-02-07T04:00:00,N,N4,90.0
2020-02-07T05:00:00,N,N4,96.0
2020-02-07T06:00:00,N,N4,100.00000000000004
2020-02-07T07:00:00,N,N4,106.99999999999996
2020-02-07T08:00:00,N,N4,114.00000000000004
2020-02-07T09:00:00,N,N4,130.99999999999994
2020-02-07T10:00:00,N,N4,133.0
2020-02-07T11:00:00,N,N4,137.00000000000003
2020-02-07T12:00:00,N,N4,131.99999999999997
2020-02-07T13:00:00,N,N4,136.00000000000006
2020-02-07T14:00:00,N,N4,146.0
2020-02-07T15:00:00,N,N4,146.0
2020-02-07T16:00:00,N,N4,144.0
2020-02-07T17:00:00,N,N4,142.00000000000003
2020-02-07T18:00:00,N,N4,133.0
2020-02-07T19:00:00,N,N4,137.00000000000003
2020-02-07T20:00:00,N,N4,161.99999999999994
2020-02-07T21:00:00,N,N4,155.00000000000003
2020-02-07T22:00:00,N,N4,146.99999999999997
2020-02-07T23:00:00,N,N4,133.0
2020-02-08T00:00:00,N,N4,122.99999999999994
2020-02-08T01:00:00,N,N4,118.00000000000004
2020-02-08T02:00:00,N,N4,110.00000000000004
2020-02-08T03:00:00,N,N4,103.0
2020-02-08T04:00:00,N,N4,103.0
2020-02-08T05:00:00,N,N4,103.0
2020-02-08T06:00:00,N,N4,104.0
2020-02-08T07:00:00,N,N4,122.99999999999994
2020-02-08T08:00:00,N,N4,129.99999999999997
2020-02-08T09:00:00,N,N4,129.99999999999997
2020-02-08T10:00:00,N,N4,129.99999999999997
2020-02-08T11:00:00,N,N4,152.99999999999997
2020-02-08T12:00:00,N,N4,138.00000000000006
2020-02-08T13:00:00,N,N4,131.99999999999997
2020-02-08T14:00:00,N,N4,136.00000000000006
2020-02-08T15:00:00,N,N4,119.00000000000004
2020-02-08T16:00:00,N,N4,119.00000000000004
2020-02-08T17:00:00,N,N4,117.00000000000004
2020-02-08T18:00:00,N,N4,117.00000000000004
2020-02-08T19:00:00,N,N4,125.00000000000004
2020-02-08T20:00:00,N,N4,137.00000000000003
2020-02-08T21:00:00,N,N4,129.99999999999997
2020-02-08T22:00:00,N,N4,125.00000000000004
2020-02-08T23:00:00,N,N4,116.0
2020-02-09T00:00:00,N,N4,105.99999999999996
2020-02-09T01:00:00,N,N4,105.99999999999996
2020-02-09T02:00:00,N,N4,101.00000000000004
2020-02-09T03:00:00,N,N4,96.0
2020-02-09T04:00:00,N,N4,90.99999999999996
2020-02-09T05:00:00,N,N4,90.99999999999996
2020-02-09T06:00:00,N,N4,92.0
2020-02-09T07:00:00,N,N4,92.0
2020-02-09T08:00:00,N,N4,100.00000000000004
2020-02-09T09:00:00,N,N4,104.99999999999996
2020-02-09T10:00:00,N,N4,117.00000000000004
2020-02-09T11:00:00,N,N4,117.00000000000004
2020-02-09T12:00:00,N,N4,111.99999999999996
2020-02-09T13:00:00,N,N4,104.99999999999996
2020-02-09T14:00:00,N,N4,101.99999999999996
2020-02-09T15:00:00,N,N4,97.0
2020-02-09T16:00:00,N,N4,92.0
2020-02-09T17:00:00,N,N4,92.0
2020-02-09T18:00:00,N,N4,92.0
2020-02-09T19:00:00,N,N4,101.99999999999996
2020-02-09T20:00:00,N,N4,117.00000000000004
2020-02-09T21:00:00,N,N4,111.99999999999996
2020-02-09T22:00:00,N,N4,101.99999999999996
2020-02-09T23:00:00,N,N4,101.99999999999996
2020-02-10T00:00:00,N,N4,92.0
2020-02-10T01:00:00,N,N4,90.99999999999996
2020-02-10T02:00:00,N,N4,90.0
2020-02-10T03:00:00,N,N4,90.0
2020-02-10T04:00:00,N,N4,90.0
2020-02-10T05:00:00,N,N4,90.0
2020-02-10T06:00:00,N,N4,74.99999999999997
2020-02-10T07:00:00,N,N4,85.99999999999997
2020-02-10T08:00:00,N,N4,101.00000000000004
2020-02-10T09:00:00,N,N4,114.00000000000004
2020-02-10T10:00:00,N,N4,117.00000000000004
2020-02-10T11:00:00,N,N4,118.00000000000004
2020-02-10T12:00:00,N,N4,119.99999999999996
2020-02-10T13:00:00,N,N4,111.99999999999996
2020-02-10T14:00:00,N,N4,130.99999999999994
2020-02-10T15:00:00,N,N4,129.99999999999997
2020-02-10T16:00:00,N,N4,129.99999999999997
2020-02-10T17:00:00,N,N4,121.00000000000004
2020-02-10T18:00:00,N,N4,124.00000000000004
2020-02-10T19:00:00,N,N4,135.00000000000003
2020-02-10T20:00:00,N,N4,147.99999999999994
2020-02-10T21:00:00,N,N4,138.00000000000006
2020-02-10T22:00:00,N,N4,118.00000000000004
2020-02-10T23:00:00,N,N4,118.00000000000004
2020-02-11T00:00:00,N,N4,118.00000000000004
2020-02-11T01:00:00,N,N4,90.0
2020-02-11T02:00:00,N,N4,90.0
2020-02-11T03:00:00,N,N4,90.0
2020-02-11T04:00:00,N,N4,90.0
2020-02-11T05:00:00,N,N4,90.0
2020-02-11T06:00:00,N,N4,92.0
2020-02-11T07:00:00,N,N4,92.0
2020-02-11T08:00:00,N,N4,100.00000000000004
2020-02-11T09:00:00,N,N4,108.99999999999996
2020-02-11T10:00:00,N,N4,119.99999999999996
2020-02-11T11:00:00,N,N4,126.0
2020-02-11T12:00:00,N,N4,110.00000000000004
2020-02-11T13:00:00,N,N4,116.0
2020-02-11T14:00:00,N,N4,127.99999999999996
2020-02-11T15:00:00,N,N4,122.00000000000004
2020-02-11T16:00:00,N,N4,114.00000000000004
2020-02-11T17:00:00,N,N4,118.00000000000004
2020-02-11T18:00:00,N,N4,125.00000000000004
2020-02-11T19:00:00,N,N4,144.0
2020-02-11T20:00:00,N,N4,135.00000000000003
2020-02-11T21:00:00,N,N4,124.00000000000004
2020-02-11T22:00:00,N,N4,114.00000000000004
2020-02-11T23:00:00,N,N4,108.99999999999989
2020-02-12T00:00:00,N,N4,99.0
2020-02-12T01:00:00,N,N4,90.99999999999996
2020-02-12T02:00:00,N,N4,90.99999999999996
2020-02-12T03:00:00,N,N4,90.99999999999996
2020-02-12T04:00:00,N,N4,90.99999999999996
2020-02-12T05:00:00,N,N4,90.99999999999996
2020-02-12T06:00:00,N,N4,90.99999999999996
2020-02-12T07:00:00,N,N4,90.0
2020-02-12T08:00:00,N,N4,101.00000000000004
2020-02-12T09:00:00,N,N4,104.0
2020-02-12T10:00:00,N,N4,117.00000000000004
2020-02-12T11:00:00,N,N4,125.00000000000004
2020-02-12T12:00:00,N,N4,113.00000000000004
2020-02-12T13:00:00,N,N4,103.0
2020-02-12T14:00:00,N,N4,127.0
2020-02-12T15:00:00,N,N4,124.00000000000004
2020-02-12T16:00:00,N,N4,119.99999999999996
2020-02-12T17:00:00,N,N4,127.0
2020-02-12T18:00:00,N,N4,114.00000000000004
2020-02-12T19:00:00,N,N4,110.00000000000004
2020-02-12T20:00:00,N,N4,138.00000000000006
2020-02-12T21:00:00,N,N4,133.0
2020-02-12T22:00:00,N,N4,114.00000000000004
2020-02-12T23:00:00,N,N4,100.00000000000004
2020-02-13T00:00:00,N,N4,87.0
2020-02-13T01:00:00,N,N4,79.99999999999997
2020-02-13T02:00:00,N,N4,74.99999999999997
2020-02-13T03:00:00,N,N4,74.99999999999997
2020-02-13T04:00:00,N,N4,74.99999999999997
2020-02-13T05:00:00,N,N4,74.99999999999997
2020-02-13T06:00:00,N,N4,83.00000000000003
2020-02-13T07:00:00,N,N4,88.00000000000003
2020-02-13T08:00:00,N,N4,100.00000000000004
2020-02-13T09:00:00,N,N4,110.00000000000004
2020-02-13T10:00:00,N,N4,125.00000000000004
2020-02-13T11:00:00,N,N4,133.99999999999997
2020-02-13T12:00:00,N,N4,125.00000000000004
2020-02-13T13:00:00,N,N4,127.0
2020-02-13T14:00:00,N,N4,131.99999999999997
2020-02-13T15:00:00,N,N4,133.99999999999997
2020-02-13T16:00:00,N,N4,127.99999999999996
2020-02-13T17:00:00,N,N4,127.99999999999996
2020-02-13T18:00:00,N,N4,127.0
2020-02-13T19:00:00,N,N4,131.99999999999997
2020-02-13T20:00:00,N,N4,152.99999999999997
2020-02-13T21:00:00,N,N4,152.99999999999997
2020-02-13T22:00:00,N,N4,129.99999999999997
2020-02-13T23:00:00,N,N4,111.99999999999996
2020-02-14T00:00:00,N,N4,104.99999999999989
2020-02-14T01:00:00,N,N4,100.00000000000004
2020-02-14T02:00:00,N,N4,100.00000000000004
2020-02-14T03:00:00,N,N4,62.00000000000001
2020-02-14T04:00:00,N,N4,62.00000000000001
2020-02-14T05:00:00,N,N4,92.0
2020-02-14T06:00:00,N,N4,101.99999999999996
2020-02-14T07:00:00,N,N4,99.0
2020-02-14T08:00:00,N,N4,115.0
2020-02-14T09:00:00,N,N4,118.00000000000004
2020-02-14T10:00:00,N,N4,117.00000000000004
2020-02-14T11:00:00,N,N4,130.99999999999994
2020-02-14T12:00:00,N,N4,122.99999999999994
2020-02-14T13:00:00,N,N4,119.99999999999996
2020-02-14T14:00:00,N,N4,124.00000000000004
2020-02-14T15:00:00,N,N4,115.0
2020-02-14T16:00:00,N,N4,121.00000000000004
2020-02-14T17:00:00,N,N4,119.00000000000004
2020-02-14T18:00:00,N,N4,119.00000000000004
2020-02-14T19:00:00,N,N4,138.00000000000006
2020-02-14T20:00:00,N,N4,138.00000000000006
2020-02-14T21:00:00,N,N4,138.00000000000006
2020-02-14T22:00:00,N,N4,100.00000000000004
2020-02-14T23:00:00,N,N4,85.00000000000001
2020-02-15T00:00:00,N,N4,85.00000000000001
2020-02-15T01:00:00,N,N4,77.00000000000001
2020-02-15T02:00:00,N,N4,77.00000000000001
2020-02-15T03:00:00,N,N4,77.00000000000001
2020-02-15T04:00:00,N,N4,77.00000000000009
2020-02-15T05:00:00,N,N4,72.0
2020-02-15T06:00:00,N,N4,82.00000000000001
2020-02-15T07:00:00,N,N4,85.99999999999997
2020-02-15T08:00:00,N,N4,116.0
2020-02-15T09:00:00,N,N4,116.0
2020-02-15T10:00:00,N,N4,116.0
2020-02-15T11:00:00,N,N4,121.00000000000004
2020-02-15T12:00:00,N,N4,103.0
2020-02-15T13:00:00,N,N4,103.0
2020-02-15T14:00:00,N,N4,104.99999999999996
2020-02-15T15:00:00,N,N4,104.99999999999996
2020-02-15T16:00:00,N,N4,100.00000000000004
2020-02-15T17:00:00,N,N4,100.00000000000004
2020-02-15T18:00:00,N,N4,104.99999999999996
2020-02-15T19:00:00,N,N4,163.0
2020-02-15T20:00:00,N,N4,111.99999999999996
2020-02-15T21:00:00,N,N4,100.00000000000004
2020-02-15T22:00:00,N,N4,92.0
2020-02-15T23:00:00,N,N4,87.0
2020-02-16T00:00:00,N,N4,82.00000000000001
2020-02-16T01:00:00,N,N4,82.00000000000001
2020-02-16T02:00:00,N,N4,77.00000000000001
2020-02-16T03:00:00,N,N4,77.00000000000001
2020-02-16T04:00:00,N,N4,77.00000000000001
2020-02-16T05:00:00,N,N4,77.00000000000001
2020-02-16T06:00:00,N,N4,82.00000000000001
2020-02-16T07:00:00,N,N4,88.99999999999999
2020-02-16T08:00:00,N,N4,88.99999999999999
2020-02-16T09:00:00,N,N4,101.00000000000004
2020-02-16T10:00:00,N,N4,105.99999999999996
2020-02-16T11:00:00,N,N4,108.00000000000004
2020-02-16T12:00:00,N,N4,93.00000000000004
2020-02-16T13:00:00,N,N4,92.0
2020-02-16T14:00:00,N,N4,92.0
2020-02-16T15:00:00,N,N4,74.99999999999997
2020-02-16T16:00:00,N,N4,91.91666666666669
2020-02-16T17:00:00,N,N4,91.08333333333331
2020-02-16T18:00:00,N,N4,100.0
2020-02-16T19:00:00,N,N4,104.58333333333331
2020-02-16T20:00:00,N,N4,123.66666666666669
2020-02-16T21:00:00,N,N4,112.75
2020-02-16T22:00:00,N,N4,74.99999999999997
2020-02-16T23:00:00,N,N4,70.00000000000003
2020-02-17T00:00:00,N,N4,64.99999999999999
2020-02-17T01:00:00,N,N4,64.99999999999999
2020-02-17T02:00:00,N,N4,64.99999999999999
2020-02-17T03:00:00,N,N4,64.99999999999999
2020-02-17T04:00:00,N,N4,64.99999999999999
2020-02-17T05:00:00,N,N4,64.99999999999999
2020-02-17T06:00:00,N,N4,74.99999999999997
2020-02-17T07:00:00,N,N4,79.99999999999997
2020-02-17T08:00:00,N,N4,106.99999999999996
2020-02-17T09:00:00,N,N4,111.99999999999996
2020-02-17T10:00:00,N,N4,118.00000000000004
2020-02-17T11:00:00,N,N4,135.00000000000003
2020-02-17T12:00:00,N,N4,127.0
2020-02-17T13:00:00,N,N4,128.99999999999997
2020-02-17T14:00:00,N,N4,142.00000000000003
2020-02-17T15:00:00,N,N4,131.99999999999997
2020-02-17T16:00:00,N,N4,129.99999999999997
2020-02-17T17:00:00,N,N4,129.99999999999997
2020-02-17T18:00:00,N,N4,119.99999999999996
2020-02-17T19:00:00,N,N4,126.0
2020-02-17T20:00:00,N,N4,131.99999999999997
2020-02-17T21:00:00,N,N4,131.99999999999997
2020-02-17T22:00:00,N,N4,105.99999999999996
2020-02-17T23:00:00,N,N4,101.00000000000004
2020-02-18T00:00:00,N,N4,96.0
2020-02-18T01:00:00,N,N4,92.0
2020-02-18T02:00:00,N,N4,85.99999999999997
2020-02-18T03:00:00,N,N4,85.99999999999997
2020-02-18T04:00:00,N,N4,81.00000000000003
2020-02-18T05:00:00,N,N4,81.00000000000003
2020-02-18T06:00:00,N,N4,87.0
2020-02-18T07:00:00,N,N4,98.00000000000004
2020-02-18T08:00:00,N,N4,119.99999999999996
2020-02-18T09:00:00,N,N4,127.99999999999996
2020-02-18T10:00:00,N,N4,138.99999999999997
2020-02-18T11:00:00,N,N4,149.0
2020-02-18T12:00:00,N,N4,114.91666666666669
2020-02-18T13:00:00,N,N4,114.41666666666669
2020-02-18T14:00:00,N,N4,102.03041865205866
2020-02-18T15:00:00,N,N4,104.99999999999996
2020-02-18T16:00:00,N,N4,101.00000000000004
2020-02-18T17:00:00,N,N4,95.0
2020-02-18T18:00:00,N,N4,101.99999999999996
2020-02-18T19:00:00,N,N4,110.00000000000004
2020-02-18T20:00:00,N,N4,128.99999999999997
2020-02-18T21:00:00,N,N4,113.00000000000004
2020-02-18T22:00:00,N,N4,99.0
2020-02-18T23:00:00,N,N4,93.00000000000004
2020-02-19T00:00:00,N,N4,93.00000000000004
2020-02-19T01:00:00,N,N4,83.00000000000003
2020-02-19T02:00:00,N,N4,83.00000000000003
2020-02-19T03:00:00,N,N4,83.00000000000003
2020-02-19T04:00:00,N,N4,83.00000000000003
2020-02-19T05:00:00,N,N4,83.00000000000003
2020-02-19T06:00:00,N,N4,87.0
2020-02-19T07:00:00,N,N4,94.0
2020-02-19T08:00:00,N,N4,121.00000000000004
2020-02-19T09:00:00,N,N4,114.00000000000004
2020-02-19T10:00:00,N,N4,121.00000000000004
2020-02-19T11:00:00,N,N4,137.00000000000003
2020-02-19T12:00:00,N,N4,125.00000000000004
2020-02-19T13:00:00,N,N4,121.00000000000004
2020-02-19T14:00:00,N,N4,127.0
2020-02-19T15:00:00,N,N4,128.99999999999997
2020-02-19T16:00:00,N,N4,129.99999999999997
2020-02-19T17:00:00,N,N4,133.99999999999997
2020-02-19T18:00:00,N,N4,129.99999999999997
2020-02-19T19:00:00,N,N4,159.0
2020-02-19T20:00:00,N,N4,159.0
2020-02-19T21:00:00,N,N4,144.0
2020-02-19T22:00:00,N,N4,138.99999999999997
2020-02-19T23:00:00,N,N4,122.99999999999994
2020-02-20T00:00:00,N,N4,122.99999999999994
2020-02-20T01:00:00,N,N4,108.00000000000004
2020-02-20T02:00:00,N,N4,103.0
2020-02-20T03:00:00,N,N4,103.0
2020-02-20T04:00:00,N,N4,103.0
2020-02-20T05:00:00,N,N4,103.0
2020-02-20T06:00:00,N,N4,92.0
2020-02-20T07:00:00,N,N4,96.0
2020-02-20T08:00:00,N,N4,116.0
2020-02-20T09:00:00,N,N4,116.0
2020-02-20T10:00:00,N,N4,122.99999999999994
2020-02-20T11:00:00,N,N4,136.00000000000006
2020-02-20T12:00:00,N,N4,121.00000000000004
2020-02-20T13:00:00,N,N4,122.99999999999994
2020-02-20T14:00:00,N,N4,133.0
2020-02-20T15:00:00,N,N4,131.99999999999997
2020-02-20T16:00:00,N,N4,131.99999999999997
2020-02-20T17:00:00,N,N4,108.00000000000004
2020-02-20T18:00:00,N,N4,108.00000000000004
2020-02-20T19:00:00,N,N4,106.99999999999996
2020-02-20T20:00:00,N,N4,146.99999999999997
2020-02-20T21:00:00,N,N4,146.99999999999997
2020-02-20T22:00:00,N,N4,122.00000000000004
2020-02-20T23:00:00,N,N4,111.99999999999996
2020-02-21T00:00:00,N,N4,98.00000000000004
2020-02-21T01:00:00,N,N4,88.00000000000003
2020-02-21T02:00:00,N,N4,87.0
2020-02-21T03:00:00,N,N4,85.99999999999997
2020-02-21T04:00:00,N,N4,81.00000000000003
2020-02-21T05:00:00,N,N4,85.99999999999997
2020-02-21T06:00:00,N,N4,85.99999999999997
2020-02-21T07:00:00,N,N4,90.99999999999996
2020-02-21T08:00:00,N,N4,110.00000000000004
2020-02-21T09:00:00,N,N4,116.0
2020-02-21T10:00:00,N,N4,122.00000000000004
2020-02-21T11:00:00,N,N4,130.99999999999994
2020-02-21T12:00:00,N,N4,111.99999999999996
2020-02-21T13:00:00,N,N4,104.99999999999996
2020-02-21T14:00:00,N,N4,110.00000000000004
2020-02-21T15:00:00,N,N4,111.99999999999996
2020-02-21T16:00:00,N,N4,99.0
2020-02-21T17:00:00,N,N4,101.00000000000004
2020-02-21T18:00:00,N,N4,101.99999999999996
2020-02-21T19:00:00,N,N4,122.00000000000004
2020-02-21T20:00:00,N,N4,122.99999999999994
2020-02-21T21:00:00,N,N4,101.99999999999996
2020-02-21T22:00:00,N,N4,82.00000000000001
2020-02-21T23:00:00,N,N4,82.00000000000001
2020-02-22T00:00:00,N,N4,72.0
2020-02-22T01:00:00,N,N4,70.00000000000003
2020-02-22T02:00:00,N,N4,66.99999999999997
2020-02-22T03:00:00,N,N4,66.99999999999997
2020-02-22T04:00:00,N,N4,62.00000000000001
2020-02-22T05:00:00,N,N4,66.99999999999997
2020-02-22T06:00:00,N,N4,66.99999999999997
2020-02-22T07:00:00,N,N4,78.0
2020-02-22T08:00:00,N,N4,98.00000000000004
2020-02-22T09:00:00,N,N4,103.0
2020-02-22T10:00:00,N,N4,98.00000000000004
2020-02-22T11:00:00,N,N4,104.0
2020-02-22T12:00:00,N,N4,94.0
2020-02-22T13:00:00,N,N4,85.00000000000001
2020-02-22T14:00:00,N,N4,85.99999999999997
2020-02-22T15:00:00,N,N4,87.0
2020-02-22T16:00:00,N,N4,87.0
2020-02-22T17:00:00,N,N4,92.0
2020-02-22T18:00:00,N,N4,92.0
2020-02-22T19:00:00,N,N4,118.00000000000004
2020-02-22T20:00:00,N,N4,113.00000000000004
2020-02-22T21:00:00,N,N4,88.00000000000003
2020-02-22T22:00:00,N,N4,82.00000000000001
2020-02-22T23:00:00,N,N4,77.00000000000001
2020-02-23T00:00:00,N,N4,72.0
2020-02-23T01:00:00,N,N4,65.99999999999997
2020-02-23T02:00:00,N,N4,65.99999999999997
2020-02-23T03:00:00,N,N4,65.99999999999997
2020-02-23T04:00:00,N,N4,62.00000000000001
2020-02-23T05:00:00,N,N4,62.00000000000001
2020-02-23T06:00:00,N,N4,82.00000000000001
2020-02-23T07:00:00,N,N4,77.00000000000001
2020-02-23T08:00:00,N,N4,88.00000000000003
2020-02-23T09:00:00,N,N4,95.0
2020-02-23T10:00:00,N,N4,88.99999999999999
2020-02-23T11:00:00,N,N4,100.00000000000004
2020-02-23T12:00:00,N,N4,83.99999999999999
2020-02-23T13:00:00,N,N4,79.99999999999997
2020-02-23T14:00:00,N,N4,79.99999999999997
2020-02-23T15:00:00,N,N4,79.99999999999997
2020-02-23T16:00:00,N,N4,79.99999999999997
2020-02-23T17:00:00,N,N4,79.99999999999997
2020-02-23T18:00:00,N,N4,85.00000000000001
2020-02-23T19:00:00,N,N4,90.0
2020-02-23T20:00:00,N,N4,116.0
2020-02-23T21:00:00,N,N4,105.99999999999996
2020-02-23T22:00:00,N,N4,101.00000000000004
2020-02-23T23:00:00,N,N4,90.99999999999996
2020-02-24T00:00:00,N,N4,85.99999999999997
2020-02-24T01:00:00,N,N4,81.00000000000003
2020-02-24T02:00:00,N,N4,81.00000000000003
2020-02-24T03:00:00,N,N4,81.00000000000003
2020-02-24T04:00:00,N,N4,71.0
2020-02-24T05:00:00,N,N4,71.0
2020-02-24T06:00:00,N,N4,81.00000000000003
2020-02-24T07:00:00,N,N4,101.99999999999996
2020-02-24T08:00:00,N,N4,103.0
2020-02-24T09:00:00,N,N4,101.99999999999996
2020-02-24T10:00:00,N,N4,124.00000000000004
2020-02-24T11:00:00,N,N4,129.99999999999997
2020-02-24T12:00:00,N,N4,115.0
2020-02-24T13:00:00,N,N4,115.0
2020-02-24T14:00:00,N,N4,122.00000000000004
2020-02-24T15:00:00,N,N4,121.00000000000004
2020-02-24T16:00:00,N,N4,116.0
2020-02-24T17:00:00,N,N4,122.00000000000004
2020-02-24T18:00:00,N,N4,115.0
2020-02-24T19:00:00,N,N4,138.99999999999997
2020-02-24T20:00:00,N,N4,139.99999999999994
2020-02-24T21:00:00,N,N4,129.99999999999997
2020-02-24T22:00:00,N,N4,108.99999999999996
2020-02-24T23:00:00,N,N4,93.00000000000004
2020-02-25T00:00:00,N,N4,87.0
2020-02-25T01:00:00,N,N4,88.00000000000003
2020-02-25T02:00:00,N,N4,82.00000000000001
2020-02-25T03:00:00,N,N4,79.99999999999997
2020-02-25T04:00:00,N,N4,79.99999999999997
2020-02-25T05:00:00,N,N4,79.99999999999997
2020-02-25T06:00:00,N,N4,92.0
2020-02-25T07:00:00,N,N4,95.0
2020-02-25T08:00:00,N,N4,98.00000000000004
2020-02-25T09:00:00,N,N4,104.99999999999996
2020-02-25T10:00:00,N,N4,119.99999999999996
2020-02-25T11:00:00,N,N4,138.00000000000006
2020-02-25T12:00:00,N,N4,103.0
2020-02-25T13:00:00,N,N4,97.0
2020-02-25T14:00:00,N,N4,105.99999999999996
2020-02-25T15:00:00,N,N4,108.00000000000004
2020-02-25T16:00:00,N,N4,104.0
2020-02-25T17:00:00,N,N4,104.0
2020-02-25T18:00:00,N,N4,72.99999999999999
2020-02-25T19:00:00,N,N4,114.00000000000004
2020-02-25T20:00:00,N,N4,102.00000000000004
2020-02-25T21:00:00,N,N4,97.0
2020-02-25T22:00:00,N,N4,82.00000000000001
2020-02-25T23:00:00,N,N4,74.99999999999997
2020-02-26T00:00:00,N,N4,66.99999999999997
2020-02-26T01:00:00,N,N4,62.00000000000001
2020-02-26T02:00:00,N,N4,62.00000000000001
2020-02-26T03:00:00,N,N4,62.00000000000001
2020-02-26T04:00:00,N,N4,62.00000000000001
2020-02-26T05:00:00,N,N4,62.00000000000001
2020-02-26T06:00:00,N,N4,82.00000000000001
2020-02-26T07:00:00,N,N4,82.00000000000001
2020-02-26T08:00:00,N,N4,99.0
2020-02-26T09:00:00,N,N4,111.99999999999996
2020-02-26T10:00:00,N,N4,113.00000000000004
2020-02-26T11:00:00,N,N4,122.00000000000004
2020-02-26T12:00:00,N,N4,104.99999999999996
2020-02-26T13:00:00,N,N4,90.99999999999996
2020-02-26T14:00:00,N,N4,106.99999999999996
2020-02-26T15:00:00,N,N4,103.0
2020-02-26T16:00:00,N,N4,103.0
2020-02-26T17:00:00,N,N4,104.99999999999996
2020-02-26T18:00:00,N,N4,103.0
2020-02-26T19:00:00,N,N4,108.99999999999996
2020-02-26T20:00:00,N,N4,124.00000000000004
2020-02-26T21:00:00,N,N4,104.0
2020-02-26T22:00:00,N,N4,79.99999999999997
2020-02-26T23:00:00,N,N4,79.99999999999997
2020-02-27T00:00:00,N,N4,66.99999999999997
2020-02-27T01:00:00,N,N4,62.00000000000001
2020-02-27T02:00:00,N,N4,62.00000000000001
2020-02-27T03:00:00,N,N4,62.00000000000001
2020-02-27T04:00:00,N,N4,62.00000000000001
2020-02-27T05:00:00,N,N4,62.00000000000001
2020-02-27T06:00:00,N,N4,83.99999999999999
2020-02-27T07:00:00,N,N4,94.0
2020-02-27T08:00:00,N,N4,99.0
2020-02-27T09:00:00,N,N4,101.99999999999996
2020-02-27T10:00:00,N,N4,101.00000000000004
2020-02-27T11:00:00,N,N4,113.00000000000004
2020-02-27T12:00:00,N,N4,94.0
2020-02-27T13:00:00,N,N4,88.00000000000003
2020-02-27T14:00:00,N,N4,100.00000000000004
2020-02-27T15:00:00,N,N4,100.00000000000004
2020-02-27T16:00:00,N,N4,104.99999999999996
2020-02-27T17:00:00,N,N4,104.0
2020-02-27T18:00:00,N,N4,106.99999999999996
2020-02-27T19:00:00,N,N4,104.0
2020-02-27T20:00:00,N,N4,121.00000000000004
2020-02-27T21:00:00,N,N4,108.99999999999996
2020-02-27T22:00:00,N,N4,92.0
2020-02-27T23:00:00,N,N4,82.00000000000001
2020-02-28T00:00:00,N,N4,77.00000000000001
2020-02-28T01:00:00,N,N4,72.0
2020-02-28T02:00:00,N,N4,70.00000000000003
2020-02-28T03:00:00,N,N4,69.00000000000001
2020-02-28T04:00:00,N,N4,69.00000000000001
2020-02-28T05:00:00,N,N4,69.00000000000001
2020-02-28T06:00:00,N,N4,87.0
2020-02-28T07:00:00,N,N4,87.0
2020-02-28T08:00:00,N,N4,97.0
2020-02-28T09:00:00,N,N4,100.00000000000004
2020-02-28T10:00:00,N,N4,101.99999999999996
2020-02-28T11:00:00,N,N4,118.00000000000004
2020-02-28T12:00:00,N,N4,101.99999999999996
2020-02-28T13:00:00,N,N4,97.0
2020-02-28T14:00:00,N,N4,104.0
2020-02-28T15:00:00,N,N4,110.99999999999996
2020-02-28T16:00:00,N,N4,104.99999999999996
2020-02-28T17:00:00,N,N4,104.99999999999996
2020-02-28T18:00:00,N,N4,104.99999999999996
2020-02-28T19:00:00,N,N4,117.00000000000004
2020-02-28T20:00:00,N,N4,117.00000000000004
2020-02-28T21:00:00,N,N4,104.99999999999996
2020-02-28T22:00:00,N,N4,95.0
2020-02-28T23:00:00,N,N4,85.00000000000001
2020-02-29T00:00:00,N,N4,78.0
2020-02-29T01:00:00,N,N4,69.00000000000001
2020-02-29T02:00:00,N,N4,68.00000000000001
2020-02-29T03:00:00,N,N4,68.00000000000001
2020-02-29T04:00:00,N,N4,68.00000000000001
2020-02-29T05:00:00,N,N4,70.00000000000003
2020-02-29T06:00:00,N,N4,72.0
2020-02-29T07:00:00,N,N4,79.0
2020-02-29T08:00:00,N,N4,96.0
2020-02-29T09:00:00,N,N4,96.0
2020-02-29T10:00:00,N,N4,100.00000000000004
2020-02-29T11:00:00,N,N4,111.99999999999996
2020-02-29T12:00:00,N,N4,111.99999999999996
2020-02-29T13:00:00,N,N4,104.99999999999996
2020-02-29T14:00:00,N,N4,108.99999999999996
2020-02-29T15:00:00,N,N4,101.99999999999996
2020-02-29T16:00:00,N,N4,101.99999999999996
2020-02-29T17:00:00,N,N4,97.0
2020-02-29T18:00:00,N,N4,101.99999999999996
2020-02-29T19:00:00,N,N4,110.00000000000004
2020-02-29T20:00:00,N,N4,124.00000000000004
2020-02-29T21:00:00,N,N4,104.99999999999996
2020-02-29T22:00:00,N,N4,100.00000000000004
2020-02-29T23:00:00,N,N4,90.0
2020-03-01T00:00:00,N,N4,85.99999999999997
2020-03-01T01:00:00,N,N4,79.99999999999997
2020-03-01T02:00:00,N,N4,74.99999999999997
2020-03-01T03:00:00,N,N4,70.00000000000003
2020-03-01T04:00:00,N,N4,70.00000000000003
2020-03-01T05:00:00,N,N4,70.00000000000003
2020-03-01T06:00:00,N,N4,76.0
2020-03-01T07:00:00,N,N4,76.0
2020-03-01T08:00:00,N,N4,85.99999999999997
2020-03-01T09:00:00,N,N4,90.99999999999996
2020-03-01T10:00:00,N,N4,90.99999999999996
2020-03-01T11:00:00,N,N4,97.0
2020-03-01T12:00:00,N,N4,85.99999999999997
2020-03-01T13:00:00,N,N4,92.0
2020-03-01T14:00:00,N,N4,85.00000000000001
2020-03-01T15:00:00,N,N4,77.00000000000001
2020-03-01T16:00:00,N,N4,77.00000000000001
2020-03-01T17:00:00,N,N4,77.00000000000001
2020-03-01T18:00:00,N,N4,85.00000000000001
2020-03-01T19:00:00,N,N4,97.0
2020-03-01T20:00:00,N,N4,115.0
2020-03-01T21:00:00,N,N4,103.0
2020-03-01T22:00:00,N,N4,93.00000000000004
2020-03-01T23:00:00,N,N4,83.00000000000003
2020-03-02T00:00:00,N,N4,78.0
2020-03-02T01:00:00,N,N4,78.0
2020-03-02T02:00:00,N,N4,68.00000000000001
2020-03-02T03:00:00,N,N4,68.00000000000001
2020-03-02T04:00:00,N,N4,66.99999999999997
2020-03-02T05:00:00,N,N4,66.99999999999997
2020-03-02T06:00:00,N,N4,76.0
2020-03-02T07:00:00,N,N4,77.00000000000001
2020-03-02T08:00:00,N,N4,96.0
2020-03-02T09:00:00,N,N4,101.00000000000004
2020-03-02T10:00:00,N,N4,105.99999999999996
2020-03-02T11:00:00,N,N4,116.0
2020-03-02T12:00:00,N,N4,104.0
2020-03-02T13:00:00,N,N4,99.0
2020-03-02T14:00:00,N,N4,111.99999999999996
2020-03-02T15:00:00,N,N4,108.00000000000004
2020-03-02T16:00:00,N,N4,104.0
2020-03-02T17:00:00,N,N4,117.00000000000004
2020-03-02T18:00:00,N,N4,110.00000000000004
2020-03-02T19:00:00,N,N4,108.99999999999996
2020-03-02T20:00:00,N,N4,137.00000000000003
2020-03-02T21:00:00,N,N4,117.00000000000004
2020-03-02T22:00:00,N,N4,103.0
2020-03-02T23:00:00,N,N4,93.00000000000004
2020-03-03T00:00:00,N,N4,83.00000000000003
2020-03-03T01:00:00,N,N4,83.00000000000003
2020-03-03T02:00:00,N,N4,72.99999999999999
2020-03-03T03:00:00,N,N4,72.99999999999999
2020-03-03T04:00:00,N,N4,72.99999999999999
2020-03-03T05:00:00,N,N4,72.99999999999999
2020-03-03T06:00:00,N,N4,78.0
2020-03-03T07:00:00,N,N4,87.0
2020-03-03T08:00:00,N,N4,95.0
2020-03-03T09:00:00,N,N4,97.0
2020-03-03T10:00:00,N,N4,106.99999999999996
2020-03-03T11:00:00,N,N4,111.99999999999996
2020-03-03T12:00:00,N,N4,104.0
2020-03-03T13:00:00,N,N4,95.0
2020-03-03T14:00:00,N,N4,108.99999999999996
2020-03-03T15:00:00,N,N4,106.99999999999996
2020-03-03T16:00:00,N,N4,110.00000000000004
2020-03-03T17:00:00,N,N4,105.99999999999996
2020-03-03T18:00:00,N,N4,110.00000000000004
2020-03-03T19:00:00,N,N4,137.00000000000003
2020-03-03T20:00:00,N,N4,129.99999999999997
2020-03-03T21:00:00,N,N4,117.00000000000004
2020-03-03T22:00:00,N,N4,103.0
2020-03-03T23:00:00,N,N4,93.00000000000004
2020-03-04T00:00:00,N,N4,90.0
2020-03-04T01:00:00,N,N4,85.00000000000001
2020-03-04T02:00:00,N,N4,79.99999999999997
2020-03-04T03:00:00,N,N4,74.99999999999997
2020-03-04T04:00:00,N,N4,70.00000000000003
2020-03-04T05:00:00,N,N4,70.00000000000003
2020-03-04T06:00:00,N,N4,85.00000000000001
2020-03-04T07:00:00,N,N4,83.00000000000003
2020-03-04T08:00:00,N,N4,94.0
2020-03-04T09:00:00,N,N4,100.00000000000004
2020-03-04T10:00:00,N,N4,108.99999999999996
2020-03-04T11:00:00,N,N4,119.99999999999996
2020-03-04T12:00:00,N,N4,103.0
2020-03-04T13:00:00,N,N4,98.00000000000004
2020-03-04T14:00:00,N,N4,114.00000000000004
2020-03-04T15:00:00,N,N4,110.99999999999996
2020-03-04T16:00:00,N,N4,110.00000000000004
2020-03-04T17:00:00,N,N4,115.0
2020-03-04T18:00:00,N,N4,110.99999999999996
2020-03-04T19:00:00,N,N4,138.00000000000006
2020-03-04T20:00:00,N,N4,133.99999999999997
2020-03-04T21:00:00,N,N4,119.00000000000004
2020-03-04T22:00:00,N,N4,104.0
2020-03-04T23:00:00,N,N4,94.0
2020-03-05T00:00:00,N,N4,83.99999999999999
2020-03-05T01:00:00,N,N4,79.0
2020-03-05T02:00:00,N,N4,74.99999999999997
2020-03-05T03:00:00,N,N4,69.00000000000001
2020-03-05T04:00:00,N,N4,69.00000000000001
2020-03-05T05:00:00,N,N4,69.00000000000001
2020-03-05T06:00:00,N,N4,79.99999999999997
2020-03-05T07:00:00,N,N4,77.00000000000001
2020-03-05T08:00:00,N,N4,92.0
2020-03-05T09:00:00,N,N4,96.0
2020-03-05T10:00:00,N,N4,103.0
2020-03-05T11:00:00,N,N4,118.00000000000004
2020-03-05T12:00:00,N,N4,104.99999999999996
2020-03-05T13:00:00,N,N4,99.0
2020-03-05T14:00:00,N,N4,110.00000000000004
2020-03-05T15:00:00,N,N4,104.0
2020-03-05T16:00:00,N,N4,110.00000000000004
2020-03-05T17:00:00,N,N4,111.99999999999996
2020-03-05T18:00:00,N,N4,110.00000000000004
2020-03-05T19:00:00,N,N4,135.00000000000003
2020-03-05T20:00:00,N,N4,135.00000000000003
2020-03-05T21:00:00,N,N4,117.00000000000004
2020-03-05T22:00:00,N,N4,101.99999999999996
2020-03-05T23:00:00,N,N4,87.0
2020-03-06T00:00:00,N,N4,82.00000000000001
2020-03-06T01:00:00,N,N4,77.00000000000001
2020-03-06T02:00:00,N,N4,74.99999999999997
2020-03-06T03:00:00,N,N4,74.99999999999997
2020-03-06T04:00:00,N,N4,74.99999999999997
2020-03-06T05:00:00,N,N4,82.00000000000001
2020-03-06T06:00:00,N,N4,82.00000000000001
2020-03-06T07:00:00,N,N4,83.00000000000003
2020-03-06T08:00:00,N,N4,95.0
2020-03-06T09:00:00,N,N4,98.00000000000004
2020-03-06T10:00:00,N,N4,101.99999999999996
2020-03-06T11:00:00,N,N4,116.0
2020-03-06T12:00:00,N,N4,108.00000000000004
2020-03-06T13:00:00,N,N4,104.0
2020-03-06T14:00:00,N,N4,110.00000000000004
2020-03-06T15:00:00,N,N4,113.00000000000004
2020-03-06T16:00:00,N,N4,108.00000000000004
2020-03-06T17:00:00,N,N4,103.0
2020-03-06T18:00:00,N,N4,108.99999999999996
2020-03-06T19:00:00,N,N4,127.99999999999996
2020-03-06T20:00:00,N,N4,127.0
2020-03-06T21:00:00,N,N4,105.99999999999996
2020-03-06T22:00:00,N,N4,101.00000000000004
2020-03-06T23:00:00,N,N4,92.0
2020-03-07T00:00:00,N,N4,85.99999999999997
2020-03-07T01:00:00,N,N4,79.99999999999997
2020-03-07T02:00:00,N,N4,74.99999999999997
2020-03-07T03:00:00,N,N4,70.00000000000003
2020-03-07T04:00:00,N,N4,70.00000000000003
2020-03-07T05:00:00,N,N4,70.00000000000003
2020-03-07T06:00:00,N,N4,79.99999999999997
2020-03-07T07:00:00,N,N4,87.0
2020-03-07T08:00:00,N,N4,101.99999999999996
2020-03-07T09:00:00,N,N4,98.00000000000004
2020-03-07T10:00:00,N,N4,103.0
2020-03-07T11:00:00,N,N4,118.00000000000004
2020-03-07T12:00:00,N,N4,104.99999999999996
2020-03-07T13:00:00,N,N4,104.99999999999996
2020-03-07T14:00:00,N,N4,104.99999999999996
2020-03-07T15:00:00,N,N4,100.00000000000004
2020-03-07T16:00:00,N,N4,99.0
2020-03-07T17:00:00,N,N4,99.0
2020-03-07T18:00:00,N,N4,99.0
2020-03-07T19:00:00,N,N4,104.0
2020-03-07T20:00:00,N,N4,119.00000000000004
2020-03-07T21:00:00,N,N4,104.0
2020-03-07T22:00:00,N,N4,90.0
2020-03-07T23:00:00,N,N4,85.00000000000001
2020-03-08T00:00:00,N,N4,77.00000000000001
2020-03-08T01:00:00,N,N4,64.99999999999999
2020-03-08T02:00:00,N,N4,64.99999999999999
2020-03-08T03:00:00,N,N4,64.99999999999999
2020-03-08T04:00:00,N,N4,64.99999999999999
2020-03-08T05:00:00,N,N4,59.99999999999999
2020-03-08T06:00:00,N,N4,70.00000000000003
2020-03-08T07:00:00,N,N4,74.99999999999997
2020-03-08T08:00:00,N,N4,74.99999999999997
2020-03-08T09:00:00,N,N4,79.99999999999997
2020-03-08T10:00:00,N,N4,90.0
2020-03-08T11:00:00,N,N4,95.0
2020-03-08T12:00:00,N,N4,90.0
2020-03-08T13:00:00,N,N4,85.00000000000001
2020-03-08T14:00:00,N,N4,85.00000000000001
2020-03-08T15:00:00,N,N4,85.00000000000001
2020-03-08T16:00:00,N,N4,85.00000000000001
2020-03-08T17:00:00,N,N4,85.00000000000001
2020-03-08T18:00:00,N,N4,90.0
2020-03-08T19:00:00,N,N4,100.00000000000004
2020-03-08T20:00:00,N,N4,125.00000000000004
2020-03-08T21:00:00,N,N4,115.0
2020-03-08T22:00:00,N,N4,100.00000000000004
2020-03-08T23:00:00,N,N4,87.0
2020-03-09T00:00:00,N,N4,87.0
2020-03-09T01:00:00,N,N4,79.99999999999997
2020-03-09T02:00:00,N,N4,74.99999999999997
2020-03-09T03:00:00,N,N4,66.99999999999997
2020-03-09T04:00:00,N,N4,66.99999999999997
2020-03-09T05:00:00,N,N4,66.99999999999997
2020-03-09T06:00:00,N,N4,79.99999999999997
2020-03-09T07:00:00,N,N4,82.00000000000001
2020-03-09T08:00:00,N,N4,95.0
2020-03-09T09:00:00,N,N4,94.0
2020-03-09T10:00:00,N,N4,103.0
2020-03-09T11:00:00,N,N4,119.00000000000004
2020-03-09T12:00:00,N,N4,116.0
2020-03-09T13:00:00,N,N4,111.99999999999996
2020-03-09T14:00:00,N,N4,121.00000000000004
2020-03-09T15:00:00,N,N4,113.00000000000004
2020-03-09T16:00:00,N,N4,108.00000000000004
2020-03-09T17:00:00,N,N4,116.0
2020-03-09T18:00:00,N,N4,110.99999999999996
2020-03-09T19:00:00,N,N4,137.00000000000003
2020-03-09T20:00:00,N,N4,142.00000000000003
2020-03-09T21:00:00,N,N4,131.99999999999997
2020-03-09T22:00:00,N,N4,111.99999999999996
2020-03-09T23:00:00,N,N4,104.99999999999996
2020-03-10T00:00:00,N,N4,92.0
2020-03-10T01:00:00,N,N4,87.0
2020-03-10T02:00:00,N,N4,87.0
2020-03-10T03:00:00,N,N4,79.99999999999997
2020-03-10T04:00:00,N,N4,79.99999999999997
2020-03-10T05:00:00,N,N4,79.99999999999997
2020-03-10T06:00:00,N,N4,83.99999999999999
2020-03-10T07:00:00,N,N4,85.99999999999997
2020-03-10T08:00:00,N,N4,97.0
2020-03-10T09:00:00,N,N4,100.00000000000004
2020-03-10T10:00:00,N,N4,100.00000000000004
2020-03-10T11:00:00,N,N4,114.00000000000004
2020-03-10T12:00:00,N,N4,108.00000000000004
2020-03-10T13:00:00,N,N4,110.99999999999996
2020-03-10T14:00:00,N,N4,117.00000000000004
2020-03-10T15:00:00,N,N4,110.99999999999996
2020-03-10T16:00:00,N,N4,111.99999999999996
2020-03-10T17:00:00,N,N4,110.99999999999996
2020-03-10T18:00:00,N,N4,110.99999999999996
2020-03-10T19:00:00,N,N4,114.00000000000004
2020-03-10T20:00:00,N,N4,137.00000000000003
2020-03-10T21:00:00,N,N4,122.00000000000004
2020-03-10T22:00:00,N,N4,111.99999999999996
2020-03-10T23:00:00,N,N4,102.00000000000004
2020-03-11T00:00:00,N,N4,96.27958870720056
2020-03-11T01:00:00,N,N4,92.0
2020-03-11T02:00:00,N,N4,87.0
2020-03-11T03:00:00,N,N4,79.99999999999997
2020-03-11T04:00:00,N,N4,77.00000000000001
2020-03-11T05:00:00,N,N4,77.00000000000001
2020-03-11T06:00:00,N,N4,82.00000000000001
2020-03-11T07:00:00,N,N4,81.00000000000003
2020-03-11T08:00:00,N,N4,97.0
2020-03-11T09:00:00,N,N4,106.99999999999996
2020-03-11T10:00:00,N,N4,104.99999999999996
2020-03-11T11:00:00,N,N4,119.00000000000004
2020-03-11T12:00:00,N,N4,104.99999999999996
2020-03-11T13:00:00,N,N4,110.99999999999996
2020-03-11T14:00:00,N,N4,122.00000000000004
2020-03-11T15:00:00,N,N4,114.00000000000004
2020-03-11T16:00:00,N,N4,111.99999999999996
2020-03-11T17:00:00,N,N4,110.00000000000004
2020-03-11T18:00:00,N,N4,114.00000000000004
2020-03-11T19:00:00,N,N4,122.00000000000004
2020-03-11T20:00:00,N,N4,142.00000000000003
2020-03-11T21:00:00,N,N4,129.99999999999997
2020-03-11T22:00:00,N,N4,121.00000000000004
2020-03-11T23:00:00,N,N4,105.99999999999996
2020-03-12T00:00:00,N,N4,101.99999999999996
2020-03-12T01:00:00,N,N4,97.0
2020-03-12T02:00:00,N,N4,95.0
2020-03-12T03:00:00,N,N4,85.00000000000001
2020-03-12T04:00:00,N,N4,79.99999999999997
2020-03-12T05:00:00,N,N4,79.99999999999997
2020-03-12T06:00:00,N,N4,96.99999999999991
2020-03-12T07:00:00,N,N4,97.0
2020-03-12T08:00:00,N,N4,101.99999999999996
2020-03-12T09:00:00,N,N4,110.99999999999996
2020-03-12T10:00:00,N,N4,111.99999999999996
2020-03-12T11:00:00,N,N4,124.00000000000004
2020-03-12T12:00:00,N,N4,119.00000000000004
2020-03-12T13:00:00,N,N4,122.00000000000004
2020-03-12T14:00:00,N,N4,131.99999999999997
2020-03-12T15:00:00,N,N4,122.00000000000004
2020-03-12T16:00:00,N,N4,122.00000000000004
2020-03-12T17:00:00,N,N4,119.00000000000004
2020-03-12T18:00:00,N,N4,115.0
2020-03-12T19:00:00,N,N4,122.00000000000004
2020-03-12T20:00:00,N,N4,142.00000000000003
2020-03-12T21:00:00,N,N4,129.99999999999997
2020-03-12T22:00:00,N,N4,127.0
2020-03-12T23:00:00,N,N4,116.0
2020-03-13T00:00:00,N,N4,111.99999999999996
2020-03-13T01:00:00,N,N4,105.99999999999996
2020-03-13T02:00:00,N,N4,100.00000000000004
2020-03-13T03:00:00,N,N4,98.00000000000004
2020-03-13T04:00:00,N,N4,97.0
2020-03-13T05:00:00,N,N4,97.0
2020-03-13T06:00:00,N,N4,92.0
2020-03-13T07:00:00,N,N4,97.0
2020-03-13T08:00:00,N,N4,100.00000000000004
2020-03-13T09:00:00,N,N4,119.99999999999996
2020-03-13T10:00:00,N,N4,122.00000000000004
2020-03-13T11:00:00,N,N4,131.99999999999997
2020-03-13T12:00:00,N,N4,131.99999999999997
2020-03-13T13:00:00,N,N4,131.99999999999997
2020-03-13T14:00:00,N,N4,138.99999999999997
2020-03-13T15:00:00,N,N4,133.0
2020-03-13T16:00:00,N,N4,131.99999999999997
2020-03-13T17:00:00,N,N4,122.99999999999994
2020-03-13T18:00:00,N,N4,118.08333333333331
2020-03-13T19:00:00,N,N4,118.25
2020-03-13T20:00:00,N,N4,113.16666666666664
2020-03-13T21:00:00,N,N4,103.08333333333331
2020-03-13T22:00:00,N,N4,135.00000000000003
2020-03-13T23:00:00,N,N4,119.00000000000004
2020-03-14T00:00:00,N,N4,108.99999999999989
2020-03-14T01:00:00,N,N4,108.99999999999996
2020-03-14T02:00:00,N,N4,94.0
2020-03-14T03:00:00,N,N4,90.0
2020-03-14T04:00:00,N,N4,88.99999999999999
2020-03-14T05:00:00,N,N4,88.99999999999999
2020-03-14T06:00:00,N,N4,92.0
2020-03-14T07:00:00,N,N4,98.00000000000004
2020-03-14T08:00:00,N,N4,110.99999999999996
2020-03-14T09:00:00,N,N4,116.0
2020-03-14T10:00:00,N,N4,122.00000000000004
2020-03-14T11:00:00,N,N4,128.99999999999997
2020-03-14T12:00:00,N,N4,121.00000000000004
2020-03-14T13:00:00,N,N4,125.00000000000004
2020-03-14T14:00:00,N,N4,127.0
2020-03-14T15:00:00,N,N4,116.0
2020-03-14T16:00:00,N,N4,116.0
2020-03-14T17:00:00,N,N4,115.0
2020-03-14T18:00:00,N,N4,116.0
2020-03-14T19:00:00,N,N4,142.00000000000003
2020-03-14T20:00:00,N,N4,141.00000000000003
2020-03-14T21:00:00,N,N4,126.0
2020-03-14T22:00:00,N,N4,116.0
2020-03-14T23:00:00,N,N4,105.99999999999996
2020-03-15T00:00:00,N,N4,101.00000000000004
2020-03-15T01:00:00,N,N4,96.0
2020-03-15T02:00:00,N,N4,88.00000000000003
2020-03-15T03:00:00,N,N4,81.00000000000003
2020-03-15T04:00:00,N,N4,81.00000000000003
2020-03-15T05:00:00,N,N4,81.00000000000003
2020-03-15T06:00:00,N,N4,79.99999999999997
2020-03-15T07:00:00,N,N4,79.99999999999997
2020-03-15T08:00:00,N,N4,87.0
2020-03-15T09:00:00,N,N4,87.0
2020-03-15T10:00:00,N,N4,100.00000000000004
2020-03-15T11:00:00,N,N4,100.00000000000004
2020-03-15T12:00:00,N,N4,92.0
2020-03-15T13:00:00,N,N4,92.0
2020-03-15T14:00:00,N,N4,103.0
2020-03-15T15:00:00,N,N4,93.00000000000004
2020-03-15T16:00:00,N,N4,93.00000000000004
2020-03-15T17:00:00,N,N4,88.00000000000003
2020-03-15T18:00:00,N,N4,98.00000000000004
2020-03-15T19:00:00,N,N4,103.0
2020-03-15T20:00:00,N,N4,131.99999999999997
2020-03-15T21:00:00,N,N4,119.99999999999996
2020-03-15T22:00:00,N,N4,110.00000000000004
2020-03-15T23:00:00,N,N4,100.00000000000004
2020-03-16T00:00:00,N,N4,95.0
2020-03-16T01:00:00,N,N4,85.99999999999997
2020-03-16T02:00:00,N,N4,83.99999999999999
2020-03-16T03:00:00,N,N4,81.00000000000003
2020-03-16T04:00:00,N,N4,81.00000000000003
2020-03-16T05:00:00,N,N4,85.99999999999997
2020-03-16T06:00:00,N,N4,90.0
2020-03-16T07:00:00,N,N4,87.0
2020-03-16T08:00:00,N,N4,100.00000000000004
2020-03-16T09:00:00,N,N4,104.0
2020-03-16T10:00:00,N,N4,108.00000000000004
2020-03-16T11:00:00,N,N4,131.99999999999997
2020-03-16T12:00:00,N,N4,128.99999999999997
2020-03-16T13:00:00,N,N4,127.99999999999996
2020-03-16T14:00:00,N,N4,131.99999999999997
2020-03-16T15:00:00,N,N4,133.99999999999997
2020-03-16T16:00:00,N,N4,127.0
2020-03-16T17:00:00,N,N4,122.99999999999994
2020-03-16T18:00:00,N,N4,121.00000000000004
2020-03-16T19:00:00,N,N4,128.99999999999997
2020-03-16T20:00:00,N,N4,156.0
2020-03-16T21:00:00,N,N4,147.99999999999994
2020-03-16T22:00:00,N,N4,135.00000000000003
2020-03-16T23:00:00,N,N4,119.00000000000004
2020-03-17T00:00:00,N,N4,100.00000000000004
2020-03-17T01:00:00,N,N4,94.0
2020-03-17T02:00:00,N,N4,88.9999999999999
2020-03-17T03:00:00,N,N4,79.99999999999997
2020-03-17T04:00:00,N,N4,79.99999999999997
2020-03-17T05:00:00,N,N4,79.99999999999997
2020-03-17T06:00:00,N,N4,90.99999999999996
2020-03-17T07:00:00,N,N4,90.99999999999996
2020-03-17T08:00:00,N,N4,94.0
2020-03-17T09:00:00,N,N4,101.99999999999996
2020-03-17T10:00:00,N,N4,105.99999999999996
2020-03-17T11:00:00,N,N4,128.99999999999997
2020-03-17T12:00:00,N,N4,127.0
2020-03-17T13:00:00,N,N4,127.99999999999996
2020-03-17T14:00:00,N,N4,131.99999999999997
2020-03-17T15:00:00,N,N4,127.0
2020-03-17T16:00:00,N,N4,121.00000000000004
2020-03-17T17:00:00,N,N4,122.00000000000004
2020-03-17T18:00:00,N,N4,122.00000000000004
2020-03-17T19:00:00,N,N4,156.99999999999994
2020-03-17T20:00:00,N,N4,156.99999999999994
2020-03-17T21:00:00,N,N4,130.99999999999994
2020-03-17T22:00:00,N,N4,129.99999999999997
2020-03-17T23:00:00,N,N4,111.99999999999996
2020-03-18T00:00:00,N,N4,100.00000000000004
2020-03-18T01:00:00,N,N4,92.0
2020-03-18T02:00:00,N,N4,93.00000000000004
2020-03-18T03:00:00,N,N4,93.00000000000004
2020-03-18T04:00:00,N,N4,87.0
2020-03-18T05:00:00,N,N4,87.0
2020-03-18T06:00:00,N,N4,96.0
2020-03-18T07:00:00,N,N4,96.0
2020-03-18T08:00:00,N,N4,106.99999999999996
2020-03-18T09:00:00,N,N4,103.0
2020-03-18T10:00:00,N,N4,93.00000000000004
2020-03-18T11:00:00,N,N4,99.0
2020-03-18T12:00:00,N,N4,88.99999999999999
2020-03-18T13:00:00,N,N4,78.0
2020-03-18T14:00:00,N,N4,78.0
2020-03-18T15:00:00,N,N4,79.99999999999997
2020-03-18T16:00:00,N,N4,83.99999999999999
2020-03-18T17:00:00,N,N4,88.00000000000003
2020-03-18T18:00:00,N,N4,90.0
2020-03-18T19:00:00,N,N4,110.00000000000004
2020-03-18T20:00:00,N,N4,100.00000000000004
2020-03-18T21:00:00,N,N4,85.00000000000001
2020-03-18T22:00:00,N,N4,77.00000000000001
2020-03-18T23:00:00,N,N4,66.99999999999997
2020-03-19T00:00:00,N,N4,66.99999999999997
2020-03-19T01:00:00,N,N4,62.00000000000001
2020-03-19T02:00:00,N,N4,62.00000000000001
2020-03-19T03:00:00,N,N4,62.00000000000001
2020-03-19T04:00:00,N,N4,62.00000000000001
2020-03-19T05:00:00,N,N4,62.00000000000001
2020-03-19T06:00:00,N,N4,71.0
2020-03-19T07:00:00,N,N4,79.0
2020-03-19T08:00:00,N,N4,90.99999999999996
2020-03-19T09:00:00,N,N4,90.0
2020-03-19T10:00:00,N,N4,101.99999999999996
2020-03-19T11:00:00,N,N4,117.00000000000004
2020-03-19T12:00:00,N,N4,100.00000000000004
2020-03-19T13:00:00,N,N4,90.99999999999996
2020-03-19T14:00:00,N,N4,98.00000000000004
2020-03-19T15:00:00,N,N4,97.0
2020-03-19T16:00:00,N,N4,95.0
2020-03-19T17:00:00,N,N4,99.0
2020-03-19T18:00:00,N,N4,102.00000000000004
2020-03-19T19:00:00,N,N4,124.00000000000004
2020-03-19T20:00:00,N,N4,113.00000000000004
2020-03-19T21:00:00,N,N4,103.0
2020-03-19T22:00:00,N,N4,85.00000000000001
2020-03-19T23:00:00,N,N4,77.00000000000001
2020-03-20T00:00:00,N,N4,72.0
2020-03-20T01:00:00,N,N4,64.99999999999999
2020-03-20T02:00:00,N,N4,62.00000000000001
2020-03-20T03:00:00,N,N4,62.00000000000001
2020-03-20T04:00:00,N,N4,62.000000000000064
2020-03-20T05:00:00,N,N4,62.00000000000001
2020-03-20T06:00:00,N,N4,72.0
2020-03-20T07:00:00,N,N4,74.00000000000003
2020-03-20T08:00:00,N,N4,88.99999999999999
2020-03-20T09:00:00,N,N4,83.99999999999999
2020-03-20T10:00:00,N,N4,94.0
2020-03-20T11:00:00,N,N4,100.00000000000004
2020-03-20T12:00:00,N,N4,83.99999999999999
2020-03-20T13:00:00,N,N4,77.00000000000001
2020-03-20T14:00:00,N,N4,88.99999999999999
2020-03-20T15:00:00,N,N4,93.00000000000004
2020-03-20T16:00:00,N,N4,97.0
2020-03-20T17:00:00,N,N4,96.0
2020-03-20T18:00:00,N,N4,100.00000000000004
2020-03-20T19:00:00,N,N4,129.99999999999997
2020-03-20T20:00:00,N,N4,111.99999999999996
2020-03-20T21:00:00,N,N4,100.00000000000004
2020-03-20T22:00:00,N,N4,88.99999999999999
2020-03-20T23:00:00,N,N4,81.00000000000003
2020-03-21T00:00:00,N,N4,76.0
2020-03-21T01:00:00,N,N4,76.0
2020-03-21T02:00:00,N,N4,70.00000000000003
2020-03-21T03:00:00,N,N4,64.99999999999999
2020-03-21T04:00:00,N,N4,59.99999999999999
2020-03-21T05:00:00,N,N4,59.99999999999999
2020-03-21T06:00:00,N,N4,71.0
2020-03-21T07:00:00,N,N4,83.00000000000003
2020-03-21T08:00:00,N,N4,85.99999999999997
2020-03-21T09:00:00,N,N4,96.0
2020-03-21T10:00:00,N,N4,97.0
2020-03-21T11:00:00,N,N4,110.99999999999996
2020-03-21T12:00:00,N,N4,98.00000000000004
2020-03-21T13:00:00,N,N4,90.0
2020-03-21T14:00:00,N,N4,85.00000000000001
2020-03-21T15:00:00,N,N4,85.00000000000001
2020-03-21T16:00:00,N,N4,77.00000000000001
2020-03-21T17:00:00,N,N4,85.00000000000001
2020-03-21T18:00:00,N,N4,97.0
2020-03-21T19:00:00,N,N4,125.00000000000004
2020-03-21T20:00:00,N,N4,100.00000000000004
2020-03-21T21:00:00,N,N4,88.00000000000003
2020-03-21T22:00:00,N,N4,78.0
2020-03-21T23:00:00,N,N4,72.99999999999999
2020-03-22T00:00:00,N,N4,68.00000000000001
2020-03-22T01:00:00,N,N4,61.00000000000001
2020-03-22T02:00:00,N,N4,57.99999999999999
2020-03-22T03:00:00,N,N4,56.00000000000002
2020-03-22T04:00:00,N,N4,56.00000000000002
2020-03-22T05:00:00,N,N4,56.00000000000002
2020-03-22T06:00:00,N,N4,71.0
2020-03-22T07:00:00,N,N4,71.0
2020-03-22T08:00:00,N,N4,77.00000000000009
2020-03-22T09:00:00,N,N4,87.0
2020-03-22T10:00:00,N,N4,96.99999999999991
2020-03-22T11:00:00,N,N4,94.0
2020-03-22T12:00:00,N,N4,88.99999999999999
2020-03-22T13:00:00,N,N4,95.0
2020-03-22T14:00:00,N,N4,92.0
2020-03-22T15:00:00,N,N4,79.99999999999997
2020-03-22T16:00:00,N,N4,79.99999999999997
2020-03-22T17:00:00,N,N4,87.0
2020-03-22T18:00:00,N,N4,117.00000000000004
2020-03-22T19:00:00,N,N4,104.99999999999996
2020-03-22T20:00:00,N,N4,87.0
2020-03-22T21:00:00,N,N4,83.99999999999999
2020-03-22T22:00:00,N,N4,78.0
2020-03-22T23:00:00,N,N4,72.99999999999999
2020-03-23T00:00:00,N,N4,69.00000000000001
2020-03-23T01:00:00,N,N4,69.00000000000001
2020-03-23T02:00:00,N,N4,66.99999999999997
2020-03-23T03:00:00,N,N4,64.99999999999999
2020-03-23T04:00:00,N,N4,64.99999999999999
2020-03-23T05:00:00,N,N4,64.99999999999999
2020-03-23T06:00:00,N,N4,74.99999999999997
2020-03-23T07:00:00,N,N4,78.0
2020-03-23T08:00:00,N,N4,85.99999999999997
2020-03-23T09:00:00,N,N4,103.0
2020-03-23T10:00:00,N,N4,104.99999999999996
2020-03-23T11:00:00,N,N4,108.00000000000004
2020-03-23T12:00:00,N,N4,100.00000000000004
2020-03-23T13:00:00,N,N4,104.99999999999996
2020-03-23T14:00:00,N,N4,108.99999999999996
2020-03-23T15:00:00,N,N4,104.99999999999996
2020-03-23T16:00:00,N,N4,104.99999999999996
2020-03-23T17:00:00,N,N4,106.99999999999996
2020-03-23T18:00:00,N,N4,114.00000000000004
2020-03-23T19:00:00,N,N4,129.99999999999997
2020-03-23T20:00:00,N,N4,115.0
2020-03-23T21:00:00,N,N4,92.0
2020-03-23T22:00:00,N,N4,85.99999999999997
2020-03-23T23:00:00,N,N4,81.00000000000003
2020-03-24T00:00:00,N,N4,76.0
2020-03-24T01:00:00,N,N4,71.0
2020-03-24T02:00:00,N,N4,65.99999999999997
2020-03-24T03:00:00,N,N4,65.99999999999997
2020-03-24T04:00:00,N,N4,65.99999999999997
2020-03-24T05:00:00,N,N4,65.99999999999997
2020-03-24T06:00:00,N,N4,77.00000000000001
2020-03-24T07:00:00,N,N4,83.00000000000003
2020-03-24T08:00:00,N,N4,88.00000000000003
2020-03-24T09:00:00,N,N4,88.00000000000003
2020-03-24T10:00:00,N,N4,98.00000000000004
2020-03-24T11:00:00,N,N4,100.00000000000004
2020-03-24T12:00:00,N,N4,90.0
2020-03-24T13:00:00,N,N4,85.99999999999997
2020-03-24T14:00:00,N,N4,93.00000000000004
2020-03-24T15:00:00,N,N4,96.0
2020-03-24T16:00:00,N,N4,100.00000000000004
2020-03-24T17:00:00,N,N4,104.0
2020-03-24T18:00:00,N,N4,118.00000000000004
2020-03-24T19:00:00,N,N4,122.00000000000004
2020-03-24T20:00:00,N,N4,103.0
2020-03-24T21:00:00,N,N4,88.00000000000003
2020-03-24T22:00:00,N,N4,83.00000000000003
2020-03-24T23:00:00,N,N4,78.0
2020-03-25T00:00:00,N,N4,72.99999999999999
2020-03-25T01:00:00,N,N4,71.0
2020-03-25T02:00:00,N,N4,68.00000000000001
2020-03-25T03:00:00,N,N4,62.99999999999999
2020-03-25T04:00:00,N,N4,62.99999999999999
2020-03-25T05:00:00,N,N4,62.99999999999999
2020-03-25T06:00:00,N,N4,77.00000000000001
2020-03-25T07:00:00,N,N4,85.00000000000001
2020-03-25T08:00:00,N,N4,88.00000000000003
2020-03-25T09:00:00,N,N4,87.0
2020-03-25T10:00:00,N,N4,100.00000000000004
2020-03-25T11:00:00,N,N4,111.99999999999996
2020-03-25T12:00:00,N,N4,95.0
2020-03-25T13:00:00,N,N4,95.0
2020-03-25T14:00:00,N,N4,103.0
2020-03-25T15:00:00,N,N4,95.0
2020-03-25T16:00:00,N,N4,98.00000000000004
2020-03-25T17:00:00,N,N4,95.0
2020-03-25T18:00:00,N,N4,127.99999999999996
2020-03-25T19:00:00,N,N4,128.99999999999997
2020-03-25T20:00:00,N,N4,111.99999999999996
2020-03-25T21:00:00,N,N4,85.00000000000001
2020-03-25T22:00:00,N,N4,79.0
2020-03-25T23:00:00,N,N4,74.00000000000003
2020-03-26T00:00:00,N,N4,69.00000000000001
2020-03-26T01:00:00,N,N4,63.99999999999998
2020-03-26T02:00:00,N,N4,63.99999999999998
2020-03-26T03:00:00,N,N4,63.99999999999998
2020-03-26T04:00:00,N,N4,62.00000000000001
2020-03-26T05:00:00,N,N4,66.99999999999997
2020-03-26T06:00:00,N,N4,66.99999999999997
2020-03-26T07:00:00,N,N4,78.0
2020-03-26T08:00:00,N,N4,93.00000000000004
2020-03-26T09:00:00,N,N4,98.00000000000004
2020-03-26T10:00:00,N,N4,108.00000000000004
2020-03-26T11:00:00,N,N4,113.00000000000004
2020-03-26T12:00:00,N,N4,93.00000000000004
2020-03-26T13:00:00,N,N4,95.0
2020-03-26T14:00:00,N,N4,103.0
2020-03-26T15:00:00,N,N4,95.0
2020-03-26T16:00:00,N,N4,99.0
2020-03-26T17:00:00,N,N4,98.00000000000004
2020-03-26T18:00:00,N,N4,114.00000000000004
2020-03-26T19:00:00,N,N4,124.00000000000004
2020-03-26T20:00:00,N,N4,101.99999999999996
2020-03-26T21:00:00,N,N4,88.00000000000003
2020-03-26T22:00:00,N,N4,83.00000000000003
2020-03-26T23:00:00,N,N4,74.99999999999997
2020-03-27T00:00:00,N,N4,74.99999999999997
2020-03-27T01:00:00,N,N4,69.00000000000001
2020-03-27T02:00:00,N,N4,69.00000000000001
2020-03-27T03:00:00,N,N4,63.99999999999998
2020-03-27T04:00:00,N,N4,63.99999999999998
2020-03-27T05:00:00,N,N4,63.99999999999998
2020-03-27T06:00:00,N,N4,74.00000000000003
2020-03-27T07:00:00,N,N4,88.99999999999999
2020-03-27T08:00:00,N,N4,90.99999999999996
2020-03-27T09:00:00,N,N4,98.00000000000004
2020-03-27T10:00:00,N,N4,98.00000000000004
2020-03-27T11:00:00,N,N4,115.0
2020-03-27T12:00:00,N,N4,103.0
2020-03-27T13:00:00,N,N4,96.0
2020-03-27T14:00:00,N,N4,94.0
2020-03-27T15:00:00,N,N4,96.0
2020-03-27T16:00:00,N,N4,90.0
2020-03-27T17:00:00,N,N4,106.99999999999996
2020-03-27T18:00:00,N,N4,131.99999999999997
2020-03-27T19:00:00,N,N4,127.99999999999996
2020-03-27T20:00:00,N,N4,111.99999999999996
2020-03-27T21:00:00,N,N4,101.99999999999996
2020-03-27T22:00:00,N,N4,88.99999999999999
2020-03-27T23:00:00,N,N4,79.99999999999997
2020-03-28T00:00:00,N,N4,66.99999999999997
2020-03-28T01:00:00,N,N4,66.99999999999997
2020-03-28T02:00:00,N,N4,66.99999999999997
2020-03-28T03:00:00,N,N4,66.99999999999997
2020-03-28T04:00:00,N,N4,62.00000000000001
2020-03-28T05:00:00,N,N4,66.99999999999997
2020-03-28T06:00:00,N,N4,72.99999999999999
2020-03-28T07:00:00,N,N4,81.00000000000003
2020-03-28T08:00:00,N,N4,96.0
2020-03-28T09:00:00,N,N4,96.0
2020-03-28T10:00:00,N,N4,100.00000000000004
2020-03-28T11:00:00,N,N4,101.00000000000004
2020-03-28T12:00:00,N,N4,94.0
2020-03-28T13:00:00,N,N4,88.00000000000003
2020-03-28T14:00:00,N,N4,74.99999999999997
2020-03-28T15:00:00,N,N4,78.0
2020-03-28T16:00:00,N,N4,78.0
2020-03-28T17:00:00,N,N4,83.00000000000003
2020-03-28T18:00:00,N,N4,108.99999999999989
2020-03-28T19:00:00,N,N4,94.0
2020-03-28T20:00:00,N,N4,82.00000000000001
2020-03-28T21:00:00,N,N4,81.99999999999994
2020-03-28T22:00:00,N,N4,62.00000000000001
2020-03-28T23:00:00,N,N4,55.000000000000014
2020-03-29T00:00:00,N,N4,55.000000000000014
2020-03-29T01:00:00,N,N4,52.00000000000001
2020-03-29T02:00:00,N,N4,52.00000000000001
2020-03-29T03:00:00,N,N4,54.00000000000001
2020-03-29T04:00:00,N,N4,54.00000000000001
2020-03-29T05:00:00,N,N4,55.000000000000014
2020-03-29T06:00:00,N,N4,68.00000000000001
2020-03-29T07:00:00,N,N4,68.00000000000001
2020-03-29T08:00:00,N,N4,87.0
2020-03-29T09:00:00,N,N4,92.0
2020-03-29T10:00:00,N,N4,103.0
2020-03-29T11:00:00,N,N4,103.0
2020-03-29T12:00:00,N,N4,93.00000000000004
2020-03-29T13:00:00,N,N4,93.00000000000004
2020-03-29T14:00:00,N,N4,93.00000000000004
2020-03-29T15:00:00,N,N4,79.99999999999997
2020-03-29T16:00:00,N,N4,79.99999999999997
2020-03-29T17:00:00,N,N4,87.0
2020-03-29T18:00:00,N,N4,125.00000000000004
2020-03-29T19:00:00,N,N4,111.99999999999996
2020-03-29T20:00:00,N,N4,100.00000000000004
2020-03-29T21:00:00,N,N4,99.0
2020-03-29T22:00:00,N,N4,90.99999999999996
2020-03-29T23:00:00,N,N4,87.0
2020-03-30T00:00:00,N,N4,82.00000000000001
2020-03-30T01:00:00,N,N4,77.00000000000001
2020-03-30T02:00:00,N,N4,74.99999999999997
2020-03-30T03:00:00,N,N4,72.0
2020-03-30T04:00:00,N,N4,72.0
2020-03-30T05:00:00,N,N4,72.0
2020-03-30T06:00:00,N,N4,83.00000000000003
2020-03-30T07:00:00,N,N4,93.00000000000004
2020-03-30T08:00:00,N,N4,96.0
2020-03-30T09:00:00,N,N4,101.99999999999996
2020-03-30T10:00:00,N,N4,115.0
2020-03-30T11:00:00,N,N4,122.99999999999994
2020-03-30T12:00:00,N,N4,119.99999999999996
2020-03-30T13:00:00,N,N4,122.00000000000004
2020-03-30T14:00:00,N,N4,125.00000000000004
2020-03-30T15:00:00,N,N4,116.0
2020-03-30T16:00:00,N,N4,113.00000000000004
2020-03-30T17:00:00,N,N4,104.99999999999996
2020-03-30T18:00:00,N,N4,130.99999999999994
2020-03-30T19:00:00,N,N4,127.99999999999996
2020-03-30T20:00:00,N,N4,114.00000000000004
2020-03-30T21:00:00,N,N4,98.00000000000004
2020-03-30T22:00:00,N,N4,93.00000000000004
2020-03-30T23:00:00,N,N4,88.00000000000003
2020-03-31T00:00:00,N,N4,78.0
2020-03-31T01:00:00,N,N4,74.99999999999997
2020-03-31T02:00:00,N,N4,72.0
2020-03-31T03:00:00,N,N4,72.0
2020-03-31T04:00:00,N,N4,70.00000000000003
2020-03-31T05:00:00,N,N4,70.00000000000003
2020-03-31T06:00:00,N,N4,79.99999999999997
2020-03-31T07:00:00,N,N4,88.00000000000003
2020-03-31T08:00:00,N,N4,95.0
2020-03-31T09:00:00,N,N4,106.99999999999996
2020-03-31T10:00:00,N,N4,113.00000000000004
2020-03-31T11:00:00,N,N4,127.99999999999996
2020-03-31T12:00:00,N,N4,111.99999999999996
2020-03-31T13:00:00,N,N4,118.00000000000004
2020-03-31T14:00:00,N,N4,114.00000000000004
2020-03-31T15:00:00,N,N4,113.00000000000004
2020-03-31T16:00:00,N,N4,108.99999999999996
2020-03-31T17:00:00,N,N4,103.0
2020-03-31T18:00:00,N,N4,130.99999999999994
2020-03-31T19:00:00,N,N4,127.99999999999996
2020-03-31T20:00:00,N,N4,110.99999999999996
2020-03-31T21:00:00,N,N4,100.00000000000004
2020-03-31T22:00:00,N,N4,87.0
2020-03-31T23:00:00,N,N4,79.99999999999997
2020-04-01T00:00:00,N,N4,74.99999999999997
2020-04-01T01:00:00,N,N4,66.99999999999997
2020-04-01T02:00:00,N,N4,66.99999999999997
2020-04-01T03:00:00,N,N4,66.99999999999997
2020-04-01T04:00:00,N,N4,66.99999999999997
2020-04-01T05:00:00,N,N4,74.99999999999997
2020-04-01T06:00:00,N,N4,82.00000000000001
2020-04-01T07:00:00,N,N4,90.0
2020-04-01T08:00:00,N,N4,101.00000000000004
2020-04-01T09:00:00,N,N4,101.99999999999996
2020-04-01T10:00:00,N,N4,113.00000000000004
2020-04-01T11:00:00,N,N4,116.0
2020-04-01T12:00:00,N,N4,117.00000000000004
2020-04-01T13:00:00,N,N4,118.00000000000004
2020-04-01T14:00:00,N,N4,121.00000000000004
2020-04-01T15:00:00,N,N4,119.00000000000004
2020-04-01T16:00:00,N,N4,110.99999999999996
2020-04-01T17:00:00,N,N4,111.99999999999996
2020-04-01T18:00:00,N,N4,152.99999999999997
2020-04-01T19:00:00,N,N4,146.99999999999997
2020-04-01T20:00:00,N,N4,131.99999999999997
2020-04-01T21:00:00,N,N4,118.00000000000004
2020-04-01T22:00:00,N,N4,104.99999999999989
2020-04-01T23:00:00,N,N4,92.0
2020-04-02T00:00:00,N,N4,87.0
2020-04-02T01:00:00,N,N4,87.0
2020-04-02T02:00:00,N,N4,79.99999999999997
2020-04-02T03:00:00,N,N4,79.99999999999997
2020-04-02T04:00:00,N,N4,79.99999999999997
2020-04-02T05:00:00,N,N4,79.99999999999997
2020-04-02T06:00:00,N,N4,93.00000000000004
2020-04-02T07:00:00,N,N4,98.00000000000004
2020-04-02T08:00:00,N,N4,103.0
2020-04-02T09:00:00,N,N4,104.0
2020-04-02T10:00:00,N,N4,110.99999999999996
2020-04-02T11:00:00,N,N4,106.99999999999996
2020-04-02T12:00:00,N,N4,93.00000000000004
2020-04-02T13:00:00,N,N4,90.0
2020-04-02T14:00:00,N,N4,90.0
2020-04-02T15:00:00,N,N4,88.00000000000003
2020-04-02T16:00:00,N,N4,85.00000000000001
2020-04-02T17:00:00,N,N4,106.99999999999996
2020-04-02T18:00:00,N,N4,118.00000000000004
2020-04-02T19:00:00,N,N4,96.99999999999991
2020-04-02T20:00:00,N,N4,87.0
2020-04-02T21:00:00,N,N4,66.99999999999997
2020-04-02T22:00:00,N,N4,62.00000000000001
2020-04-02T23:00:00,N,N4,55.000000000000014
2020-04-03T00:00:00,N,N4,54.00000000000001
2020-04-03T01:00:00,N,N4,55.000000000000014
2020-04-03T02:00:00,N,N4,46.99999999999999
2020-04-03T03:00:00,N,N4,46.99999999999999
2020-04-03T04:00:00,N,N4,46.99999999999999
2020-04-03T05:00:00,N,N4,52.00000000000001
2020-04-03T06:00:00,N,N4,66.99999999999997
2020-04-03T07:00:00,N,N4,76.0
2020-04-03T08:00:00,N,N4,88.00000000000003
2020-04-03T09:00:00,N,N4,92.0
2020-04-03T10:00:00,N,N4,97.0
2020-04-03T11:00:00,N,N4,100.00000000000004
2020-04-03T12:00:00,N,N4,82.00000000000001
2020-04-03T13:00:00,N,N4,71.0
2020-04-03T14:00:00,N,N4,82.00000000000001
2020-04-03T15:00:00,N,N4,79.99999999999997
2020-04-03T16:00:00,N,N4,83.00000000000003
2020-04-03T17:00:00,N,N4,125.00000000000004
2020-04-03T18:00:00,N,N4,125.00000000000004
2020-04-03T19:00:00,N,N4,103.0
2020-04-03T20:00:00,N,N4,81.00000000000003
2020-04-03T21:00:00,N,N4,64.99999999999999
2020-04-03T22:00:00,N,N4,64.99999999999999
2020-04-03T23:00:00,N,N4,59.99999999999999
2020-04-04T00:00:00,N,N4,55.000000000000014
2020-04-04T01:00:00,N,N4,55.000000000000014
2020-04-04T02:00:00,N,N4,55.000000000000014
2020-04-04T03:00:00,N,N4,55.000000000000014
2020-04-04T04:00:00,N,N4,55.000000000000014
2020-04-04T05:00:00,N,N4,55.000000000000014
2020-04-04T06:00:00,N,N4,62.00000000000001
2020-04-04T07:00:00,N,N4,70.00000000000003
2020-04-04T08:00:00,N,N4,74.00000000000003
2020-04-04T09:00:00,N,N4,79.99999999999997
2020-04-04T10:00:00,N,N4,94.0
2020-04-04T11:00:00,N,N4,90.0
2020-04-04T12:00:00,N,N4,77.00000000000001
2020-04-04T13:00:00,N,N4,72.99999999999999
2020-04-04T14:00:00,N,N4,74.99999999999997
2020-04-04T15:00:00,N,N4,81.00000000000003
2020-04-04T16:00:00,N,N4,94.0
2020-04-04T17:00:00,N,N4,94.0
2020-04-04T18:00:00,N,N4,122.00000000000004
2020-04-04T19:00:00,N,N4,90.0
2020-04-04T20:00:00,N,N4,79.99999999999997
2020-04-04T21:00:00,N,N4,70.00000000000003
2020-04-04T22:00:00,N,N4,65.99999999999997
2020-04-04T23:00:00,N,N4,52.00000000000001
2020-04-05T00:00:00,N,N4,55.000000000000014
2020-04-05T01:00:00,N,N4,49.99999999999999
2020-04-05T02:00:00,N,N4,49.99999999999999
2020-04-05T03:00:00,N,N4,49.99999999999999
2020-04-05T04:00:00,N,N4,49.99999999999999
2020-04-05T05:00:00,N,N4,49.99999999999999
2020-04-05T06:00:00,N,N4,61.00000000000001
2020-04-05T07:00:00,N,N4,65.99999999999997
2020-04-05T08:00:00,N,N4,70.00000000000003
2020-04-05T09:00:00,N,N4,81.00000000000003
2020-04-05T10:00:00,N,N4,90.99999999999996
2020-04-05T11:00:00,N,N4,92.0
2020-04-05T12:00:00,N,N4,92.0
2020-04-05T13:00:00,N,N4,77.00000000000001
2020-04-05T14:00:00,N,N4,72.0
2020-04-05T15:00:00,N,N4,64.99999999999999
2020-04-05T16:00:00,N,N4,72.0
2020-04-05T17:00:00,N,N4,77.00000000000001
2020-04-05T18:00:00,N,N4,110.00000000000004
2020-04-05T19:00:00,N,N4,92.0
2020-04-05T20:00:00,N,N4,87.0
2020-04-05T21:00:00,N,N4,79.99999999999997
2020-04-05T22:00:00,N,N4,79.99999999999997
2020-04-05T23:00:00,N,N4,74.99999999999997
2020-04-06T00:00:00,N,N4,70.00000000000003
2020-04-06T01:00:00,N,N4,69.00000000000001
2020-04-06T02:00:00,N,N4,64.99999999999999
2020-04-06T03:00:00,N,N4,64.99999999999999
2020-04-06T04:00:00,N,N4,64.99999999999999
2020-04-06T05:00:00,N,N4,64.99999999999999
2020-04-06T06:00:00,N,N4,70.00000000000003
2020-04-06T07:00:00,N,N4,66.99999999999997
2020-04-06T08:00:00,N,N4,69.00000000000001
2020-04-06T09:00:00,N,N4,74.00000000000003
2020-04-06T10:00:00,N,N4,79.99999999999997
2020-04-06T11:00:00,N,N4,83.00000000000003
2020-04-06T12:00:00,N,N4,72.0
2020-04-06T13:00:00,N,N4,71.0
2020-04-06T14:00:00,N,N4,72.0
2020-04-06T15:00:00,N,N4,72.0
2020-04-06T16:00:00,N,N4,72.99999999999999
2020-04-06T17:00:00,N,N4,88.00000000000003
2020-04-06T18:00:00,N,N4,115.0
2020-04-06T19:00:00,N,N4,88.00000000000003
2020-04-06T20:00:00,N,N4,72.0
2020-04-06T21:00:00,N,N4,62.00000000000001
2020-04-06T22:00:00,N,N4,62.00000000000001
2020-04-06T23:00:00,N,N4,57.00000000000001
2020-04-07T00:00:00,N,N4,57.00000000000001
2020-04-07T01:00:00,N,N4,57.00000000000001
2020-04-07T02:00:00,N,N4,52.00000000000001
2020-04-07T03:00:00,N,N4,52.00000000000001
2020-04-07T04:00:00,N,N4,52.00000000000001
2020-04-07T05:00:00,N,N4,57.00000000000001
2020-04-07T06:00:00,N,N4,57.00000000000001
2020-04-07T07:00:00,N,N4,64.99999999999999
2020-04-07T08:00:00,N,N4,77.00000000000001
2020-04-07T09:00:00,N,N4,79.0
2020-04-07T10:00:00,N,N4,94.0
2020-04-07T11:00:00,N,N4,96.0
2020-04-07T12:00:00,N,N4,77.00000000000001
2020-04-07T13:00:00,N,N4,61.00000000000001
2020-04-07T14:00:00,N,N4,65.99999999999997
2020-04-07T15:00:00,N,N4,68.00000000000001
2020-04-07T16:00:00,N,N4,78.0
2020-04-07T17:00:00,N,N4,88.99999999999999
2020-04-07T18:00:00,N,N4,116.0
2020-04-07T19:00:00,N,N4,96.0
2020-04-07T20:00:00,N,N4,79.99999999999997
2020-04-07T21:00:00,N,N4,64.99999999999999
2020-04-07T22:00:00,N,N4,59.99999999999999
2020-04-07T23:00:00,N,N4,55.000000000000014
2020-04-08T00:00:00,N,N4,55.000000000000014
2020-04-08T01:00:00,N,N4,55.000000000000014
2020-04-08T02:00:00,N,N4,55.000000000000014
2020-04-08T03:00:00,N,N4,55.000000000000014
2020-04-08T04:00:00,N,N4,55.000000000000014
2020-04-08T05:00:00,N,N4,59.99999999999999
2020-04-08T06:00:00,N,N4,64.99999999999999
2020-04-08T07:00:00,N,N4,68.00000000000001
2020-04-08T08:00:00,N,N4,76.0
2020-04-08T09:00:00,N,N4,74.99999999999997
2020-04-08T10:00:00,N,N4,79.99999999999997
2020-04-08T11:00:00,N,N4,79.99999999999997
2020-04-08T12:00:00,N,N4,68.00000000000001
2020-04-08T13:00:00,N,N4,64.99999999999999
2020-04-08T14:00:00,N,N4,64.99999999999999
2020-04-08T15:00:00,N,N4,63.99999999999998
2020-04-08T16:00:00,N,N4,69.00000000000001
2020-04-08T17:00:00,N,N4,82.00000000000001
2020-04-08T18:00:00,N,N4,116.0
2020-04-08T19:00:00,N,N4,92.0
2020-04-08T20:00:00,N,N4,78.0
2020-04-08T21:00:00,N,N4,62.99999999999999
2020-04-08T22:00:00,N,N4,62.99999999999999
2020-04-08T23:00:00,N,N4,57.99999999999999
2020-04-09T00:00:00,N,N4,57.99999999999999
2020-04-09T01:00:00,N,N4,53.00000000000001
2020-04-09T02:00:00,N,N4,53.00000000000001
2020-04-09T03:00:00,N,N4,53.00000000000001
2020-04-09T04:00:00,N,N4,53.00000000000001
2020-04-09T05:00:00,N,N4,53.00000000000001
2020-04-09T06:00:00,N,N4,59.99999999999999
2020-04-09T07:00:00,N,N4,64.99999999999999
2020-04-09T08:00:00,N,N4,70.00000000000003
2020-04-09T09:00:00,N,N4,76.0
2020-04-09T10:00:00,N,N4,79.0
2020-04-09T11:00:00,N,N4,88.00000000000003
2020-04-09T12:00:00,N,N4,76.0
2020-04-09T13:00:00,N,N4,66.99999999999997
2020-04-09T14:00:00,N,N4,63.99999999999998
2020-04-09T15:00:00,N,N4,63.99999999999998
2020-04-09T16:00:00,N,N4,65.99999999999997
2020-04-09T17:00:00,N,N4,81.00000000000003
2020-04-09T18:00:00,N,N4,116.0
2020-04-09T19:00:00,N,N4,92.0
2020-04-09T20:00:00,N,N4,72.0
2020-04-09T21:00:00,N,N4,66.99999999999997
2020-04-09T22:00:00,N,N4,57.00000000000001
2020-04-09T23:00:00,N,N4,57.00000000000001
2020-04-10T00:00:00,N,N4,52.00000000000001
2020-04-10T01:00:00,N,N4,52.00000000000001
2020-04-10T02:00:00,N,N4,52.00000000000001
2020-04-10T03:00:00,N,N4,52.00000000000001
2020-04-10T04:00:00,N,N4,52.00000000000001
2020-04-10T05:00:00,N,N4,52.00000000000001
2020-04-10T06:00:00,N,N4,52.00000000000001
2020-04-10T07:00:00,N,N4,64.99999999999999
2020-04-10T08:00:00,N,N4,59.99999999999999
2020-04-10T09:00:00,N,N4,59.99999999999999
2020-04-10T10:00:00,N,N4,59.99999999999999
2020-04-10T11:00:00,N,N4,59.99999999999999
2020-04-10T12:00:00,N,N4,52.00000000000001
2020-04-10T13:00:00,N,N4,52.00000000000001
2020-04-10T14:00:00,N,N4,49.99999999999999
2020-04-10T15:00:00,N,N4,55.000000000000014
2020-04-10T16:00:00,N,N4,59.99999999999999
2020-04-10T17:00:00,N,N4,74.99999999999997
2020-04-10T18:00:00,N,N4,96.0
2020-04-10T19:00:00,N,N4,76.0
2020-04-10T20:00:00,N,N4,71.0
2020-04-10T21:00:00,N,N4,65.99999999999997
2020-04-10T22:00:00,N,N4,61.00000000000001
2020-04-10T23:00:00,N,N4,61.00000000000001
2020-04-11T00:00:00,N,N4,61.00000000000001
2020-04-11T01:00:00,N,N4,51.00000000000002
2020-04-11T02:00:00,N,N4,49.99999999999999
2020-04-11T03:00:00,N,N4,49.99999999999999
2020-04-11T04:00:00,N,N4,49.99999999999999
2020-04-11T05:00:00,N,N4,49.99999999999999
2020-04-11T06:00:00,N,N4,56.00000000000002
2020-04-11T07:00:00,N,N4,65.99999999999997
2020-04-11T08:00:00,N,N4,72.0
2020-04-11T09:00:00,N,N4,77.00000000000001
2020-04-11T10:00:00,N,N4,83.00000000000003
2020-04-11T11:00:00,N,N4,88.00000000000003
2020-04-11T12:00:00,N,N4,83.00000000000003
2020-04-11T13:00:00,N,N4,68.00000000000001
2020-04-11T14:00:00,N,N4,68.00000000000001
2020-04-11T15:00:00,N,N4,68.00000000000001
2020-04-11T16:00:00,N,N4,70.00000000000003
2020-04-11T17:00:00,N,N4,87.0
2020-04-11T18:00:00,N,N4,113.00000000000004
2020-04-11T19:00:00,N,N4,88.00000000000003
2020-04-11T20:00:00,N,N4,72.99999999999999
2020-04-11T21:00:00,N,N4,68.00000000000001
2020-04-11T22:00:00,N,N4,62.99999999999999
2020-04-11T23:00:00,N,N4,57.99999999999999
2020-04-12T00:00:00,N,N4,57.99999999999999
2020-04-12T01:00:00,N,N4,53.00000000000001
2020-04-12T02:00:00,N,N4,53.00000000000001
2020-04-12T03:00:00,N,N4,53.00000000000001
2020-04-12T04:00:00,N,N4,53.00000000000001
2020-04-12T05:00:00,N,N4,53.00000000000001
2020-04-12T06:00:00,N,N4,57.99999999999999
2020-04-12T07:00:00,N,N4,62.99999999999999
2020-04-12T08:00:00,N,N4,63.99999999999998
2020-04-12T09:00:00,N,N4,69.00000000000001
2020-04-12T10:00:00,N,N4,74.00000000000003
2020-04-12T11:00:00,N,N4,74.00000000000003
2020-04-12T12:00:00,N,N4,63.99999999999998
2020-04-12T13:00:00,N,N4,59.99999999999999
2020-04-12T14:00:00,N,N4,59.99999999999999
2020-04-12T15:00:00,N,N4,54.00000000000001
2020-04-12T16:00:00,N,N4,57.99999999999999
2020-04-12T17:00:00,N,N4,104.0
2020-04-12T18:00:00,N,N4,104.0
2020-04-12T19:00:00,N,N4,83.99999999999999
2020-04-12T20:00:00,N,N4,69.00000000000001
2020-04-12T21:00:00,N,N4,59.99999999999999
2020-04-12T22:00:00,N,N4,52.00000000000001
2020-04-12T23:00:00,N,N4,48.00000000000001
2020-04-13T00:00:00,N,N4,48.00000000000001
2020-04-13T01:00:00,N,N4,46.99999999999999
2020-04-13T02:00:00,N,N4,46.99999999999999
2020-04-13T03:00:00,N,N4,46.99999999999999
2020-04-13T04:00:00,N,N4,46.99999999999999
2020-04-13T05:00:00,N,N4,52.00000000000001
2020-04-13T06:00:00,N,N4,62.99999999999999
2020-04-13T07:00:00,N,N4,66.99999999999997
2020-04-13T08:00:00,N,N4,81.00000000000003
2020-04-13T09:00:00,N,N4,82.00000000000001
2020-04-13T10:00:00,N,N4,90.99999999999996
2020-04-13T11:00:00,N,N4,101.00000000000004
2020-04-13T12:00:00,N,N4,82.00000000000001
2020-04-13T13:00:00,N,N4,77.00000000000001
2020-04-13T14:00:00,N,N4,82.00000000000001
2020-04-13T15:00:00,N,N4,79.99999999999997
2020-04-13T16:00:00,N,N4,82.00000000000001
2020-04-13T17:00:00,N,N4,127.99999999999996
2020-04-13T18:00:00,N,N4,127.0
2020-04-13T19:00:00,N,N4,94.0
2020-04-13T20:00:00,N,N4,79.0
2020-04-13T21:00:00,N,N4,68.00000000000001
2020-04-13T22:00:00,N,N4,55.000000000000014
2020-04-13T23:00:00,N,N4,55.000000000000014
2020-04-14T00:00:00,N,N4,46.99999999999999
2020-04-14T01:00:00,N,N4,46.99999999999999
2020-04-14T02:00:00,N,N4,46.99999999999999
2020-04-14T03:00:00,N,N4,46.99999999999999
2020-04-14T04:00:00,N,N4,46.99999999999999
2020-04-14T05:00:00,N,N4,52.00000000000001
2020-04-14T06:00:00,N,N4,64.99999999999999
2020-04-14T07:00:00,N,N4,61.00000000000001
2020-04-14T08:00:00,N,N4,77.00000000000001
2020-04-14T09:00:00,N,N4,79.99999999999997
2020-04-14T10:00:00,N,N4,85.00000000000001
2020-04-14T11:00:00,N,N4,93.00000000000004
2020-04-14T12:00:00,N,N4,71.0
2020-04-14T13:00:00,N,N4,64.99999999999999
2020-04-14T14:00:00,N,N4,70.00000000000003
2020-04-14T15:00:00,N,N4,69.00000000000001
2020-04-14T16:00:00,N,N4,72.0
2020-04-14T17:00:00,N,N4,111.99999999999996
2020-04-14T18:00:00,N,N4,124.00000000000004
2020-04-14T19:00:00,N,N4,97.0
2020-04-14T20:00:00,N,N4,82.00000000000001
2020-04-14T21:00:00,N,N4,64.99999999999999
2020-04-14T22:00:00,N,N4,64.99999999999999
2020-04-14T23:00:00,N,N4,52.00000000000001
2020-04-15T00:00:00,N,N4,52.00000000000001
2020-04-15T01:00:00,N,N4,46.99999999999999
2020-04-15T02:00:00,N,N4,46.99999999999999
2020-04-15T03:00:00,N,N4,46.99999999999999
2020-04-15T04:00:00,N,N4,46.99999999999999
2020-04-15T05:00:00,N,N4,52.00000000000001
2020-04-15T06:00:00,N,N4,66.99999999999997
2020-04-15T07:00:00,N,N4,66.99999999999997
2020-04-15T08:00:00,N,N4,74.00000000000003
2020-04-15T09:00:00,N,N4,82.00000000000001
2020-04-15T10:00:00,N,N4,81.00000000000003
2020-04-15T11:00:00,N,N4,87.0
2020-04-15T12:00:00,N,N4,70.00000000000003
2020-04-15T13:00:00,N,N4,62.99999999999999
2020-04-15T14:00:00,N,N4,64.99999999999999
2020-04-15T15:00:00,N,N4,64.99999999999999
2020-04-15T16:00:00,N,N4,72.99999999999999
2020-04-15T17:00:00,N,N4,116.0
2020-04-15T18:00:00,N,N4,125.00000000000004
2020-04-15T19:00:00,N,N4,93.00000000000004
2020-04-15T20:00:00,N,N4,74.99999999999997
2020-04-15T21:00:00,N,N4,64.99999999999999
2020-04-15T22:00:00,N,N4,59.99999999999999
2020-04-15T23:00:00,N,N4,61.00000000000001
2020-04-16T00:00:00,N,N4,56.00000000000002
2020-04-16T01:00:00,N,N4,56.00000000000002
2020-04-16T02:00:00,N,N4,56.00000000000002
2020-04-16T03:00:00,N,N4,56.00000000000002
2020-04-16T04:00:00,N,N4,56.00000000000002
2020-04-16T05:00:00,N,N4,59.99999999999999
2020-04-16T06:00:00,N,N4,71.0
2020-04-16T07:00:00,N,N4,72.99999999999999
2020-04-16T08:00:00,N,N4,94.0
2020-04-16T09:00:00,N,N4,90.0
2020-04-16T10:00:00,N,N4,92.0
2020-04-16T11:00:00,N,N4,101.99999999999996
2020-04-16T12:00:00,N,N4,78.0
2020-04-16T13:00:00,N,N4,72.0
2020-04-16T14:00:00,N,N4,72.99999999999999
2020-04-16T15:00:00,N,N4,78.0
2020-04-16T16:00:00,N,N4,87.0
2020-04-16T17:00:00,N,N4,96.0
2020-04-16T18:00:00,N,N4,126.0
2020-04-16T19:00:00,N,N4,96.0
2020-04-16T20:00:00,N,N4,74.99999999999997
2020-04-16T21:00:00,N,N4,70.00000000000003
2020-04-16T22:00:00,N,N4,64.99999999999999
2020-04-16T23:00:00,N,N4,59.99999999999999
2020-04-17T00:00:00,N,N4,49.99999999999999
2020-04-17T01:00:00,N,N4,49.99999999999999
2020-04-17T02:00:00,N,N4,49.99999999999999
2020-04-17T03:00:00,N,N4,49.99999999999999
2020-04-17T04:00:00,N,N4,52.00000000000001
2020-04-17T05:00:00,N,N4,59.99999999999999
2020-04-17T06:00:00,N,N4,71.0
2020-04-17T07:00:00,N,N4,72.0
2020-04-17T08:00:00,N,N4,88.00000000000003
2020-04-17T09:00:00,N,N4,88.00000000000003
2020-04-17T10:00:00,N,N4,99.0
2020-04-17T11:00:00,N,N4,104.99999999999996
2020-04-17T12:00:00,N,N4,78.0
2020-04-17T13:00:00,N,N4,72.0
2020-04-17T14:00:00,N,N4,81.00000000000003
2020-04-17T15:00:00,N,N4,78.0
2020-04-17T16:00:00,N,N4,83.99999999999999
2020-04-17T17:00:00,N,N4,100.00000000000004
2020-04-17T18:00:00,N,N4,130.99999999999994
2020-04-17T19:00:00,N,N4,94.0
2020-04-17T20:00:00,N,N4,66.99999999999997
2020-04-17T21:00:00,N,N4,66.99999999999997
2020-04-17T22:00:00,N,N4,57.00000000000001
2020-04-17T23:00:00,N,N4,52.00000000000001
2020-04-18T00:00:00,N,N4,57.00000000000001
2020-04-18T01:00:00,N,N4,57.00000000000001
2020-04-18T02:00:00,N,N4,57.00000000000001
2020-04-18T03:00:00,N,N4,57.00000000000001
2020-04-18T04:00:00,N,N4,57.00000000000001
2020-04-18T05:00:00,N,N4,57.00000000000001
2020-04-18T06:00:00,N,N4,61.00000000000001
2020-04-18T07:00:00,N,N4,83.00000000000003
2020-04-18T08:00:00,N,N4,99.0
2020-04-18T09:00:00,N,N4,99.0
2020-04-18T10:00:00,N,N4,99.0
2020-04-18T11:00:00,N,N4,108.00000000000004
2020-04-18T12:00:00,N,N4,79.99999999999997
2020-04-18T13:00:00,N,N4,69.00000000000001
2020-04-18T14:00:00,N,N4,77.00000000000001
2020-04-18T15:00:00,N,N4,77.00000000000001
2020-04-18T16:00:00,N,N4,85.00000000000001
2020-04-18T17:00:00,N,N4,97.0
2020-04-18T18:00:00,N,N4,101.99999999999996
2020-04-18T19:00:00,N,N4,83.99999999999999
2020-04-18T20:00:00,N,N4,77.00000000000001
2020-04-18T21:00:00,N,N4,65.99999999999997
2020-04-18T22:00:00,N,N4,61.00000000000001
2020-04-18T23:00:00,N,N4,56.00000000000002
2020-04-19T00:00:00,N,N4,56.00000000000002
2020-04-19T01:00:00,N,N4,51.00000000000002
2020-04-19T02:00:00,N,N4,56.00000000000002
2020-04-19T03:00:00,N,N4,56.00000000000002
2020-04-19T04:00:00,N,N4,56.00000000000002
2020-04-19T05:00:00,N,N4,56.00000000000002
2020-04-19T06:00:00,N,N4,62.000000000000064
2020-04-19T07:00:00,N,N4,62.00000000000001
2020-04-19T08:00:00,N,N4,81.00000000000003
2020-04-19T09:00:00,N,N4,85.99999999999997
2020-04-19T10:00:00,N,N4,97.0
2020-04-19T11:00:00,N,N4,96.0
2020-04-19T12:00:00,N,N4,85.99999999999997
2020-04-19T13:00:00,N,N4,65.99999999999997
2020-04-19T14:00:00,N,N4,72.0
2020-04-19T15:00:00,N,N4,66.99999999999997
2020-04-19T16:00:00,N,N4,72.0
2020-04-19T17:00:00,N,N4,82.00000000000001
2020-04-19T18:00:00,N,N4,119.00000000000004
2020-04-19T19:00:00,N,N4,99.0
2020-04-19T20:00:00,N,N4,78.0
2020-04-19T21:00:00,N,N4,62.99999999999999
2020-04-19T22:00:00,N,N4,57.99999999999999
2020-04-19T23:00:00,N,N4,57.99999999999999
2020-04-20T00:00:00,N,N4,57.99999999999999
2020-04-20T01:00:00,N,N4,57.99999999999999
2020-04-20T02:00:00,N,N4,54.00000000000001
2020-04-20T03:00:00,N,N4,49.99999999999999
2020-04-20T04:00:00,N,N4,49.99999999999999
2020-04-20T05:00:00,N,N4,55.000000000000014
2020-04-20T06:00:00,N,N4,59.99999999999999
2020-04-20T07:00:00,N,N4,72.0
2020-04-20T08:00:00,N,N4,85.00000000000001
2020-04-20T09:00:00,N,N4,85.99999999999997
2020-04-20T10:00:00,N,N4,93.00000000000004
2020-04-20T11:00:00,N,N4,101.99999999999996
2020-04-20T12:00:00,N,N4,87.0
2020-04-20T13:00:00,N,N4,85.00000000000001
2020-04-20T14:00:00,N,N4,85.99999999999997
2020-04-20T15:00:00,N,N4,88.00000000000003
2020-04-20T16:00:00,N,N4,88.00000000000003
2020-04-20T17:00:00,N,N4,95.0
2020-04-20T18:00:00,N,N4,130.99999999999994
2020-04-20T19:00:00,N,N4,105.99999999999996
2020-04-20T20:00:00,N,N4,85.99999999999997
2020-04-20T21:00:00,N,N4,71.0
2020-04-20T22:00:00,N,N4,65.99999999999997
2020-04-20T23:00:00,N,N4,56.00000000000002
2020-04-21T00:00:00,N,N4,56.00000000000002
2020-04-21T01:00:00,N,N4,54.00000000000001
2020-04-21T02:00:00,N,N4,51.00000000000002
2020-04-21T03:00:00,N,N4,51.00000000000002
2020-04-21T04:00:00,N,N4,51.00000000000002
2020-04-21T05:00:00,N,N4,62.00000000000001
2020-04-21T06:00:00,N,N4,64.99999999999999
2020-04-21T07:00:00,N,N4,72.99999999999999
2020-04-21T08:00:00,N,N4,92.0
2020-04-21T09:00:00,N,N4,88.00000000000003
2020-04-21T10:00:00,N,N4,95.0
2020-04-21T11:00:00,N,N4,98.00000000000004
2020-04-21T12:00:00,N,N4,85.99999999999997
2020-04-21T13:00:00,N,N4,77.00000000000001
2020-04-21T14:00:00,N,N4,82.00000000000001
2020-04-21T15:00:00,N,N4,88.00000000000003
2020-04-21T16:00:00,N,N4,98.00000000000004
2020-04-21T17:00:00,N,N4,98.00000000000004
2020-04-21T18:00:00,N,N4,128.99999999999997
2020-04-21T19:00:00,N,N4,105.99999999999996
2020-04-21T20:00:00,N,N4,85.99999999999997
2020-04-21T21:00:00,N,N4,83.99999999999999
2020-04-21T22:00:00,N,N4,83.99999999999999
2020-04-21T23:00:00,N,N4,69.00000000000001
2020-04-22T00:00:00,N,N4,63.99999999999998
2020-04-22T01:00:00,N,N4,59.000000000000014
2020-04-22T02:00:00,N,N4,59.000000000000014
2020-04-22T03:00:00,N,N4,59.000000000000014
2020-04-22T04:00:00,N,N4,59.000000000000014
2020-04-22T05:00:00,N,N4,59.000000000000014
2020-04-22T06:00:00,N,N4,74.99999999999997
2020-04-22T07:00:00,N,N4,79.0
2020-04-22T08:00:00,N,N4,82.00000000000001
2020-04-22T09:00:00,N,N4,94.0
2020-04-22T10:00:00,N,N4,103.0
2020-04-22T11:00:00,N,N4,96.0
2020-04-22T12:00:00,N,N4,88.00000000000003
2020-04-22T13:00:00,N,N4,79.99999999999997
2020-04-22T14:00:00,N,N4,87.0
2020-04-22T15:00:00,N,N4,88.00000000000003
2020-04-22T16:00:00,N,N4,90.99999999999996
2020-04-22T17:00:00,N,N4,101.00000000000004
2020-04-22T18:00:00,N,N4,127.0
2020-04-22T19:00:00,N,N4,101.99999999999996
2020-04-22T20:00:00,N,N4,81.00000000000003
2020-04-22T21:00:00,N,N4,76.0
2020-04-22T22:00:00,N,N4,65.99999999999997
2020-04-22T23:00:00,N,N4,65.99999999999997
2020-04-23T00:00:00,N,N4,56.00000000000002
2020-04-23T01:00:00,N,N4,56.00000000000002
2020-04-23T02:00:00,N,N4,56.00000000000002
2020-04-23T03:00:00,N,N4,56.00000000000002
2020-04-23T04:00:00,N,N4,56.00000000000002
2020-04-23T05:00:00,N,N4,56.00000000000002
2020-04-23T06:00:00,N,N4,65.99999999999997
2020-04-23T07:00:00,N,N4,68.00000000000001
2020-04-23T08:00:00,N,N4,83.99999999999999
2020-04-23T09:00:00,N,N4,85.99999999999997
2020-04-23T10:00:00,N,N4,93.00000000000004
2020-04-23T11:00:00,N,N4,104.0
2020-04-23T12:00:00,N,N4,87.0
2020-04-23T13:00:00,N,N4,81.00000000000003
2020-04-23T14:00:00,N,N4,88.99999999999999
2020-04-23T15:00:00,N,N4,81.00000000000003
2020-04-23T16:00:00,N,N4,90.0
2020-04-23T17:00:00,N,N4,95.0
2020-04-23T18:00:00,N,N4,126.0
2020-04-23T19:00:00,N,N4,103.0
2020-04-23T20:00:00,N,N4,85.00000000000001
2020-04-23T21:00:00,N,N4,79.99999999999997
2020-04-23T22:00:00,N,N4,69.00000000000001
2020-04-23T23:00:00,N,N4,69.00000000000001
2020-04-24T00:00:00,N,N4,59.000000000000014
2020-04-24T01:00:00,N,N4,54.00000000000001
2020-04-24T02:00:00,N,N4,54.00000000000001
2020-04-24T03:00:00,N,N4,54.00000000000001
2020-04-24T04:00:00,N,N4,54.00000000000001
2020-04-24T05:00:00,N,N4,54.00000000000001
2020-04-24T06:00:00,N,N4,65.99999999999997
2020-04-24T07:00:00,N,N4,74.00000000000003
2020-04-24T08:00:00,N,N4,82.00000000000001
2020-04-24T09:00:00,N,N4,88.00000000000003
2020-04-24T10:00:00,N,N4,93.00000000000004
2020-04-24T11:00:00,N,N4,95.0
2020-04-24T12:00:00,N,N4,83.00000000000003
2020-04-24T13:00:00,N,N4,78.0
2020-04-24T14:00:00,N,N4,92.0
2020-04-24T15:00:00,N,N4,88.00000000000003
2020-04-24T16:00:00,N,N4,90.99999999999996
2020-04-24T17:00:00,N,N4,127.99999999999996
2020-04-24T18:00:00,N,N4,127.0
2020-04-24T19:00:00,N,N4,98.00000000000004
2020-04-24T20:00:00,N,N4,83.00000000000003
2020-04-24T21:00:00,N,N4,77.00000000000001
2020-04-24T22:00:00,N,N4,64.99999999999999
2020-04-24T23:00:00,N,N4,59.99999999999999
2020-04-25T00:00:00,N,N4,59.99999999999999
2020-04-25T01:00:00,N,N4,52.00000000000001
2020-04-25T02:00:00,N,N4,52.00000000000001
2020-04-25T03:00:00,N,N4,46.99999999999999
2020-04-25T04:00:00,N,N4,46.99999999999999
2020-04-25T05:00:00,N,N4,46.99999999999999
2020-04-25T06:00:00,N,N4,62.99999999999999
2020-04-25T07:00:00,N,N4,71.0
2020-04-25T08:00:00,N,N4,81.00000000000003
2020-04-25T09:00:00,N,N4,85.00000000000001
2020-04-25T10:00:00,N,N4,90.99999999999996
2020-04-25T11:00:00,N,N4,104.0
2020-04-25T12:00:00,N,N4,85.99999999999997
2020-04-25T13:00:00,N,N4,81.00000000000003
2020-04-25T14:00:00,N,N4,85.00000000000001
2020-04-25T15:00:00,N,N4,85.00000000000001
2020-04-25T16:00:00,N,N4,88.00000000000003
2020-04-25T17:00:00,N,N4,118.00000000000004
2020-04-25T18:00:00,N,N4,128.99999999999997
2020-04-25T19:00:00,N,N4,114.00000000000004
2020-04-25T20:00:00,N,N4,99.0
2020-04-25T21:00:00,N,N4,79.99999999999997
2020-04-25T22:00:00,N,N4,78.0
2020-04-25T23:00:00,N,N4,74.99999999999997
2020-04-26T00:00:00,N,N4,74.99999999999997
2020-04-26T01:00:00,N,N4,62.000000000000064
2020-04-26T02:00:00,N,N4,62.000000000000064
2020-04-26T03:00:00,N,N4,62.00000000000001
2020-04-26T04:00:00,N,N4,62.00000000000001
2020-04-26T05:00:00,N,N4,62.00000000000001
2020-04-26T06:00:00,N,N4,65.99999999999997
2020-04-26T07:00:00,N,N4,85.00000000000001
2020-04-26T08:00:00,N,N4,85.00000000000001
2020-04-26T09:00:00,N,N4,92.0
2020-04-26T10:00:00,N,N4,101.99999999999996
2020-04-26T11:00:00,N,N4,101.99999999999996
2020-04-26T12:00:00,N,N4,85.99999999999997
2020-04-26T13:00:00,N,N4,90.99999999999996
2020-04-26T14:00:00,N,N4,90.99999999999996
2020-04-26T15:00:00,N,N4,90.99999999999996
2020-04-26T16:00:00,N,N4,76.0
2020-04-26T17:00:00,N,N4,111.99999999999996
2020-04-26T18:00:00,N,N4,122.00000000000004
2020-04-26T19:00:00,N,N4,106.99999999999996
2020-04-26T20:00:00,N,N4,97.0
2020-04-26T21:00:00,N,N4,87.0
2020-04-26T22:00:00,N,N4,79.99999999999997
2020-04-26T23:00:00,N,N4,74.99999999999997
2020-04-27T00:00:00,N,N4,66.99999999999997
2020-04-27T01:00:00,N,N4,66.99999999999997
2020-04-27T02:00:00,N,N4,66.99999999999997
2020-04-27T03:00:00,N,N4,62.00000000000001
2020-04-27T04:00:00,N,N4,62.00000000000001
2020-04-27T05:00:00,N,N4,66.99999999999997
2020-04-27T06:00:00,N,N4,82.00000000000001
2020-04-27T07:00:00,N,N4,83.00000000000003
2020-04-27T08:00:00,N,N4,97.0
2020-04-27T09:00:00,N,N4,100.00000000000004
2020-04-27T10:00:00,N,N4,108.99999999999996
2020-04-27T11:00:00,N,N4,118.00000000000004
2020-04-27T12:00:00,N,N4,92.0
2020-04-27T13:00:00,N,N4,100.00000000000004
2020-04-27T14:00:00,N,N4,106.99999999999996
2020-04-27T15:00:00,N,N4,101.99999999999996
2020-04-27T16:00:00,N,N4,101.99999999999996
2020-04-27T17:00:00,N,N4,128.99999999999997
2020-04-27T18:00:00,N,N4,133.99999999999997
2020-04-27T19:00:00,N,N4,111.99999999999996
2020-04-27T20:00:00,N,N4,94.0
2020-04-27T21:00:00,N,N4,83.99999999999999
2020-04-27T22:00:00,N,N4,74.00000000000003
2020-04-27T23:00:00,N,N4,74.00000000000003
2020-04-28T00:00:00,N,N4,69.00000000000001
2020-04-28T01:00:00,N,N4,63.99999999999998
2020-04-28T02:00:00,N,N4,62.00000000000001
2020-04-28T03:00:00,N,N4,59.99999999999999
2020-04-28T04:00:00,N,N4,62.00000000000001
2020-04-28T05:00:00,N,N4,63.99999999999998
2020-04-28T06:00:00,N,N4,83.00000000000003
2020-04-28T07:00:00,N,N4,82.00000000000001
2020-04-28T08:00:00,N,N4,88.99999999999999
2020-04-28T09:00:00,N,N4,88.00000000000003
2020-04-28T10:00:00,N,N4,96.0
2020-04-28T11:00:00,N,N4,98.00000000000004
2020-04-28T12:00:00,N,N4,87.0
2020-04-28T13:00:00,N,N4,90.0
2020-04-28T14:00:00,N,N4,99.0
2020-04-28T15:00:00,N,N4,97.0
2020-04-28T16:00:00,N,N4,104.0
2020-04-28T17:00:00,N,N4,105.99999999999996
2020-04-28T18:00:00,N,N4,130.99999999999994
2020-04-28T19:00:00,N,N4,108.00000000000004
2020-04-28T20:00:00,N,N4,87.0
2020-04-28T21:00:00,N,N4,85.00000000000001
2020-04-28T22:00:00,N,N4,79.99999999999997
2020-04-28T23:00:00,N,N4,74.99999999999997
2020-04-29T00:00:00,N,N4,70.00000000000003
2020-04-29T01:00:00,N,N4,70.00000000000003
2020-04-29T02:00:00,N,N4,64.99999999999999
2020-04-29T03:00:00,N,N4,64.99999999999999
2020-04-29T04:00:00,N,N4,64.99999999999999
2020-04-29T05:00:00,N,N4,60.16666666666666
2020-04-29T06:00:00,N,N4,73.33333333333333
2020-04-29T07:00:00,N,N4,83.00000000000003
2020-04-29T08:00:00,N,N4,93.00000000000004
2020-04-29T09:00:00,N,N4,97.0
2020-04-29T10:00:00,N,N4,105.99999999999996
2020-04-29T11:00:00,N,N4,108.00000000000004
2020-04-29T12:00:00,N,N4,90.0
2020-04-29T13:00:00,N,N4,96.0
2020-04-29T14:00:00,N,N4,101.00000000000004
2020-04-29T15:00:00,N,N4,94.0
2020-04-29T16:00:00,N,N4,96.0
2020-04-29T17:00:00,N,N4,99.0
2020-04-29T18:00:00,N,N4,129.99999999999997
2020-04-29T19:00:00,N,N4,106.99999999999996
2020-04-29T20:00:00,N,N4,87.0
2020-04-29T21:00:00,N,N4,82.00000000000001
2020-04-29T22:00:00,N,N4,77.00000000000009
2020-04-29T23:00:00,N,N4,77.00000000000001
2020-04-30T00:00:00,N,N4,72.0
2020-04-30T01:00:00,N,N4,72.0
2020-04-30T02:00:00,N,N4,72.0
2020-04-30T03:00:00,N,N4,72.0
2020-04-30T04:00:00,N,N4,72.0
2020-04-30T05:00:00,N,N4,72.0
2020-04-30T06:00:00,N,N4,81.00000000000003
2020-04-30T07:00:00,N,N4,82.00000000000001
2020-04-30T08:00:00,N,N4,93.00000000000004
2020-04-30T09:00:00,N,N4,98.00000000000004
2020-04-30T10:00:00,N,N4,104.99999999999996
2020-04-30T11:00:00,N,N4,116.0
2020-04-30T12:00:00,N,N4,99.0
2020-04-30T13:00:00,N,N4,100.00000000000004
2020-04-30T14:00:00,N,N4,102.00000000000004
2020-04-30T15:00:00,N,N4,103.0
2020-04-30T16:00:00,N,N4,100.00000000000004
2020-04-30T17:00:00,N,N4,105.99999999999996
2020-04-30T18:00:00,N,N4,129.99999999999997
2020-04-30T19:00:00,N,N4,104.99999999999996
2020-04-30T20:00:00,N,N4,100.00000000000004
2020-04-30T21:00:00,N,N4,90.0
2020-04-30T22:00:00,N,N4,79.99999999999997
2020-04-30T23:00:00,N,N4,72.0
2020-05-01T00:00:00,N,N4,66.99999999999997
2020-05-01T01:00:00,N,N4,66.99999999999997
2020-05-01T02:00:00,N,N4,62.00000000000001
2020-05-01T03:00:00,N,N4,62.00000000000001
2020-05-01T04:00:00,N,N4,62.00000000000001
2020-05-01T05:00:00,N,N4,66.99999999999997
2020-05-01T06:00:00,N,N4,72.0
2020-05-01T07:00:00,N,N4,76.0
2020-05-01T08:00:00,N,N4,87.0
2020-05-01T09:00:00,N,N4,85.00000000000001
2020-05-01T10:00:00,N,N4,95.0
2020-05-01T11:00:00,N,N4,98.00000000000004
2020-05-01T12:00:00,N,N4,81.99999999999994
2020-05-01T13:00:00,N,N4,66.99999999999997
2020-05-01T14:00:00,N,N4,65.99999999999997
2020-05-01T15:00:00,N,N4,64.99999999999999
2020-05-01T16:00:00,N,N4,66.99999999999997
2020-05-01T17:00:00,N,N4,88.99999999999999
2020-05-01T18:00:00,N,N4,104.0
2020-05-01T19:00:00,N,N4,79.99999999999997
2020-05-01T20:00:00,N,N4,71.0
2020-05-01T21:00:00,N,N4,65.99999999999997
2020-05-01T22:00:00,N,N4,61.00000000000001
2020-05-01T23:00:00,N,N4,56.00000000000002
2020-05-02T00:00:00,N,N4,56.00000000000002
2020-05-02T01:00:00,N,N4,56.00000000000002
2020-05-02T02:00:00,N,N4,51.00000000000002
2020-05-02T03:00:00,N,N4,51.00000000000002
2020-05-02T04:00:00,N,N4,51.00000000000002
2020-05-02T05:00:00,N,N4,56.00000000000002
2020-05-02T06:00:00,N,N4,56.00000000000002
2020-05-02T07:00:00,N,N4,71.0
2020-05-02T08:00:00,N,N4,78.0
2020-05-02T09:00:00,N,N4,82.00000000000001
2020-05-02T10:00:00,N,N4,87.0
2020-05-02T11:00:00,N,N4,92.0
2020-05-02T12:00:00,N,N4,78.0
2020-05-02T13:00:00,N,N4,71.0
2020-05-02T14:00:00,N,N4,70.00000000000003
2020-05-02T15:00:00,N,N4,72.0
2020-05-02T16:00:00,N,N4,77.00000000000001
2020-05-02T17:00:00,N,N4,93.00000000000004
2020-05-02T18:00:00,N,N4,118.00000000000004
2020-05-02T19:00:00,N,N4,92.0
2020-05-02T20:00:00,N,N4,83.00000000000003
2020-05-02T21:00:00,N,N4,68.00000000000001
2020-05-02T22:00:00,N,N4,62.99999999999999
2020-05-02T23:00:00,N,N4,57.99999999999999
2020-05-03T00:00:00,N,N4,53.00000000000001
2020-05-03T01:00:00,N,N4,53.00000000000001
2020-05-03T02:00:00,N,N4,48.00000000000001
2020-05-03T03:00:00,N,N4,48.00000000000001
2020-05-03T04:00:00,N,N4,48.00000000000001
2020-05-03T05:00:00,N,N4,53.00000000000001
2020-05-03T06:00:00,N,N4,53.00000000000001
2020-05-03T07:00:00,N,N4,59.99999999999999
2020-05-03T08:00:00,N,N4,64.99999999999999
2020-05-03T09:00:00,N,N4,72.0
2020-05-03T10:00:00,N,N4,82.00000000000001
2020-05-03T11:00:00,N,N4,85.00000000000001
2020-05-03T12:00:00,N,N4,72.0
2020-05-03T13:00:00,N,N4,59.99999999999999
2020-05-03T14:00:00,N,N4,63.99999999999998
2020-05-03T15:00:00,N,N4,63.99999999999998
2020-05-03T16:00:00,N,N4,63.99999999999998
2020-05-03T17:00:00,N,N4,78.0
2020-05-03T18:00:00,N,N4,109.66666666666669
2020-05-03T19:00:00,N,N4,88.00000000000003
2020-05-03T20:00:00,N,N4,74.00000000000003
2020-05-03T21:00:00,N,N4,69.00000000000001
2020-05-03T22:00:00,N,N4,63.99999999999998
2020-05-03T23:00:00,N,N4,57.99999999999999
2020-05-04T00:00:00,N,N4,53.00000000000001
2020-05-04T01:00:00,N,N4,53.00000000000001
2020-05-04T02:00:00,N,N4,53.00000000000001
2020-05-04T03:00:00,N,N4,53.00000000000001
2020-05-04T04:00:00,N,N4,53.00000000000001
2020-05-04T05:00:00,N,N4,53.00000000000001
2020-05-04T06:00:00,N,N4,64.99999999999999
2020-05-04T07:00:00,N,N4,74.00000000000003
2020-05-04T08:00:00,N,N4,88.99999999999999
2020-05-04T09:00:00,N,N4,95.0
2020-05-04T10:00:00,N,N4,95.0
2020-05-04T11:00:00,N,N4,99.0
2020-05-04T12:00:00,N,N4,83.99999999999999
2020-05-04T13:00:00,N,N4,72.99999999999999
2020-05-04T14:00:00,N,N4,78.0
2020-05-04T15:00:00,N,N4,88.00000000000003
2020-05-04T16:00:00,N,N4,88.00000000000003
2020-05-04T17:00:00,N,N4,137.00000000000003
2020-05-04T18:00:00,N,N4,137.00000000000003
2020-05-04T19:00:00,N,N4,104.99999999999996
2020-05-04T20:00:00,N,N4,90.0
2020-05-04T21:00:00,N,N4,79.99999999999997
2020-05-04T22:00:00,N,N4,70.00000000000003
2020-05-04T23:00:00,N,N4,64.99999999999999
2020-05-05T00:00:00,N,N4,59.99999999999999
2020-05-05T01:00:00,N,N4,59.99999999999999
2020-05-05T02:00:00,N,N4,59.99999999999999
2020-05-05T03:00:00,N,N4,59.99999999999999
2020-05-05T04:00:00,N,N4,59.99999999999999
2020-05-05T05:00:00,N,N4,59.99999999999999
2020-05-05T06:00:00,N,N4,74.99999999999997
2020-05-05T07:00:00,N,N4,79.99999999999997
2020-05-05T08:00:00,N,N4,88.00000000000003
2020-05-05T09:00:00,N,N4,96.99999999999991
2020-05-05T10:00:00,N,N4,90.99999999999996
2020-05-05T11:00:00,N,N4,95.0
2020-05-05T12:00:00,N,N4,72.99999999999999
2020-05-05T13:00:00,N,N4,65.99999999999997
2020-05-05T14:00:00,N,N4,74.99999999999997
2020-05-05T15:00:00,N,N4,76.0
2020-05-05T16:00:00,N,N4,79.0
2020-05-05T17:00:00,N,N4,108.00000000000004
2020-05-05T18:00:00,N,N4,99.0
2020-05-05T19:00:00,N,N4,72.99999999999999
2020-05-05T20:00:00,N,N4,68.00000000000001
2020-05-05T21:00:00,N,N4,62.99999999999999
2020-05-05T22:00:00,N,N4,52.00000000000001
2020-05-05T23:00:00,N,N4,46.99999999999999
2020-05-06T00:00:00,N,N4,46.99999999999999
2020-05-06T01:00:00,N,N4,46.99999999999999
2020-05-06T02:00:00,N,N4,46.99999999999999
2020-05-06T03:00:00,N,N4,46.99999999999999
2020-05-06T04:00:00,N,N4,46.99999999999999
2020-05-06T05:00:00,N,N4,46.99999999999999
2020-05-06T06:00:00,N,N4,66.99999999999997
2020-05-06T07:00:00,N,N4,65.99999999999997
2020-05-06T08:00:00,N,N4,85.00000000000001
2020-05-06T09:00:00,N,N4,79.99999999999997
2020-05-06T10:00:00,N,N4,83.00000000000003
2020-05-06T11:00:00,N,N4,88.99999999999999
2020-05-06T12:00:00,N,N4,79.99999999999997
2020-05-06T13:00:00,N,N4,78.0
2020-05-06T14:00:00,N,N4,71.0
2020-05-06T15:00:00,N,N4,74.00000000000003
2020-05-06T16:00:00,N,N4,82.00000000000001
2020-05-06T17:00:00,N,N4,119.99999999999996
2020-05-06T18:00:00,N,N4,119.99999999999996
2020-05-06T19:00:00,N,N4,99.0
2020-05-06T20:00:00,N,N4,81.00000000000003
2020-05-06T21:00:00,N,N4,66.99999999999997
2020-05-06T22:00:00,N,N4,62.00000000000001
2020-05-06T23:00:00,N,N4,66.99999999999997
2020-05-07T00:00:00,N,N4,61.75
2020-05-07T01:00:00,N,N4,55.000000000000014
2020-05-07T02:00:00,N,N4,55.000000000000014
2020-05-07T03:00:00,N,N4,55.000000000000014
2020-05-07T04:00:00,N,N4,55.000000000000014
2020-05-07T05:00:00,N,N4,62.00000000000001
2020-05-07T06:00:00,N,N4,72.0
2020-05-07T07:00:00,N,N4,76.0
2020-05-07T08:00:00,N,N4,88.00000000000003
2020-05-07T09:00:00,N,N4,90.99999999999996
2020-05-07T10:00:00,N,N4,100.00000000000004
2020-05-07T11:00:00,N,N4,103.0
2020-05-07T12:00:00,N,N4,81.00000000000003
2020-05-07T13:00:00,N,N4,76.0
2020-05-07T14:00:00,N,N4,78.0
2020-05-07T15:00:00,N,N4,81.00000000000003
2020-05-07T16:00:00,N,N4,88.00000000000003
2020-05-07T17:00:00,N,N4,127.99999999999996
2020-05-07T18:00:00,N,N4,125.00000000000004
2020-05-07T19:00:00,N,N4,98.00000000000004
2020-05-07T20:00:00,N,N4,83.00000000000003
2020-05-07T21:00:00,N,N4,64.99999999999999
2020-05-07T22:00:00,N,N4,64.99999999999999
2020-05-07T23:00:00,N,N4,52.00000000000001
2020-05-08T00:00:00,N,N4,46.99999999999999
2020-05-08T01:00:00,N,N4,46.99999999999999
2020-05-08T02:00:00,N,N4,46.99999999999999
2020-05-08T03:00:00,N,N4,46.99999999999999
2020-05-08T04:00:00,N,N4,46.99999999999999
2020-05-08T05:00:00,N,N4,52.00000000000001
2020-05-08T06:00:00,N,N4,72.99999999999999
2020-05-08T07:00:00,N,N4,76.0
2020-05-08T08:00:00,N,N4,83.8650390873862
2020-05-08T09:00:00,N,N4,85.99999999999997
2020-05-08T10:00:00,N,N4,99.0
2020-05-08T11:00:00,N,N4,104.99999999999996
2020-05-08T12:00:00,N,N4,82.00000000000001
2020-05-08T13:00:00,N,N4,72.99999999999999
2020-05-08T14:00:00,N,N4,85.00000000000001
2020-05-08T15:00:00,N,N4,79.99999999999997
2020-05-08T16:00:00,N,N4,85.91044490690125
2020-05-08T17:00:00,N,N4,103.5195168820139
2020-05-08T18:00:00,N,N4,119.99999999999996
2020-05-08T19:00:00,N,N4,94.0
2020-05-08T20:00:00,N,N4,83.99999999999999
2020-05-08T21:00:00,N,N4,76.0
2020-05-08T22:00:00,N,N4,62.00000000000001
2020-05-08T23:00:00,N,N4,55.000000000000014
2020-05-09T00:00:00,N,N4,55.000000000000014
2020-05-09T01:00:00,N,N4,55.000000000000014
2020-05-09T02:00:00,N,N4,55.000000000000014
2020-05-09T03:00:00,N,N4,55.000000000000014
2020-05-09T04:00:00,N,N4,55.000000000000014
2020-05-09T05:00:00,N,N4,55.000000000000014
2020-05-09T06:00:00,N,N4,68.00000000000001
2020-05-09T07:00:00,N,N4,82.00000000000001
2020-05-09T08:00:00,N,N4,88.00000000000003
2020-05-09T09:00:00,N,N4,88.00000000000003
2020-05-09T10:00:00,N,N4,95.0
2020-05-09T11:00:00,N,N4,93.00000000000004
2020-05-09T12:00:00,N,N4,79.99999999999997
2020-05-09T13:00:00,N,N4,71.0
2020-05-09T14:00:00,N,N4,79.0
2020-05-09T15:00:00,N,N4,79.99999999999997
2020-05-09T16:00:00,N,N4,83.99999999999999
2020-05-09T17:00:00,N,N4,133.0
2020-05-09T18:00:00,N,N4,122.99999999999994
2020-05-09T19:00:00,N,N4,103.0
2020-05-09T20:00:00,N,N4,82.00000000000001
2020-05-09T21:00:00,N,N4,77.00000000000001
2020-05-09T22:00:00,N,N4,66.99999999999997
2020-05-09T23:00:00,N,N4,57.00000000000001
2020-05-10T00:00:00,N,N4,51.00000000000002
2020-05-10T01:00:00,N,N4,51.00000000000002
2020-05-10T02:00:00,N,N4,51.00000000000002
2020-05-10T03:00:00,N,N4,51.00000000000002
2020-05-10T04:00:00,N,N4,51.00000000000002
2020-05-10T05:00:00,N,N4,51.00000000000002
2020-05-10T06:00:00,N,N4,66.99999999999997
2020-05-10T07:00:00,N,N4,79.0
2020-05-10T08:00:00,N,N4,83.99999999999999
2020-05-10T09:00:00,N,N4,83.99999999999999
2020-05-10T10:00:00,N,N4,95.0
2020-05-10T11:00:00,N,N4,95.0
2020-05-10T12:00:00,N,N4,69.00000000000001
2020-05-10T13:00:00,N,N4,69.00000000000001
2020-05-10T14:00:00,N,N4,74.99999999999997
2020-05-10T15:00:00,N,N4,74.99999999999997
2020-05-10T16:00:00,N,N4,74.99999999999997
2020-05-10T17:00:00,N,N4,104.99999999999996
2020-05-10T18:00:00,N,N4,104.99999999999996
2020-05-10T19:00:00,N,N4,87.0
2020-05-10T20:00:00,N,N4,74.99999999999997
2020-05-10T21:00:00,N,N4,64.99999999999999
2020-05-10T22:00:00,N,N4,59.99999999999999
2020-05-10T23:00:00,N,N4,55.000000000000014
2020-05-11T00:00:00,N,N4,55.000000000000014
2020-05-11T01:00:00,N,N4,55.000000000000014
2020-05-11T02:00:00,N,N4,55.000000000000014
2020-05-11T03:00:00,N,N4,55.000000000000014
2020-05-11T04:00:00,N,N4,55.000000000000014
2020-05-11T05:00:00,N,N4,55.000000000000014
2020-05-11T06:00:00,N,N4,71.0
2020-05-11T07:00:00,N,N4,77.00000000000001
2020-05-11T08:00:00,N,N4,97.0
2020-05-11T09:00:00,N,N4,108.00000000000004
2020-05-11T10:00:00,N,N4,103.0
2020-05-11T11:00:00,N,N4,104.0
2020-05-11T12:00:00,N,N4,87.0
2020-05-11T13:00:00,N,N4,82.00000000000001
2020-05-11T14:00:00,N,N4,85.00000000000001
2020-05-11T15:00:00,N,N4,87.0
2020-05-11T16:00:00,N,N4,87.0
2020-05-11T17:00:00,N,N4,110.00000000000004
2020-05-11T18:00:00,N,N4,122.99999999999994
2020-05-11T19:00:00,N,N4,88.00000000000003
2020-05-11T20:00:00,N,N4,74.99999999999997
2020-05-11T21:00:00,N,N4,72.99999999999999
2020-05-11T22:00:00,N,N4,64.99999999999999
2020-05-11T23:00:00,N,N4,55.000000000000014
2020-05-12T00:00:00,N,N4,48.00000000000001
2020-05-12T01:00:00,N,N4,45.99999999999999
2020-05-12T02:00:00,N,N4,46.00000000000002
2020-05-12T03:00:00,N,N4,42.99999999999998
2020-05-12T04:00:00,N,N4,42.99999999999998
2020-05-12T05:00:00,N,N4,46.00000000000002
2020-05-12T06:00:00,N,N4,46.00000000000002
2020-05-12T07:00:00,N,N4,65.99999999999997
2020-05-12T08:00:00,N,N4,61.00000000000001
2020-05-12T09:00:00,N,N4,74.00000000000003
2020-05-12T10:00:00,N,N4,74.00000000000003
2020-05-12T11:00:00,N,N4,77.00000000000001
2020-05-12T12:00:00,N,N4,65.99999999999997
2020-05-12T13:00:00,N,N4,44.99999999999999
2020-05-12T14:00:00,N,N4,69.00000000000001
2020-05-12T15:00:00,N,N4,74.99999999999997
2020-05-12T16:00:00,N,N4,85.00000000000001
2020-05-12T17:00:00,N,N4,108.00000000000004
2020-05-12T18:00:00,N,N4,104.0
2020-05-12T19:00:00,N,N4,81.00000000000003
2020-05-12T20:00:00,N,N4,72.0
2020-05-12T21:00:00,N,N4,62.99999999999999
2020-05-12T22:00:00,N,N4,57.99999999999999
2020-05-12T23:00:00,N,N4,53.00000000000001
2020-05-13T00:00:00,N,N4,53.00000000000001
2020-05-13T01:00:00,N,N4,53.00000000000001
2020-05-13T02:00:00,N,N4,46.00000000000002
2020-05-13T03:00:00,N,N4,46.00000000000002
2020-05-13T04:00:00,N,N4,48.00000000000001
2020-05-13T05:00:00,N,N4,48.00000000000001
2020-05-13T06:00:00,N,N4,68.00000000000001
2020-05-13T07:00:00,N,N4,68.00000000000001
2020-05-13T08:00:00,N,N4,85.00000000000001
2020-05-13T09:00:00,N,N4,92.0
2020-05-13T10:00:00,N,N4,95.0
2020-05-13T11:00:00,N,N4,95.0
2020-05-13T12:00:00,N,N4,78.0
2020-05-13T13:00:00,N,N4,72.0
2020-05-13T14:00:00,N,N4,76.0
2020-05-13T15:00:00,N,N4,78.0
2020-05-13T16:00:00,N,N4,85.99999999999997
2020-05-13T17:00:00,N,N4,103.0
2020-05-13T18:00:00,N,N4,115.0
2020-05-13T19:00:00,N,N4,90.0
2020-05-13T20:00:00,N,N4,77.00000000000001
2020-05-13T21:00:00,N,N4,62.00000000000001
2020-05-13T22:00:00,N,N4,43.99999999999999
2020-05-13T23:00:00,N,N4,54.00000000000001
2020-05-14T00:00:00,N,N4,52.00000000000001
2020-05-14T01:00:00,N,N4,48.00000000000001
2020-05-14T02:00:00,N,N4,48.00000000000001
2020-05-14T03:00:00,N,N4,48.00000000000001
2020-05-14T04:00:00,N,N4,48.00000000000001
2020-05-14T05:00:00,N,N4,52.00000000000001
2020-05-14T06:00:00,N,N4,59.99999999999999
2020-05-14T07:00:00,N,N4,63.99999999999998
2020-05-14T08:00:00,N,N4,76.0
2020-05-14T09:00:00,N,N4,78.0
2020-05-14T10:00:00,N,N4,85.00000000000001
2020-05-14T11:00:00,N,N4,90.0
2020-05-14T12:00:00,N,N4,78.0
2020-05-14T13:00:00,N,N4,66.99999999999997
2020-05-14T14:00:00,N,N4,71.0
2020-05-14T15:00:00,N,N4,68.00000000000001
2020-05-14T16:00:00,N,N4,76.0
2020-05-14T17:00:00,N,N4,122.99999999999994
2020-05-14T18:00:00,N,N4,113.00000000000004
2020-05-14T19:00:00,N,N4,87.0
2020-05-14T20:00:00,N,N4,72.0
2020-05-14T21:00:00,N,N4,62.00000000000001
2020-05-14T22:00:00,N,N4,57.00000000000001
2020-05-14T23:00:00,N,N4,52.00000000000001
2020-05-15T00:00:00,N,N4,52.00000000000001
2020-05-15T01:00:00,N,N4,52.00000000000001
2020-05-15T02:00:00,N,N4,46.99999999999999
2020-05-15T03:00:00,N,N4,46.99999999999999
2020-05-15T04:00:00,N,N4,46.99999999999999
2020-05-15T05:00:00,N,N4,52.00000000000001
2020-05-15T06:00:00,N,N4,59.99999999999999
2020-05-15T07:00:00,N,N4,59.99999999999999
2020-05-15T08:00:00,N,N4,72.0
2020-05-15T09:00:00,N,N4,72.0
2020-05-15T10:00:00,N,N4,77.00000000000001
2020-05-15T11:00:00,N,N4,77.00000000000001
2020-05-15T12:00:00,N,N4,64.99999999999999
2020-05-15T13:00:00,N,N4,64.99999999999999
2020-05-15T14:00:00,N,N4,69.00000000000001
2020-05-15T15:00:00,N,N4,69.00000000000001
2020-05-15T16:00:00,N,N4,69.00000000000001
2020-05-15T17:00:00,N,N4,110.00000000000004
2020-05-15T18:00:00,N,N4,101.00000000000004
2020-05-15T19:00:00,N,N4,85.00000000000001
2020-05-15T20:00:00,N,N4,71.0
2020-05-15T21:00:00,N,N4,65.99999999999997
2020-05-15T22:00:00,N,N4,61.00000000000001
2020-05-15T23:00:00,N,N4,56.00000000000002
2020-05-16T00:00:00,N,N4,56.00000000000002
2020-05-16T01:00:00,N,N4,51.00000000000002
2020-05-16T02:00:00,N,N4,51.00000000000002
2020-05-16T03:00:00,N,N4,51.00000000000002
2020-05-16T04:00:00,N,N4,51.00000000000002
2020-05-16T05:00:00,N,N4,51.00000000000002
2020-05-16T06:00:00,N,N4,59.99999999999999
2020-05-16T07:00:00,N,N4,72.0
2020-05-16T08:00:00,N,N4,85.00000000000001
2020-05-16T09:00:00,N,N4,90.0
2020-05-16T10:00:00,N,N4,85.00000000000001
2020-05-16T11:00:00,N,N4,85.00000000000001
2020-05-16T12:00:00,N,N4,77.00000000000001
2020-05-16T13:00:00,N,N4,62.00000000000001
2020-05-16T14:00:00,N,N4,66.99999999999997
2020-05-16T15:00:00,N,N4,66.99999999999997
2020-05-16T16:00:00,N,N4,72.0
2020-05-16T17:00:00,N,N4,124.00000000000004
2020-05-16T18:00:00,N,N4,103.0
2020-05-16T19:00:00,N,N4,88.00000000000003
2020-05-16T20:00:00,N,N4,78.0
2020-05-16T21:00:00,N,N4,68.00000000000001
2020-05-16T22:00:00,N,N4,62.99999999999999
2020-05-16T23:00:00,N,N4,57.99999999999999
2020-05-17T00:00:00,N,N4,53.00000000000001
2020-05-17T01:00:00,N,N4,53.00000000000001
2020-05-17T02:00:00,N,N4,53.00000000000001
2020-05-17T03:00:00,N,N4,53.00000000000001
2020-05-17T04:00:00,N,N4,53.00000000000001
2020-05-17T05:00:00,N,N4,53.00000000000001
2020-05-17T06:00:00,N,N4,63.99999999999998
2020-05-17T07:00:00,N,N4,70.00000000000003
2020-05-17T08:00:00,N,N4,70.00000000000003
2020-05-17T09:00:00,N,N4,76.0
2020-05-17T10:00:00,N,N4,82.00000000000001
2020-05-17T11:00:00,N,N4,85.99999999999997
2020-05-17T12:00:00,N,N4,71.0
2020-05-17T13:00:00,N,N4,66.99999999999997
2020-05-17T14:00:00,N,N4,62.00000000000001
2020-05-17T15:00:00,N,N4,53.00000000000001
2020-05-17T16:00:00,N,N4,72.99999999999999
2020-05-17T17:00:00,N,N4,98.00000000000004
2020-05-17T18:00:00,N,N4,98.00000000000004
2020-05-17T19:00:00,N,N4,83.00000000000003
2020-05-17T20:00:00,N,N4,68.00000000000001
2020-05-17T21:00:00,N,N4,62.99999999999999
2020-05-17T22:00:00,N,N4,57.99999999999999
2020-05-17T23:00:00,N,N4,53.00000000000001
2020-05-18T00:00:00,N,N4,53.00000000000001
2020-05-18T01:00:00,N,N4,48.00000000000001
2020-05-18T02:00:00,N,N4,48.00000000000001
2020-05-18T03:00:00,N,N4,48.00000000000001
2020-05-18T04:00:00,N,N4,48.00000000000001
2020-05-18T05:00:00,N,N4,48.00000000000001
2020-05-18T06:00:00,N,N4,68.00000000000001
2020-05-18T07:00:00,N,N4,77.00000000000001
2020-05-18T08:00:00,N,N4,82.00000000000001
2020-05-18T09:00:00,N,N4,85.99999999999997
2020-05-18T10:00:00,N,N4,93.00000000000004
2020-05-18T11:00:00,N,N4,99.0
2020-05-18T12:00:00,N,N4,74.99999999999997
2020-05-18T13:00:00,N,N4,77.00000000000001
2020-05-18T14:00:00,N,N4,76.0
2020-05-18T15:00:00,N,N4,77.00000000000001
2020-05-18T16:00:00,N,N4,88.99999999999999
2020-05-18T17:00:00,N,N4,117.00000000000004
2020-05-18T18:00:00,N,N4,117.00000000000004
2020-05-18T19:00:00,N,N4,94.0
2020-05-18T20:00:00,N,N4,79.0
2020-05-18T21:00:00,N,N4,64.99999999999999
2020-05-18T22:00:00,N,N4,62.00000000000001
2020-05-18T23:00:00,N,N4,62.00000000000001
2020-05-19T00:00:00,N,N4,46.99999999999999
2020-05-19T01:00:00,N,N4,46.99999999999999
2020-05-19T02:00:00,N,N4,46.99999999999999
2020-05-19T03:00:00,N,N4,46.99999999999999
2020-05-19T04:00:00,N,N4,46.99999999999999
2020-05-19T05:00:00,N,N4,52.00000000000001
2020-05-19T06:00:00,N,N4,71.0
2020-05-19T07:00:00,N,N4,72.0
2020-05-19T08:00:00,N,N4,85.00000000000001
2020-05-19T09:00:00,N,N4,88.00000000000003
2020-05-19T10:00:00,N,N4,100.00000000000004
2020-05-19T11:00:00,N,N4,104.99999999999996
2020-05-19T12:00:00,N,N4,83.00000000000003
2020-05-19T13:00:00,N,N4,72.0
2020-05-19T14:00:00,N,N4,93.00000000000004
2020-05-19T15:00:00,N,N4,87.0
2020-05-19T16:00:00,N,N4,96.0
2020-05-19T17:00:00,N,N4,133.0
2020-05-19T18:00:00,N,N4,121.00000000000004
2020-05-19T19:00:00,N,N4,95.0
2020-05-19T20:00:00,N,N4,81.00000000000003
2020-05-19T21:00:00,N,N4,66.99999999999997
2020-05-19T22:00:00,N,N4,55.000000000000014
2020-05-19T23:00:00,N,N4,55.000000000000014
2020-05-20T00:00:00,N,N4,46.99999999999999
2020-05-20T01:00:00,N,N4,46.99999999999999
2020-05-20T02:00:00,N,N4,46.99999999999999
2020-05-20T03:00:00,N,N4,46.99999999999999
2020-05-20T04:00:00,N,N4,46.99999999999999
2020-05-20T05:00:00,N,N4,46.99999999999999
2020-05-20T06:00:00,N,N4,71.0
2020-05-20T07:00:00,N,N4,77.00000000000001
2020-05-20T08:00:00,N,N4,88.00000000000003
2020-05-20T09:00:00,N,N4,98.00000000000004
2020-05-20T10:00:00,N,N4,98.00000000000004
2020-05-20T11:00:00,N,N4,110.00000000000004
2020-05-20T12:00:00,N,N4,82.00000000000001
2020-05-20T13:00:00,N,N4,74.00000000000003
2020-05-20T14:00:00,N,N4,90.0
2020-05-20T15:00:00,N,N4,83.99999999999999
2020-05-20T16:00:00,N,N4,88.99999999999999
2020-05-20T17:00:00,N,N4,136.00000000000006
2020-05-20T18:00:00,N,N4,121.00000000000004
2020-05-20T19:00:00,N,N4,100.00000000000004
2020-05-20T20:00:00,N,N4,85.99999999999997
2020-05-20T21:00:00,N,N4,66.99999999999997
2020-05-20T22:00:00,N,N4,62.000000000000064
2020-05-20T23:00:00,N,N4,55.000000000000014
2020-05-21T00:00:00,N,N4,55.000000000000014
2020-05-21T01:00:00,N,N4,49.99999999999999
2020-05-21T02:00:00,N,N4,46.99999999999999
2020-05-21T03:00:00,N,N4,46.99999999999999
2020-05-21T04:00:00,N,N4,46.99999999999999
2020-05-21T05:00:00,N,N4,59.99999999999999
2020-05-21T06:00:00,N,N4,64.99999999999999
2020-05-21T07:00:00,N,N4,77.00000000000001
2020-05-21T08:00:00,N,N4,95.0
2020-05-21T09:00:00,N,N4,94.0
2020-05-21T10:00:00,N,N4,93.00000000000004
2020-05-21T11:00:00,N,N4,98.00000000000004
2020-05-21T12:00:00,N,N4,74.99999999999997
2020-05-21T13:00:00,N,N4,71.0
2020-05-21T14:00:00,N,N4,77.00000000000001
2020-05-21T15:00:00,N,N4,82.00000000000001
2020-05-21T16:00:00,N,N4,88.00000000000003
2020-05-21T17:00:00,N,N4,128.99999999999997
2020-05-21T18:00:00,N,N4,119.99999999999996
2020-05-21T19:00:00,N,N4,98.00000000000004
2020-05-21T20:00:00,N,N4,72.0
2020-05-21T21:00:00,N,N4,69.00000000000001
2020-05-21T22:00:00,N,N4,48.00000000000001
2020-05-21T23:00:00,N,N4,46.00000000000002
2020-05-22T00:00:00,N,N4,48.00000000000001
2020-05-22T01:00:00,N,N4,48.00000000000001
2020-05-22T02:00:00,N,N4,46.00000000000002
2020-05-22T03:00:00,N,N4,46.00000000000002
2020-05-22T04:00:00,N,N4,46.00000000000002
2020-05-22T05:00:00,N,N4,48.00000000000001
2020-05-22T06:00:00,N,N4,57.99999999999999
2020-05-22T07:00:00,N,N4,59.99999999999999
2020-05-22T08:00:00,N,N4,64.99999999999999
2020-05-22T09:00:00,N,N4,79.0
2020-05-22T10:00:00,N,N4,85.00000000000001
2020-05-22T11:00:00,N,N4,88.00000000000003
2020-05-22T12:00:00,N,N4,85.00000000000001
2020-05-22T13:00:00,N,N4,77.00000000000001
2020-05-22T14:00:00,N,N4,76.0
2020-05-22T15:00:00,N,N4,79.99999999999997
2020-05-22T16:00:00,N,N4,88.99999999999999
2020-05-22T17:00:00,N,N4,106.99999999999996
2020-05-22T18:00:00,N,N4,110.00000000000004
2020-05-22T19:00:00,N,N4,77.00000000000001
2020-05-22T20:00:00,N,N4,72.0
2020-05-22T21:00:00,N,N4,69.00000000000001
2020-05-22T22:00:00,N,N4,64.99999999999999
2020-05-22T23:00:00,N,N4,59.99999999999999
2020-05-23T00:00:00,N,N4,53.00000000000001
2020-05-23T01:00:00,N,N4,54.00000000000001
2020-05-23T02:00:00,N,N4,52.00000000000001
2020-05-23T03:00:00,N,N4,49.99999999999999
2020-05-23T04:00:00,N,N4,49.99999999999999
2020-05-23T05:00:00,N,N4,49.99999999999999
2020-05-23T06:00:00,N,N4,59.99999999999999
2020-05-23T07:00:00,N,N4,70.00000000000003
2020-05-23T08:00:00,N,N4,79.99999999999997
2020-05-23T09:00:00,N,N4,83.99999999999999
2020-05-23T10:00:00,N,N4,88.00000000000003
2020-05-23T11:00:00,N,N4,95.0
2020-05-23T12:00:00,N,N4,79.99999999999997
2020-05-23T13:00:00,N,N4,71.0
2020-05-23T14:00:00,N,N4,65.99999999999997
2020-05-23T15:00:00,N,N4,65.99999999999997
2020-05-23T16:00:00,N,N4,77.00000000000001
2020-05-23T17:00:00,N,N4,96.99999999999991
2020-05-23T18:00:00,N,N4,90.0
2020-05-23T19:00:00,N,N4,77.00000000000001
2020-05-23T20:00:00,N,N4,72.0
2020-05-23T21:00:00,N,N4,64.99999999999999
2020-05-23T22:00:00,N,N4,59.99999999999999
2020-05-23T23:00:00,N,N4,55.000000000000014
2020-05-24T00:00:00,N,N4,55.000000000000014
2020-05-24T01:00:00,N,N4,49.99999999999999
2020-05-24T02:00:00,N,N4,49.99999999999999
2020-05-24T03:00:00,N,N4,46.99999999999999
2020-05-24T04:00:00,N,N4,46.99999999999999
2020-05-24T05:00:00,N,N4,46.99999999999999
2020-05-24T06:00:00,N,N4,52.00000000000001
2020-05-24T07:00:00,N,N4,52.00000000000001
2020-05-24T08:00:00,N,N4,72.99999999999999
2020-05-24T09:00:00,N,N4,72.99999999999999
2020-05-24T10:00:00,N,N4,83.00000000000003
2020-05-24T11:00:00,N,N4,83.00000000000003
2020-05-24T12:00:00,N,N4,78.0
2020-05-24T13:00:00,N,N4,62.00000000000001
2020-05-24T14:00:00,N,N4,52.00000000000001
2020-05-24T15:00:00,N,N4,52.00000000000001
2020-05-24T16:00:00,N,N4,59.99999999999999
2020-05-24T17:00:00,N,N4,97.0
2020-05-24T18:00:00,N,N4,90.0
2020-05-24T19:00:00,N,N4,77.00000000000001
2020-05-24T20:00:00,N,N4,72.0
2020-05-24T21:00:00,N,N4,64.99999999999999
2020-05-24T22:00:00,N,N4,59.000000000000014
2020-05-24T23:00:00,N,N4,54.00000000000001
2020-05-25T00:00:00,N,N4,48.99999999999999
2020-05-25T01:00:00,N,N4,48.99999999999999
2020-05-25T02:00:00,N,N4,48.99999999999999
2020-05-25T03:00:00,N,N4,48.99999999999999
2020-05-25T04:00:00,N,N4,48.99999999999999
2020-05-25T05:00:00,N,N4,54.00000000000001
2020-05-25T06:00:00,N,N4,63.99999999999998
2020-05-25T07:00:00,N,N4,74.00000000000003
2020-05-25T08:00:00,N,N4,83.00000000000003
2020-05-25T09:00:00,N,N4,93.00000000000004
2020-05-25T10:00:00,N,N4,90.0
2020-05-25T11:00:00,N,N4,96.0
2020-05-25T12:00:00,N,N4,74.99999999999997
2020-05-25T13:00:00,N,N4,72.99999999999999
2020-05-25T14:00:00,N,N4,79.99999999999997
2020-05-25T15:00:00,N,N4,76.0
2020-05-25T16:00:00,N,N4,85.99999999999997
2020-05-25T17:00:00,N,N4,99.0
2020-05-25T18:00:00,N,N4,122.00000000000004
2020-05-25T19:00:00,N,N4,96.99999999999991
2020-05-25T20:00:00,N,N4,85.00000000000001
2020-05-25T21:00:00,N,N4,68.00000000000001
2020-05-25T22:00:00,N,N4,62.99999999999999
2020-05-25T23:00:00,N,N4,57.99999999999999
2020-05-26T00:00:00,N,N4,53.00000000000001
2020-05-26T01:00:00,N,N4,53.00000000000001
2020-05-26T02:00:00,N,N4,53.00000000000001
2020-05-26T03:00:00,N,N4,53.00000000000001
2020-05-26T04:00:00,N,N4,53.00000000000001
2020-05-26T05:00:00,N,N4,57.99999999999999
2020-05-26T06:00:00,N,N4,72.0
2020-05-26T07:00:00,N,N4,83.00000000000003
2020-05-26T08:00:00,N,N4,85.99999999999997
2020-05-26T09:00:00,N,N4,93.00000000000004
2020-05-26T10:00:00,N,N4,88.99999999999999
2020-05-26T11:00:00,N,N4,97.0
2020-05-26T12:00:00,N,N4,78.0
2020-05-26T13:00:00,N,N4,68.00000000000001
2020-05-26T14:00:00,N,N4,77.00000000000001
2020-05-26T15:00:00,N,N4,82.00000000000001
2020-05-26T16:00:00,N,N4,88.00000000000003
2020-05-26T17:00:00,N,N4,106.99999999999996
2020-05-26T18:00:00,N,N4,119.99999999999996
2020-05-26T19:00:00,N,N4,99.0
2020-05-26T20:00:00,N,N4,77.00000000000001
2020-05-26T21:00:00,N,N4,72.0
2020-05-26T22:00:00,N,N4,61.00000000000001
2020-05-26T23:00:00,N,N4,56.00000000000002
2020-05-27T00:00:00,N,N4,51.00000000000002
2020-05-27T01:00:00,N,N4,51.00000000000002
2020-05-27T02:00:00,N,N4,52.00000000000001
2020-05-27T03:00:00,N,N4,52.00000000000001
2020-05-27T04:00:00,N,N4,52.00000000000001
2020-05-27T05:00:00,N,N4,56.00000000000002
2020-05-27T06:00:00,N,N4,56.00000000000002
2020-05-27T07:00:00,N,N4,72.99999999999999
2020-05-27T08:00:00,N,N4,93.00000000000004
2020-05-27T09:00:00,N,N4,88.00000000000003
2020-05-27T10:00:00,N,N4,92.0
2020-05-27T11:00:00,N,N4,99.0
2020-05-27T12:00:00,N,N4,76.0
2020-05-27T13:00:00,N,N4,71.0
2020-05-27T14:00:00,N,N4,72.0
2020-05-27T15:00:00,N,N4,79.0
2020-05-27T16:00:00,N,N4,87.0
2020-05-27T17:00:00,N,N4,104.99999999999996
2020-05-27T18:00:00,N,N4,118.00000000000004
2020-05-27T19:00:00,N,N4,101.00000000000004
2020-05-27T20:00:00,N,N4,85.99999999999997
2020-05-27T21:00:00,N,N4,76.0
2020-05-27T22:00:00,N,N4,66.99999999999997
2020-05-27T23:00:00,N,N4,52.00000000000001
2020-05-28T00:00:00,N,N4,52.00000000000001
2020-05-28T01:00:00,N,N4,52.00000000000001
2020-05-28T02:00:00,N,N4,49.99999999999999
2020-05-28T03:00:00,N,N4,49.99999999999999
2020-05-28T04:00:00,N,N4,49.99999999999999
2020-05-28T05:00:00,N,N4,49.99999999999999
2020-05-28T06:00:00,N,N4,64.99999999999999
2020-05-28T07:00:00,N,N4,78.0
2020-05-28T08:00:00,N,N4,90.0
2020-05-28T09:00:00,N,N4,95.0
2020-05-28T10:00:00,N,N4,93.00000000000004
2020-05-28T11:00:00,N,N4,99.0
2020-05-28T12:00:00,N,N4,88.00000000000003
2020-05-28T13:00:00,N,N4,76.0
2020-05-28T14:00:00,N,N4,77.00000000000001
2020-05-28T15:00:00,N,N4,77.00000000000001
2020-05-28T16:00:00,N,N4,85.00000000000001
2020-05-28T17:00:00,N,N4,119.00000000000004
2020-05-28T18:00:00,N,N4,119.00000000000004
2020-05-28T19:00:00,N,N4,98.00000000000004
2020-05-28T20:00:00,N,N4,79.99999999999997
2020-05-28T21:00:00,N,N4,74.99999999999997
2020-05-28T22:00:00,N,N4,70.00000000000003
2020-05-28T23:00:00,N,N4,64.99999999999999
2020-05-29T00:00:00,N,N4,55.000000000000014
2020-05-29T01:00:00,N,N4,55.000000000000014
2020-05-29T02:00:00,N,N4,55.000000000000014
2020-05-29T03:00:00,N,N4,55.000000000000014
2020-05-29T04:00:00,N,N4,55.000000000000014
2020-05-29T05:00:00,N,N4,55.000000000000014
2020-05-29T06:00:00,N,N4,70.00000000000003
2020-05-29T07:00:00,N,N4,78.0
2020-05-29T08:00:00,N,N4,83.99999999999999
2020-05-29T09:00:00,N,N4,90.0
2020-05-29T10:00:00,N,N4,90.99999999999996
2020-05-29T11:00:00,N,N4,95.0
2020-05-29T12:00:00,N,N4,77.00000000000001
2020-05-29T13:00:00,N,N4,69.00000000000001
2020-05-29T14:00:00,N,N4,79.0
2020-05-29T15:00:00,N,N4,77.00000000000001
2020-05-29T16:00:00,N,N4,88.99999999999999
2020-05-29T17:00:00,N,N4,122.99999999999994
2020-05-29T18:00:00,N,N4,108.00000000000004
2020-05-29T19:00:00,N,N4,93.00000000000004
2020-05-29T20:00:00,N,N4,77.00000000000001
2020-05-29T21:00:00,N,N4,66.99999999999997
2020-05-29T22:00:00,N,N4,62.00000000000001
2020-05-29T23:00:00,N,N4,57.00000000000001
2020-05-30T00:00:00,N,N4,52.00000000000001
2020-05-30T01:00:00,N,N4,52.00000000000001
2020-05-30T02:00:00,N,N4,52.00000000000001
2020-05-30T03:00:00,N,N4,52.00000000000001
2020-05-30T04:00:00,N,N4,52.00000000000001
2020-05-30T05:00:00,N,N4,52.00000000000001
2020-05-30T06:00:00,N,N4,62.00000000000001
2020-05-30T07:00:00,N,N4,77.00000000000001
2020-05-30T08:00:00,N,N4,88.00000000000003
2020-05-30T09:00:00,N,N4,88.00000000000003
2020-05-30T10:00:00,N,N4,93.00000000000004
2020-05-30T11:00:00,N,N4,90.99999999999996
2020-05-30T12:00:00,N,N4,83.99999999999999
2020-05-30T13:00:00,N,N4,77.00000000000001
2020-05-30T14:00:00,N,N4,78.0
2020-05-30T15:00:00,N,N4,74.99999999999997
2020-05-30T16:00:00,N,N4,81.00000000000003
2020-05-30T17:00:00,N,N4,127.0
2020-05-30T18:00:00,N,N4,117.00000000000004
2020-05-30T19:00:00,N,N4,90.0
2020-05-30T20:00:00,N,N4,70.00000000000003
2020-05-30T21:00:00,N,N4,62.00000000000001
2020-05-30T22:00:00,N,N4,55.000000000000014
2020-05-30T23:00:00,N,N4,55.000000000000014
2020-05-31T00:00:00,N,N4,55.000000000000014
2020-05-31T01:00:00,N,N4,46.99999999999999
2020-05-31T02:00:00,N,N4,46.99999999999999
2020-05-31T03:00:00,N,N4,46.99999999999999
2020-05-31T04:00:00,N,N4,46.99999999999999
2020-05-31T05:00:00,N,N4,52.00000000000001
2020-05-31T06:00:00,N,N4,59.99999999999999
2020-05-31T07:00:00,N,N4,70.00000000000003
2020-05-31T08:00:00,N,N4,74.99999999999997
2020-05-31T09:00:00,N,N4,82.00000000000001
2020-05-31T10:00:00,N,N4,88.00000000000003
2020-05-31T11:00:00,N,N4,110.00000000000004
2020-05-31T12:00:00,N,N4,71.0
2020-05-31T13:00:00,N,N4,61.00000000000001
2020-05-31T14:00:00,N,N4,61.00000000000001
2020-05-31T15:00:00,N,N4,55.000000000000014
2020-05-31T16:00:00,N,N4,64.99999999999999
2020-05-31T17:00:00,N,N4,108.00000000000004
2020-05-31T18:00:00,N,N4,108.00000000000004
2020-05-31T19:00:00,N,N4,79.99999999999997
2020-05-31T20:00:00,N,N4,70.00000000000003
2020-05-31T21:00:00,N,N4,59.99999999999999
2020-05-31T22:00:00,N,N4,46.99999999999999
2020-05-31T23:00:00,N,N4,46.99999999999999
2020-06-01T00:00:00,N,N4,46.99999999999999
2020-06-01T01:00:00,N,N4,46.99999999999999
2020-06-01T02:00:00,N,N4,46.99999999999999
2020-06-01T03:00:00,N,N4,46.99999999999999
2020-06-01T04:00:00,N,N4,46.99999999999999
2020-06-01T05:00:00,N,N4,46.99999999999999
2020-06-01T06:00:00,N,N4,68.00000000000001
2020-06-01T07:00:00,N,N4,77.00000000000001
2020-06-01T08:00:00,N,N4,90.99999999999996
2020-06-01T09:00:00,N,N4,97.0
2020-06-01T10:00:00,N,N4,102.00000000000004
2020-06-01T11:00:00,N,N4,101.00000000000004
2020-06-01T12:00:00,N,N4,90.99999999999996
2020-06-01T13:00:00,N,N4,78.0
2020-06-01T14:00:00,N,N4,78.0
2020-06-01T15:00:00,N,N4,81.00000000000003
2020-06-01T16:00:00,N,N4,94.0
2020-06-01T17:00:00,N,N4,138.00000000000006
2020-06-01T18:00:00,N,N4,124.00000000000004
2020-06-01T19:00:00,N,N4,98.00000000000004
2020-06-01T20:00:00,N,N4,83.00000000000003
2020-06-01T21:00:00,N,N4,72.99999999999999
2020-06-01T22:00:00,N,N4,65.99999999999997
2020-06-01T23:00:00,N,N4,62.99999999999999
2020-06-02T00:00:00,N,N4,57.99999999999999
2020-06-02T01:00:00,N,N4,53.00000000000001
2020-06-02T02:00:00,N,N4,53.00000000000001
2020-06-02T03:00:00,N,N4,53.00000000000001
2020-06-02T04:00:00,N,N4,53.00000000000001
2020-06-02T05:00:00,N,N4,57.99999999999999
2020-06-02T06:00:00,N,N4,83.00000000000003
2020-06-02T07:00:00,N,N4,78.0
2020-06-02T08:00:00,N,N4,83.99999999999999
2020-06-02T09:00:00,N,N4,83.99999999999999
2020-06-02T10:00:00,N,N4,95.0
2020-06-02T11:00:00,N,N4,102.00000000000004
2020-06-02T12:00:00,N,N4,81.99999999999994
2020-06-02T13:00:00,N,N4,76.0
2020-06-02T14:00:00,N,N4,83.00000000000003
2020-06-02T15:00:00,N,N4,83.00000000000003
2020-06-02T16:00:00,N,N4,88.00000000000003
2020-06-02T17:00:00,N,N4,142.00000000000003
2020-06-02T18:00:00,N,N4,127.99999999999996
2020-06-02T19:00:00,N,N4,104.99999999999996
2020-06-02T20:00:00,N,N4,87.0
2020-06-02T21:00:00,N,N4,77.00000000000001
2020-06-02T22:00:00,N,N4,66.99999999999997
2020-06-02T23:00:00,N,N4,66.99999999999997
2020-06-03T00:00:00,N,N4,56.00000000000002
2020-06-03T01:00:00,N,N4,56.00000000000002
2020-06-03T02:00:00,N,N4,56.00000000000002
2020-06-03T03:00:00,N,N4,56.00000000000002
2020-06-03T04:00:00,N,N4,56.00000000000002
2020-06-03T05:00:00,N,N4,56.00000000000002
2020-06-03T06:00:00,N,N4,72.0
2020-06-03T07:00:00,N,N4,76.0
2020-06-03T08:00:00,N,N4,94.0
2020-06-03T09:00:00,N,N4,94.0
2020-06-03T10:00:00,N,N4,98.00000000000004
2020-06-03T11:00:00,N,N4,101.00000000000004
2020-06-03T12:00:00,N,N4,90.99999999999996
2020-06-03T13:00:00,N,N4,83.00000000000003
2020-06-03T14:00:00,N,N4,83.00000000000003
2020-06-03T15:00:00,N,N4,85.99999999999997
2020-06-03T16:00:00,N,N4,96.0
2020-06-03T17:00:00,N,N4,138.00000000000006
2020-06-03T18:00:00,N,N4,133.0
2020-06-03T19:00:00,N,N4,104.99999999999996
2020-06-03T20:00:00,N,N4,83.00000000000003
2020-06-03T21:00:00,N,N4,72.99999999999999
2020-06-03T22:00:00,N,N4,62.99999999999999
2020-06-03T23:00:00,N,N4,57.99999999999999
2020-06-04T00:00:00,N,N4,53.00000000000001
2020-06-04T01:00:00,N,N4,48.99999999999999
2020-06-04T02:00:00,N,N4,48.99999999999999
2020-06-04T03:00:00,N,N4,48.99999999999999
2020-06-04T04:00:00,N,N4,48.99999999999999
2020-06-04T05:00:00,N,N4,48.99999999999999
2020-06-04T06:00:00,N,N4,63.99999999999998
2020-06-04T07:00:00,N,N4,74.00000000000003
2020-06-04T08:00:00,N,N4,83.99999999999999
2020-06-04T09:00:00,N,N4,88.00000000000003
2020-06-04T10:00:00,N,N4,88.99999999999999
2020-06-04T11:00:00,N,N4,93.00000000000004
2020-06-04T12:00:00,N,N4,77.00000000000001
2020-06-04T13:00:00,N,N4,72.0
2020-06-04T14:00:00,N,N4,72.0
2020-06-04T15:00:00,N,N4,83.99999999999999
2020-06-04T16:00:00,N,N4,97.0
2020-06-04T17:00:00,N,N4,113.00000000000004
2020-06-04T18:00:00,N,N4,106.99999999999996
2020-06-04T19:00:00,N,N4,83.00000000000003
2020-06-04T20:00:00,N,N4,88.58333333333333
2020-06-04T21:00:00,N,N4,78.74999999999999
2020-06-04T22:00:00,N,N4,70.75
2020-06-04T23:00:00,N,N4,65.91666666666667
2020-06-05T00:00:00,N,N4,61.333333333333336
2020-06-05T01:00:00,N,N4,60.25
2020-06-05T02:00:00,N,N4,59.083333333333336
2020-06-05T03:00:00,N,N4,58.91666666666666
2020-06-05T04:00:00,N,N4,58.75
2020-06-05T05:00:00,N,N4,62.583333333333336
2020-06-05T06:00:00,N,N4,74.91666666666667
2020-06-05T07:00:00,N,N4,68.00000000000001
2020-06-05T08:00:00,N,N4,77.00000000000001
2020-06-05T09:00:00,N,N4,87.0
2020-06-05T10:00:00,N,N4,93.00000000000004
2020-06-05T11:00:00,N,N4,95.0
2020-06-05T12:00:00,N,N4,71.0
2020-06-05T13:00:00,N,N4,65.99999999999997
2020-06-05T14:00:00,N,N4,74.99999999999997
2020-06-05T15:00:00,N,N4,72.0
2020-06-05T16:00:00,N,N4,78.0
2020-06-05T17:00:00,N,N4,108.00000000000004
2020-06-05T18:00:00,N,N4,106.99999999999996
2020-06-05T19:00:00,N,N4,88.00000000000003
2020-06-05T20:00:00,N,N4,79.0
2020-06-05T21:00:00,N,N4,63.99999999999998
2020-06-05T22:00:00,N,N4,59.000000000000014
2020-06-05T23:00:00,N,N4,54.00000000000001
2020-06-06T00:00:00,N,N4,54.00000000000001
2020-06-06T01:00:00,N,N4,54.00000000000003
2020-06-06T02:00:00,N,N4,48.99999999999999
2020-06-06T03:00:00,N,N4,48.99999999999999
2020-06-06T04:00:00,N,N4,48.99999999999999
2020-06-06T05:00:00,N,N4,54.00000000000001
2020-06-06T06:00:00,N,N4,63.99999999999998
2020-06-06T07:00:00,N,N4,71.0
2020-06-06T08:00:00,N,N4,83.00000000000003
2020-06-06T09:00:00,N,N4,93.00000000000004
2020-06-06T10:00:00,N,N4,94.0
2020-06-06T11:00:00,N,N4,98.00000000000004
2020-06-06T12:00:00,N,N4,88.00000000000003
2020-06-06T13:00:00,N,N4,79.99999999999997
2020-06-06T14:00:00,N,N4,77.00000000000001
2020-06-06T15:00:00,N,N4,79.99999999999997
2020-06-06T16:00:00,N,N4,85.99999999999997
2020-06-06T17:00:00,N,N4,105.99999999999996
2020-06-06T18:00:00,N,N4,117.00000000000004
2020-06-06T19:00:00,N,N4,92.0
2020-06-06T20:00:00,N,N4,82.00000000000001
2020-06-06T21:00:00,N,N4,72.0
2020-06-06T22:00:00,N,N4,62.00000000000001
2020-06-06T23:00:00,N,N4,57.00000000000001
2020-06-07T00:00:00,N,N4,57.00000000000001
2020-06-07T01:00:00,N,N4,55.000000000000014
2020-06-07T02:00:00,N,N4,52.00000000000001
2020-06-07T03:00:00,N,N4,52.00000000000001
2020-06-07T04:00:00,N,N4,51.00000000000002
2020-06-07T05:00:00,N,N4,56.00000000000002
2020-06-07T06:00:00,N,N4,79.99999999999997
2020-06-07T07:00:00,N,N4,69.00000000000001
2020-06-07T08:00:00,N,N4,74.00000000000003
2020-06-07T09:00:00,N,N4,79.99999999999997
2020-06-07T10:00:00,N,N4,90.0
2020-06-07T11:00:00,N,N4,90.0
2020-06-07T12:00:00,N,N4,74.99999999999997
2020-06-07T13:00:00,N,N4,64.99999999999999
2020-06-07T14:00:00,N,N4,59.99999999999999
2020-06-07T15:00:00,N,N4,59.99999999999999
2020-06-07T16:00:00,N,N4,65.99999999999997
2020-06-07T17:00:00,N,N4,110.99999999999996
2020-06-07T18:00:00,N,N4,101.00000000000004
2020-06-07T19:00:00,N,N4,79.99999999999997
2020-06-07T20:00:00,N,N4,74.00000000000003
2020-06-07T21:00:00,N,N4,69.00000000000001
2020-06-07T22:00:00,N,N4,59.000000000000014
2020-06-07T23:00:00,N,N4,54.00000000000001
2020-06-08T00:00:00,N,N4,54.00000000000001
2020-06-08T01:00:00,N,N4,54.00000000000003
2020-06-08T02:00:00,N,N4,54.00000000000001
2020-06-08T03:00:00,N,N4,54.00000000000001
2020-06-08T04:00:00,N,N4,54.00000000000003
2020-06-08T05:00:00,N,N4,54.00000000000001
2020-06-08T06:00:00,N,N4,69.00000000000001
2020-06-08T07:00:00,N,N4,83.99999999999999
2020-06-08T08:00:00,N,N4,95.0
2020-06-08T09:00:00,N,N4,93.00000000000004
2020-06-08T10:00:00,N,N4,104.0
2020-06-08T11:00:00,N,N4,101.00000000000004
2020-06-08T12:00:00,N,N4,83.00000000000003
2020-06-08T13:00:00,N,N4,79.99999999999997
2020-06-08T14:00:00,N,N4,81.00000000000003
2020-06-08T15:00:00,N,N4,82.00000000000001
2020-06-08T16:00:00,N,N4,90.99999999999996
2020-06-08T17:00:00,N,N4,128.99999999999997
2020-06-08T18:00:00,N,N4,126.0
2020-06-08T19:00:00,N,N4,97.0
2020-06-08T20:00:00,N,N4,78.0
2020-06-08T21:00:00,N,N4,62.00000000000001
2020-06-08T22:00:00,N,N4,62.00000000000001
2020-06-08T23:00:00,N,N4,55.000000000000014
2020-06-09T00:00:00,N,N4,55.000000000000014
2020-06-09T01:00:00,N,N4,55.000000000000014
2020-06-09T02:00:00,N,N4,52.00000000000001
2020-06-09T03:00:00,N,N4,52.00000000000001
2020-06-09T04:00:00,N,N4,52.00000000000001
2020-06-09T05:00:00,N,N4,52.00000000000001
2020-06-09T06:00:00,N,N4,71.0
2020-06-09T07:00:00,N,N4,74.00000000000003
2020-06-09T08:00:00,N,N4,92.0
2020-06-09T09:00:00,N,N4,96.0
2020-06-09T10:00:00,N,N4,101.99999999999996
2020-06-09T11:00:00,N,N4,110.99999999999996
2020-06-09T12:00:00,N,N4,90.0
2020-06-09T13:00:00,N,N4,81.00000000000003
2020-06-09T14:00:00,N,N4,96.0
2020-06-09T15:00:00,N,N4,94.0
2020-06-09T16:00:00,N,N4,93.00000000000004
2020-06-09T17:00:00,N,N4,128.99999999999997
2020-06-09T18:00:00,N,N4,122.00000000000004
2020-06-09T19:00:00,N,N4,100.00000000000004
2020-06-09T20:00:00,N,N4,81.00000000000003
2020-06-09T21:00:00,N,N4,77.00000000000001
2020-06-09T22:00:00,N,N4,64.99999999999999
2020-06-09T23:00:00,N,N4,59.99999999999999
2020-06-10T00:00:00,N,N4,52.00000000000001
2020-06-10T01:00:00,N,N4,52.00000000000001
2020-06-10T02:00:00,N,N4,52.00000000000001
2020-06-10T03:00:00,N,N4,52.00000000000001
2020-06-10T04:00:00,N,N4,52.00000000000001
2020-06-10T05:00:00,N,N4,59.99999999999999
2020-06-10T06:00:00,N,N4,72.0
2020-06-10T07:00:00,N,N4,74.00000000000003
2020-06-10T08:00:00,N,N4,83.99999999999999
2020-06-10T09:00:00,N,N4,93.00000000000004
2020-06-10T10:00:00,N,N4,96.99999999999991
2020-06-10T11:00:00,N,N4,106.99999999999996
2020-06-10T12:00:00,N,N4,93.00000000000004
2020-06-10T13:00:00,N,N4,87.0
2020-06-10T14:00:00,N,N4,94.0
2020-06-10T15:00:00,N,N4,90.0
2020-06-10T16:00:00,N,N4,96.0
2020-06-10T17:00:00,N,N4,111.99999999999996
2020-06-10T18:00:00,N,N4,122.99999999999994
2020-06-10T19:00:00,N,N4,103.0
2020-06-10T20:00:00,N,N4,90.0
2020-06-10T21:00:00,N,N4,74.99999999999997
2020-06-10T22:00:00,N,N4,69.00000000000001
2020-06-10T23:00:00,N,N4,63.99999999999998
2020-06-11T00:00:00,N,N4,63.99999999999998
2020-06-11T01:00:00,N,N4,59.000000000000014
2020-06-11T02:00:00,N,N4,59.000000000000014
2020-06-11T03:00:00,N,N4,59.000000000000014
2020-06-11T04:00:00,N,N4,59.000000000000014
2020-06-11T05:00:00,N,N4,59.000000000000014
2020-06-11T06:00:00,N,N4,74.99999999999997
2020-06-11T07:00:00,N,N4,79.99999999999997
2020-06-11T08:00:00,N,N4,98.00000000000004
2020-06-11T09:00:00,N,N4,103.0
2020-06-11T10:00:00,N,N4,106.99999999999996
2020-06-11T11:00:00,N,N4,110.99999999999996
2020-06-11T12:00:00,N,N4,97.0
2020-06-11T13:00:00,N,N4,88.99999999999999
2020-06-11T14:00:00,N,N4,100.00000000000004
2020-06-11T15:00:00,N,N4,99.0
2020-06-11T16:00:00,N,N4,100.00000000000004
2020-06-11T17:00:00,N,N4,125.00000000000004
2020-06-11T18:00:00,N,N4,117.00000000000004
2020-06-11T19:00:00,N,N4,100.00000000000004
2020-06-11T20:00:00,N,N4,87.0
2020-06-11T21:00:00,N,N4,78.0
2020-06-11T22:00:00,N,N4,74.00000000000003
2020-06-11T23:00:00,N,N4,69.00000000000001
2020-06-12T00:00:00,N,N4,63.99999999999998
2020-06-12T01:00:00,N,N4,63.99999999999998
2020-06-12T02:00:00,N,N4,62.00000000000001
2020-06-12T03:00:00,N,N4,59.99999999999999
2020-06-12T04:00:00,N,N4,59.99999999999999
2020-06-12T05:00:00,N,N4,59.99999999999999
2020-06-12T06:00:00,N,N4,74.00000000000003
2020-06-12T07:00:00,N,N4,88.99999999999999
2020-06-12T08:00:00,N,N4,94.0
2020-06-12T09:00:00,N,N4,88.99999999999999
2020-06-12T10:00:00,N,N4,99.0
2020-06-12T11:00:00,N,N4,108.99999999999996
2020-06-12T12:00:00,N,N4,88.00000000000003
2020-06-12T13:00:00,N,N4,82.00000000000001
2020-06-12T14:00:00,N,N4,90.99999999999996
2020-06-12T15:00:00,N,N4,90.0
2020-06-12T16:00:00,N,N4,95.0
2020-06-12T17:00:00,N,N4,108.99999999999996
2020-06-12T18:00:00,N,N4,124.00000000000004
2020-06-12T19:00:00,N,N4,105.99999999999996
2020-06-12T20:00:00,N,N4,90.0
2020-06-12T21:00:00,N,N4,78.0
2020-06-12T22:00:00,N,N4,76.0
2020-06-12T23:00:00,N,N4,71.0
2020-06-13T00:00:00,N,N4,65.99999999999997
2020-06-13T01:00:00,N,N4,62.99999999999999
2020-06-13T02:00:00,N,N4,62.99999999999999
2020-06-13T03:00:00,N,N4,62.99999999999999
2020-06-13T04:00:00,N,N4,64.99999999999999
2020-06-13T05:00:00,N,N4,68.00000000000001
2020-06-13T06:00:00,N,N4,74.99999999999997
2020-06-13T07:00:00,N,N4,82.00000000000001
2020-06-13T08:00:00,N,N4,88.00000000000003
2020-06-13T09:00:00,N,N4,96.0
2020-06-13T10:00:00,N,N4,100.00000000000004
2020-06-13T11:00:00,N,N4,101.99999999999996
2020-06-13T12:00:00,N,N4,94.0
2020-06-13T13:00:00,N,N4,78.0
2020-06-13T14:00:00,N,N4,78.0
2020-06-13T15:00:00,N,N4,85.00000000000001
2020-06-13T16:00:00,N,N4,83.00000000000003
2020-06-13T17:00:00,N,N4,103.0
2020-06-13T18:00:00,N,N4,114.00000000000004
2020-06-13T19:00:00,N,N4,88.00000000000003
2020-06-13T20:00:00,N,N4,81.00000000000003
2020-06-13T21:00:00,N,N4,68.00000000000001
2020-06-13T22:00:00,N,N4,68.00000000000001
2020-06-13T23:00:00,N,N4,57.99999999999999
2020-06-14T00:00:00,N,N4,57.00000000000001
2020-06-14T01:00:00,N,N4,57.00000000000001
2020-06-14T02:00:00,N,N4,54.00000000000001
2020-06-14T03:00:00,N,N4,54.00000000000001
2020-06-14T04:00:00,N,N4,55.000000000000014
2020-06-14T05:00:00,N,N4,56.00000000000002
2020-06-14T06:00:00,N,N4,66.99999999999997
2020-06-14T07:00:00,N,N4,77.00000000000001
2020-06-14T08:00:00,N,N4,77.00000000000001
2020-06-14T09:00:00,N,N4,79.99999999999997
2020-06-14T10:00:00,N,N4,85.00000000000001
2020-06-14T11:00:00,N,N4,85.00000000000001
2020-06-14T12:00:00,N,N4,69.00000000000001
2020-06-14T13:00:00,N,N4,57.00000000000001
2020-06-14T14:00:00,N,N4,65.99999999999997
2020-06-14T15:00:00,N,N4,57.00000000000001
2020-06-14T16:00:00,N,N4,61.00000000000001
2020-06-14T17:00:00,N,N4,115.0
2020-06-14T18:00:00,N,N4,104.99999999999996
2020-06-14T19:00:00,N,N4,87.0
2020-06-14T20:00:00,N,N4,79.0
2020-06-14T21:00:00,N,N4,70.00000000000003
2020-06-14T22:00:00,N,N4,64.99999999999999
2020-06-14T23:00:00,N,N4,59.99999999999999
2020-06-15T00:00:00,N,N4,56.00000000000002
2020-06-15T01:00:00,N,N4,56.00000000000002
2020-06-15T02:00:00,N,N4,55.000000000000014
2020-06-15T03:00:00,N,N4,55.000000000000014
2020-06-15T04:00:00,N,N4,56.00000000000002
2020-06-15T05:00:00,N,N4,59.99999999999999
2020-06-15T06:00:00,N,N4,72.0
2020-06-15T07:00:00,N,N4,72.0
2020-06-15T08:00:00,N,N4,90.0
2020-06-15T09:00:00,N,N4,94.0
2020-06-15T10:00:00,N,N4,97.0
2020-06-15T11:00:00,N,N4,90.0
2020-06-15T12:00:00,N,N4,77.00000000000001
2020-06-15T13:00:00,N,N4,85.00000000000001
2020-06-15T14:00:00,N,N4,92.0
2020-06-15T15:00:00,N,N4,92.0
2020-06-15T16:00:00,N,N4,93.00000000000004
2020-06-15T17:00:00,N,N4,110.00000000000004
2020-06-15T18:00:00,N,N4,127.99999999999996
2020-06-15T19:00:00,N,N4,106.99999999999996
2020-06-15T20:00:00,N,N4,88.00000000000003
2020-06-15T21:00:00,N,N4,77.00000000000001
2020-06-15T22:00:00,N,N4,62.00000000000001
2020-06-15T23:00:00,N,N4,61.00000000000001
2020-06-16T00:00:00,N,N4,61.00000000000001
2020-06-16T01:00:00,N,N4,56.00000000000002
2020-06-16T02:00:00,N,N4,56.00000000000002
2020-06-16T03:00:00,N,N4,56.00000000000002
2020-06-16T04:00:00,N,N4,56.00000000000002
2020-06-16T05:00:00,N,N4,56.00000000000002
2020-06-16T06:00:00,N,N4,72.0
2020-06-16T07:00:00,N,N4,83.99999999999999
2020-06-16T08:00:00,N,N4,90.0
2020-06-16T09:00:00,N,N4,99.0
2020-06-16T10:00:00,N,N4,98.00000000000004
2020-06-16T11:00:00,N,N4,106.99999999999996
2020-06-16T12:00:00,N,N4,85.00000000000001
2020-06-16T13:00:00,N,N4,77.00000000000001
2020-06-16T14:00:00,N,N4,93.00000000000004
2020-06-16T15:00:00,N,N4,94.0
2020-06-16T16:00:00,N,N4,97.0
2020-06-16T17:00:00,N,N4,129.99999999999997
2020-06-16T18:00:00,N,N4,127.99999999999996
2020-06-16T19:00:00,N,N4,99.0
2020-06-16T20:00:00,N,N4,74.99999999999997
2020-06-16T21:00:00,N,N4,62.00000000000001
2020-06-16T22:00:00,N,N4,62.00000000000001
2020-06-16T23:00:00,N,N4,55.000000000000014
2020-06-17T00:00:00,N,N4,55.000000000000014
2020-06-17T01:00:00,N,N4,55.000000000000014
2020-06-17T02:00:00,N,N4,55.000000000000014
2020-06-17T03:00:00,N,N4,55.000000000000014
2020-06-17T04:00:00,N,N4,55.000000000000014
2020-06-17T05:00:00,N,N4,55.000000000000014
2020-06-17T06:00:00,N,N4,74.99999999999997
2020-06-17T07:00:00,N,N4,78.0
2020-06-17T08:00:00,N,N4,85.99999999999997
2020-06-17T09:00:00,N,N4,88.99999999999999
2020-06-17T10:00:00,N,N4,93.00000000000004
2020-06-17T11:00:00,N,N4,100.00000000000004
2020-06-17T12:00:00,N,N4,88.99999999999999
2020-06-17T13:00:00,N,N4,77.00000000000001
2020-06-17T14:00:00,N,N4,85.99999999999997
2020-06-17T15:00:00,N,N4,85.00000000000001
2020-06-17T16:00:00,N,N4,93.00000000000004
2020-06-17T17:00:00,N,N4,131.99999999999997
2020-06-17T18:00:00,N,N4,131.99999999999997
2020-06-17T19:00:00,N,N4,104.99999999999996
2020-06-17T20:00:00,N,N4,92.0
2020-06-17T21:00:00,N,N4,74.99999999999997
2020-06-17T22:00:00,N,N4,66.99999999999997
2020-06-17T23:00:00,N,N4,62.000000000000064
2020-06-18T00:00:00,N,N4,55.000000000000014
2020-06-18T01:00:00,N,N4,55.000000000000014
2020-06-18T02:00:00,N,N4,55.000000000000014
2020-06-18T03:00:00,N,N4,55.000000000000014
2020-06-18T04:00:00,N,N4,55.000000000000014
2020-06-18T05:00:00,N,N4,62.00000000000001
2020-06-18T06:00:00,N,N4,77.00000000000001
2020-06-18T07:00:00,N,N4,79.99999999999997
2020-06-18T08:00:00,N,N4,88.00000000000003
2020-06-18T09:00:00,N,N4,97.0
2020-06-18T10:00:00,N,N4,108.00000000000004
2020-06-18T11:00:00,N,N4,114.00000000000004
2020-06-18T12:00:00,N,N4,94.0
2020-06-18T13:00:00,N,N4,88.00000000000003
2020-06-18T14:00:00,N,N4,100.00000000000004
2020-06-18T15:00:00,N,N4,96.99999999999991
2020-06-18T16:00:00,N,N4,101.00000000000004
2020-06-18T17:00:00,N,N4,131.99999999999997
2020-06-18T18:00:00,N,N4,127.99999999999996
2020-06-18T19:00:00,N,N4,111.99999999999996
2020-06-18T20:00:00,N,N4,90.99999999999996
2020-06-18T21:00:00,N,N4,74.99999999999997
2020-06-18T22:00:00,N,N4,62.00000000000001
2020-06-18T23:00:00,N,N4,62.000000000000064
2020-06-19T00:00:00,N,N4,62.00000000000001
2020-06-19T01:00:00,N,N4,55.000000000000014
2020-06-19T02:00:00,N,N4,55.000000000000014
2020-06-19T03:00:00,N,N4,55.000000000000014
2020-06-19T04:00:00,N,N4,55.000000000000014
2020-06-19T05:00:00,N,N4,66.99999999999997
2020-06-19T06:00:00,N,N4,76.0
2020-06-19T07:00:00,N,N4,92.0
2020-06-19T08:00:00,N,N4,98.00000000000004
2020-06-19T09:00:00,N,N4,99.0
2020-06-19T10:00:00,N,N4,108.00000000000004
2020-06-19T11:00:00,N,N4,113.00000000000004
2020-06-19T12:00:00,N,N4,99.0
2020-06-19T13:00:00,N,N4,92.0
2020-06-19T14:00:00,N,N4,100.00000000000004
2020-06-19T15:00:00,N,N4,100.00000000000004
2020-06-19T16:00:00,N,N4,104.99999999999996
2020-06-19T17:00:00,N,N4,117.00000000000004
2020-06-19T18:00:00,N,N4,137.00000000000003
2020-06-19T19:00:00,N,N4,111.99999999999996
2020-06-19T20:00:00,N,N4,87.0
2020-06-19T21:00:00,N,N4,90.0
2020-06-19T22:00:00,N,N4,79.99999999999997
2020-06-19T23:00:00,N,N4,74.99999999999997
2020-06-20T00:00:00,N,N4,69.00000000000001
2020-06-20T01:00:00,N,N4,69.00000000000001
2020-06-20T02:00:00,N,N4,69.00000000000001
2020-06-20T03:00:00,N,N4,69.00000000000001
2020-06-20T04:00:00,N,N4,69.00000000000001
2020-06-20T05:00:00,N,N4,69.00000000000001
2020-06-20T06:00:00,N,N4,83.99999999999999
2020-06-20T07:00:00,N,N4,90.0
2020-06-20T08:00:00,N,N4,95.0
2020-06-20T09:00:00,N,N4,105.99999999999996
2020-06-20T10:00:00,N,N4,103.0
2020-06-20T11:00:00,N,N4,114.00000000000004
2020-06-20T12:00:00,N,N4,93.00000000000004
2020-06-20T13:00:00,N,N4,98.00000000000004
2020-06-20T14:00:00,N,N4,92.0
2020-06-20T15:00:00,N,N4,100.00000000000004
2020-06-20T16:00:00,N,N4,100.00000000000004
2020-06-20T17:00:00,N,N4,111.99999999999996
2020-06-20T18:00:00,N,N4,129.99999999999997
2020-06-20T19:00:00,N,N4,104.99999999999996
2020-06-20T20:00:00,N,N4,93.00000000000004
2020-06-20T21:00:00,N,N4,90.0
2020-06-20T22:00:00,N,N4,79.99999999999997
2020-06-20T23:00:00,N,N4,70.00000000000003
2020-06-21T00:00:00,N,N4,70.00000000000003
2020-06-21T01:00:00,N,N4,64.99999999999999
2020-06-21T02:00:00,N,N4,62.99999999999999
2020-06-21T03:00:00,N,N4,59.99999999999999
2020-06-21T04:00:00,N,N4,59.99999999999999
2020-06-21T05:00:00,N,N4,59.99999999999999
2020-06-21T06:00:00,N,N4,70.00000000000003
2020-06-21T07:00:00,N,N4,85.99999999999997
2020-06-21T08:00:00,N,N4,85.99999999999997
2020-06-21T09:00:00,N,N4,85.99999999999997
2020-06-21T10:00:00,N,N4,92.0
2020-06-21T11:00:00,N,N4,97.0
2020-06-21T12:00:00,N,N4,77.00000000000001
2020-06-21T13:00:00,N,N4,72.0
2020-06-21T14:00:00,N,N4,66.99999999999997
2020-06-21T15:00:00,N,N4,66.99999999999997
2020-06-21T16:00:00,N,N4,74.99999999999997
2020-06-21T17:00:00,N,N4,100.00000000000004
2020-06-21T18:00:00,N,N4,100.00000000000004
2020-06-21T19:00:00,N,N4,79.99999999999997
2020-06-21T20:00:00,N,N4,79.99999999999997
2020-06-21T21:00:00,N,N4,74.00000000000003
2020-06-21T22:00:00,N,N4,72.0
2020-06-21T23:00:00,N,N4,66.99999999999997
2020-06-22T00:00:00,N,N4,66.99999999999997
2020-06-22T01:00:00,N,N4,62.00000000000001
2020-06-22T02:00:00,N,N4,62.000000000000064
2020-06-22T03:00:00,N,N4,62.00000000000001
2020-06-22T04:00:00,N,N4,62.00000000000001
2020-06-22T05:00:00,N,N4,62.00000000000001
2020-06-22T06:00:00,N,N4,83.00000000000003
2020-06-22T07:00:00,N,N4,87.0
2020-06-22T08:00:00,N,N4,97.0
2020-06-22T09:00:00,N,N4,108.99999999999996
2020-06-22T10:00:00,N,N4,114.00000000000004
2020-06-22T11:00:00,N,N4,119.00000000000004
2020-06-22T12:00:00,N,N4,104.99999999999996
2020-06-22T13:00:00,N,N4,96.0
2020-06-22T14:00:00,N,N4,105.99999999999996
2020-06-22T15:00:00,N,N4,104.99999999999996
2020-06-22T16:00:00,N,N4,108.00000000000004
2020-06-22T17:00:00,N,N4,122.00000000000004
2020-06-22T18:00:00,N,N4,144.0
2020-06-22T19:00:00,N,N4,119.00000000000004
2020-06-22T20:00:00,N,N4,104.99999999999996
2020-06-22T21:00:00,N,N4,90.0
2020-06-22T22:00:00,N,N4,81.00000000000003
2020-06-22T23:00:00,N,N4,76.0
2020-06-23T00:00:00,N,N4,71.0
2020-06-23T01:00:00,N,N4,71.0
2020-06-23T02:00:00,N,N4,71.0
2020-06-23T03:00:00,N,N4,71.0
2020-06-23T04:00:00,N,N4,71.0
2020-06-23T05:00:00,N,N4,71.0
2020-06-23T06:00:00,N,N4,85.99999999999997
2020-06-23T07:00:00,N,N4,96.0
2020-06-23T08:00:00,N,N4,105.99999999999996
2020-06-23T09:00:00,N,N4,97.0
2020-06-23T10:00:00,N,N4,108.00000000000004
2020-06-23T11:00:00,N,N4,114.00000000000004
2020-06-23T12:00:00,N,N4,98.00000000000004
2020-06-23T13:00:00,N,N4,85.99999999999997
2020-06-23T14:00:00,N,N4,97.0
2020-06-23T15:00:00,N,N4,88.00000000000003
2020-06-23T16:00:00,N,N4,102.00000000000004
2020-06-23T17:00:00,N,N4,149.0
2020-06-23T18:00:00,N,N4,144.0
2020-06-23T19:00:00,N,N4,116.0
2020-06-23T20:00:00,N,N4,98.00000000000004
2020-06-23T21:00:00,N,N4,79.99999999999997
2020-06-23T22:00:00,N,N4,74.99999999999997
2020-06-23T23:00:00,N,N4,66.99999999999997
2020-06-24T00:00:00,N,N4,62.00000000000001
2020-06-24T01:00:00,N,N4,62.00000000000001
2020-06-24T02:00:00,N,N4,62.00000000000001
2020-06-24T03:00:00,N,N4,62.00000000000001
2020-06-24T04:00:00,N,N4,62.00000000000001
2020-06-24T05:00:00,N,N4,66.99999999999997
2020-06-24T06:00:00,N,N4,83.00000000000003
2020-06-24T07:00:00,N,N4,85.99999999999997
2020-06-24T08:00:00,N,N4,103.0
2020-06-24T09:00:00,N,N4,108.99999999999996
2020-06-24T10:00:00,N,N4,114.00000000000004
2020-06-24T11:00:00,N,N4,115.0
2020-06-24T12:00:00,N,N4,104.99999999999996
2020-06-24T13:00:00,N,N4,104.0
2020-06-24T14:00:00,N,N4,106.99999999999996
2020-06-24T15:00:00,N,N4,106.99999999999996
2020-06-24T16:00:00,N,N4,118.00000000000004
2020-06-24T17:00:00,N,N4,149.99999999999997
2020-06-24T18:00:00,N,N4,146.99999999999997
2020-06-24T19:00:00,N,N4,115.0
2020-06-24T20:00:00,N,N4,100.00000000000004
2020-06-24T21:00:00,N,N4,74.99999999999997
2020-06-24T22:00:00,N,N4,74.99999999999997
2020-06-24T23:00:00,N,N4,66.99999999999997
2020-06-25T00:00:00,N,N4,62.00000000000001
2020-06-25T01:00:00,N,N4,62.000000000000064
2020-06-25T02:00:00,N,N4,62.00000000000001
2020-06-25T03:00:00,N,N4,62.00000000000001
2020-06-25T04:00:00,N,N4,62.00000000000001
2020-06-25T05:00:00,N,N4,72.0
2020-06-25T06:00:00,N,N4,78.0
2020-06-25T07:00:00,N,N4,88.00000000000003
2020-06-25T08:00:00,N,N4,95.0
2020-06-25T09:00:00,N,N4,97.0
2020-06-25T10:00:00,N,N4,99.0
2020-06-25T11:00:00,N,N4,110.00000000000004
2020-06-25T12:00:00,N,N4,90.99999999999996
2020-06-25T13:00:00,N,N4,82.00000000000001
2020-06-25T14:00:00,N,N4,88.00000000000003
2020-06-25T15:00:00,N,N4,85.99999999999997
2020-06-25T16:00:00,N,N4,85.99999999999997
2020-06-25T17:00:00,N,N4,86.00000000000004
2020-06-25T18:00:00,N,N4,114.00000000000004
2020-06-25T19:00:00,N,N4,100.00000000000004
2020-06-25T20:00:00,N,N4,77.00000000000001
2020-06-25T21:00:00,N,N4,72.0
2020-06-25T22:00:00,N,N4,64.99999999999999
2020-06-25T23:00:00,N,N4,59.99999999999999
2020-06-26T00:00:00,N,N4,59.99999999999999
2020-06-26T01:00:00,N,N4,59.99999999999999
2020-06-26T02:00:00,N,N4,59.99999999999999
2020-06-26T03:00:00,N,N4,59.99999999999999
2020-06-26T04:00:00,N,N4,57.99999999999999
2020-06-26T05:00:00,N,N4,64.99999999999999
2020-06-26T06:00:00,N,N4,82.00000000000001
2020-06-26T07:00:00,N,N4,79.99999999999997
2020-06-26T08:00:00,N,N4,98.00000000000004
2020-06-26T09:00:00,N,N4,108.99999999999989
2020-06-26T10:00:00,N,N4,104.99999999999996
2020-06-26T11:00:00,N,N4,105.99999999999996
2020-06-26T12:00:00,N,N4,99.0
2020-06-26T13:00:00,N,N4,94.0
2020-06-26T14:00:00,N,N4,96.0
2020-06-26T15:00:00,N,N4,100.00000000000004
2020-06-26T16:00:00,N,N4,121.00000000000004
2020-06-26T17:00:00,N,N4,142.99999999999994
2020-06-26T18:00:00,N,N4,144.99999999999997
2020-06-26T19:00:00,N,N4,108.99999999999996
2020-06-26T20:00:00,N,N4,94.0
2020-06-26T21:00:00,N,N4,79.0
2020-06-26T22:00:00,N,N4,74.00000000000003
2020-06-26T23:00:00,N,N4,69.00000000000001
2020-06-27T00:00:00,N,N4,63.99999999999998
2020-06-27T01:00:00,N,N4,63.99999999999998
2020-06-27T02:00:00,N,N4,63.99999999999998
2020-06-27T03:00:00,N,N4,63.99999999999998
2020-06-27T04:00:00,N,N4,65.99999999999997
2020-06-27T05:00:00,N,N4,69.00000000000001
2020-06-27T06:00:00,N,N4,88.99999999999999
2020-06-27T07:00:00,N,N4,99.0
2020-06-27T08:00:00,N,N4,104.0
2020-06-27T09:00:00,N,N4,108.99999999999996
2020-06-27T10:00:00,N,N4,108.99999999999996
2020-06-27T11:00:00,N,N4,114.00000000000004
2020-06-27T12:00:00,N,N4,94.0
2020-06-27T13:00:00,N,N4,83.99999999999999
2020-06-27T14:00:00,N,N4,92.0
2020-06-27T15:00:00,N,N4,92.0
2020-06-27T16:00:00,N,N4,104.99999999999996
2020-06-27T17:00:00,N,N4,117.00000000000004
2020-06-27T18:00:00,N,N4,127.0
2020-06-27T19:00:00,N,N4,104.99999999999996
2020-06-27T20:00:00,N,N4,93.00000000000004
2020-06-27T21:00:00,N,N4,87.0
2020-06-27T22:00:00,N,N4,82.00000000000001
2020-06-27T23:00:00,N,N4,72.0
2020-06-28T00:00:00,N,N4,66.99999999999997
2020-06-28T01:00:00,N,N4,66.99999999999997
2020-06-28T02:00:00,N,N4,66.99999999999997
2020-06-28T03:00:00,N,N4,66.99999999999997
2020-06-28T04:00:00,N,N4,66.99999999999997
2020-06-28T05:00:00,N,N4,66.99999999999997
2020-06-28T06:00:00,N,N4,65.99999999999997
2020-06-28T07:00:00,N,N4,74.99999999999997
2020-06-28T08:00:00,N,N4,100.00000000000004
2020-06-28T09:00:00,N,N4,101.00000000000004
2020-06-28T10:00:00,N,N4,110.99999999999996
2020-06-28T11:00:00,N,N4,105.99999999999996
2020-06-28T12:00:00,N,N4,90.99999999999996
2020-06-28T13:00:00,N,N4,85.99999999999997
2020-06-28T14:00:00,N,N4,83.99999999999999
2020-06-28T15:00:00,N,N4,74.00000000000003
2020-06-28T16:00:00,N,N4,83.99999999999999
2020-06-28T17:00:00,N,N4,130.99999999999994
2020-06-28T18:00:00,N,N4,130.99999999999994
2020-06-28T19:00:00,N,N4,101.00000000000004
2020-06-28T20:00:00,N,N4,79.99999999999997
2020-06-28T21:00:00,N,N4,76.0
2020-06-28T22:00:00,N,N4,65.99999999999997
2020-06-28T23:00:00,N,N4,61.00000000000001
2020-06-29T00:00:00,N,N4,61.00000000000001
2020-06-29T01:00:00,N,N4,61.00000000000001
2020-06-29T02:00:00,N,N4,61.00000000000001
2020-06-29T03:00:00,N,N4,61.00000000000001
2020-06-29T04:00:00,N,N4,61.00000000000001
2020-06-29T05:00:00,N,N4,61.00000000000001
2020-06-29T06:00:00,N,N4,71.0
2020-06-29T07:00:00,N,N4,88.00000000000003
2020-06-29T08:00:00,N,N4,106.99999999999996
2020-06-29T09:00:00,N,N4,105.99999999999996
2020-06-29T10:00:00,N,N4,108.00000000000004
2020-06-29T11:00:00,N,N4,98.00000000000004
2020-06-29T12:00:00,N,N4,98.00000000000004
2020-06-29T13:00:00,N,N4,92.0
2020-06-29T14:00:00,N,N4,92.0
2020-06-29T15:00:00,N,N4,97.0
2020-06-29T16:00:00,N,N4,97.0
2020-06-29T17:00:00,N,N4,119.99999999999996
2020-06-29T18:00:00,N,N4,133.0
2020-06-29T19:00:00,N,N4,105.99999999999996
2020-06-29T20:00:00,N,N4,77.00000000000001
2020-06-29T21:00:00,N,N4,72.0
2020-06-29T22:00:00,N,N4,66.99999999999997
2020-06-29T23:00:00,N,N4,62.00000000000001
2020-06-30T00:00:00,N,N4,62.00000000000001
2020-06-30T01:00:00,N,N4,59.99999999999999
2020-06-30T02:00:00,N,N4,57.00000000000001
2020-06-30T03:00:00,N,N4,57.00000000000001
2020-06-30T04:00:00,N,N4,57.00000000000001
2020-06-30T05:00:00,N,N4,62.00000000000001
2020-06-30T06:00:00,N,N4,77.00000000000001
2020-06-30T07:00:00,N,N4,82.00000000000001
2020-06-30T08:00:00,N,N4,106.99999999999996
2020-06-30T09:00:00,N,N4,111.99999999999996
2020-06-30T10:00:00,N,N4,90.99999999999996
2020-06-30T11:00:00,N,N4,116.0909090909091
2020-06-30T12:00:00,N,N4,96.72727272727272
2020-06-30T13:00:00,N,N4,68.19916317016073
2020-06-30T14:00:00,N,N4,98.58333333333331
2020-06-30T15:00:00,N,N4,70.42915686856877
2020-06-30T16:00:00,N,N4,74.00000000000003
2020-06-30T17:00:00,N,N4,88.00000000000003
2020-06-30T18:00:00,N,N4,105.99999999999996
2020-06-30T19:00:00,N,N4,90.0
2020-06-30T20:00:00,N,N4,79.0
2020-06-30T21:00:00,N,N4,68.00000000000001
2020-06-30T22:00:00,N,N4,62.99999999999999
2020-06-30T23:00:00,N,N4,57.99999999999999
2020-07-01T00:00:00,N,N4,57.99999999999999
2020-07-01T01:00:00,N,N4,57.99999999999999
2020-07-01T02:00:00,N,N4,57.99999999999999
2020-07-01T03:00:00,N,N4,57.99999999999999
2020-07-01T04:00:00,N,N4,57.99999999999999
2020-07-01T05:00:00,N,N4,57.99999999999999
2020-07-01T06:00:00,N,N4,74.00000000000003
2020-07-01T07:00:00,N,N4,82.00000000000001
2020-07-01T08:00:00,N,N4,101.99999999999996
2020-07-01T09:00:00,N,N4,105.99999999999996
2020-07-01T10:00:00,N,N4,113.00000000000004
2020-07-01T11:00:00,N,N4,119.00000000000004
2020-07-01T12:00:00,N,N4,103.0
2020-07-01T13:00:00,N,N4,98.00000000000004
2020-07-01T14:00:00,N,N4,95.0
2020-07-01T15:00:00,N,N4,110.99999999999996
2020-07-01T16:00:00,N,N4,119.99999999999996
2020-07-01T17:00:00,N,N4,152.99999999999997
2020-07-01T18:00:00,N,N4,138.00000000000006
2020-07-01T19:00:00,N,N4,124.00000000000004
2020-07-01T20:00:00,N,N4,104.0
2020-07-01T21:00:00,N,N4,94.0
2020-07-01T22:00:00,N,N4,79.99999999999997
2020-07-01T23:00:00,N,N4,69.00000000000001
2020-07-02T00:00:00,N,N4,69.00000000000001
2020-07-02T01:00:00,N,N4,63.99999999999998
2020-07-02T02:00:00,N,N4,63.99999999999998
2020-07-02T03:00:00,N,N4,63.99999999999998
2020-07-02T04:00:00,N,N4,63.99999999999998
2020-07-02T05:00:00,N,N4,63.99999999999998
2020-07-02T06:00:00,N,N4,90.99999999999996
2020-07-02T07:00:00,N,N4,88.00000000000003
2020-07-02T08:00:00,N,N4,108.00000000000004
2020-07-02T09:00:00,N,N4,115.0
2020-07-02T10:00:00,N,N4,117.00000000000004
2020-07-02T11:00:00,N,N4,118.00000000000004
2020-07-02T12:00:00,N,N4,102.00000000000004
2020-07-02T13:00:00,N,N4,96.0
2020-07-02T14:00:00,N,N4,103.0
2020-07-02T15:00:00,N,N4,99.0
2020-07-02T16:00:00,N,N4,105.99999999999996
2020-07-02T17:00:00,N,N4,144.99999999999997
2020-07-02T18:00:00,N,N4,144.99999999999997
2020-07-02T19:00:00,N,N4,122.99999999999994
2020-07-02T20:00:00,N,N4,101.00000000000004
2020-07-02T21:00:00,N,N4,90.99999999999996
2020-07-02T22:00:00,N,N4,81.00000000000003
2020-07-02T23:00:00,N,N4,81.00000000000003
2020-07-03T00:00:00,N,N4,71.0
2020-07-03T01:00:00,N,N4,71.0
2020-07-03T02:00:00,N,N4,71.0
2020-07-03T03:00:00,N,N4,71.0
2020-07-03T04:00:00,N,N4,71.0
2020-07-03T05:00:00,N,N4,71.0
2020-07-03T06:00:00,N,N4,79.0
2020-07-03T07:00:00,N,N4,82.00000000000001
2020-07-03T08:00:00,N,N4,101.99999999999996
2020-07-03T09:00:00,N,N4,108.00000000000004
2020-07-03T10:00:00,N,N4,114.00000000000004
2020-07-03T11:00:00,N,N4,124.00000000000004
2020-07-03T12:00:00,N,N4,108.00000000000004
2020-07-03T13:00:00,N,N4,90.99999999999996
2020-07-03T14:00:00,N,N4,101.99999999999996
2020-07-03T15:00:00,N,N4,99.0
2020-07-03T16:00:00,N,N4,115.0
2020-07-03T17:00:00,N,N4,158.00000000000003
2020-07-03T18:00:00,N,N4,152.0
2020-07-03T19:00:00,N,N4,138.99999999999997
2020-07-03T20:00:00,N,N4,116.0
2020-07-03T21:00:00,N,N4,105.99999999999996
2020-07-03T22:00:00,N,N4,90.0
2020-07-03T23:00:00,N,N4,79.99999999999997
2020-07-04T00:00:00,N,N4,79.99999999999997
2020-07-04T01:00:00,N,N4,79.99999999999997
2020-07-04T02:00:00,N,N4,74.99999999999997
2020-07-04T03:00:00,N,N4,74.99999999999997
2020-07-04T04:00:00,N,N4,74.99999999999997
2020-07-04T05:00:00,N,N4,74.99999999999997
2020-07-04T06:00:00,N,N4,95.0
2020-07-04T07:00:00,N,N4,100.00000000000004
2020-07-04T08:00:00,N,N4,110.99999999999996
2020-07-04T09:00:00,N,N4,121.00000000000004
2020-07-04T10:00:00,N,N4,121.00000000000004
2020-07-04T11:00:00,N,N4,127.99999999999996
2020-07-04T12:00:00,N,N4,101.99999999999996
2020-07-04T13:00:00,N,N4,98.00000000000004
2020-07-04T14:00:00,N,N4,104.99999999999996
2020-07-04T15:00:00,N,N4,104.99999999999996
2020-07-04T16:00:00,N,N4,104.99999999999996
2020-07-04T17:00:00,N,N4,149.99999999999997
2020-07-04T18:00:00,N,N4,139.99999999999994
2020-07-04T19:00:00,N,N4,139.99999999999994
2020-07-04T20:00:00,N,N4,110.00000000000004
2020-07-04T21:00:00,N,N4,95.0
2020-07-04T22:00:00,N,N4,90.0
2020-07-04T23:00:00,N,N4,85.00000000000001
2020-07-05T00:00:00,N,N4,79.99999999999997
2020-07-05T01:00:00,N,N4,69.00000000000001
2020-07-05T02:00:00,N,N4,69.00000000000001
2020-07-05T03:00:00,N,N4,69.00000000000001
2020-07-05T04:00:00,N,N4,69.00000000000001
2020-07-05T05:00:00,N,N4,69.00000000000001
2020-07-05T06:00:00,N,N4,79.0
2020-07-05T07:00:00,N,N4,95.0
2020-07-05T08:00:00,N,N4,105.99999999999996
2020-07-05T09:00:00,N,N4,111.99999999999996
2020-07-05T10:00:00,N,N4,118.00000000000004
2020-07-05T11:00:00,N,N4,118.00000000000004
2020-07-05T12:00:00,N,N4,108.99999999999996
2020-07-05T13:00:00,N,N4,88.00000000000003
2020-07-05T14:00:00,N,N4,83.00000000000003
2020-07-05T15:00:00,N,N4,88.99999999999999
2020-07-05T16:00:00,N,N4,94.0
2020-07-05T17:00:00,N,N4,127.99999999999996
2020-07-05T18:00:00,N,N4,127.99999999999996
2020-07-05T19:00:00,N,N4,99.0
2020-07-05T20:00:00,N,N4,88.00000000000003
2020-07-05T21:00:00,N,N4,78.0
2020-07-05T22:00:00,N,N4,72.99999999999999
2020-07-05T23:00:00,N,N4,65.99999999999997
2020-07-06T00:00:00,N,N4,65.99999999999997
2020-07-06T01:00:00,N,N4,59.99999999999999
2020-07-06T02:00:00,N,N4,59.99999999999999
2020-07-06T03:00:00,N,N4,59.99999999999999
2020-07-06T04:00:00,N,N4,59.99999999999999
2020-07-06T05:00:00,N,N4,63.99999999999998
2020-07-06T06:00:00,N,N4,81.00000000000003
2020-07-06T07:00:00,N,N4,90.99999999999996
2020-07-06T08:00:00,N,N4,105.99999999999996
2020-07-06T09:00:00,N,N4,114.00000000000004
2020-07-06T10:00:00,N,N4,118.00000000000004
2020-07-06T11:00:00,N,N4,128.99999999999997
2020-07-06T12:00:00,N,N4,105.99999999999996
2020-07-06T13:00:00,N,N4,93.00000000000004
2020-07-06T14:00:00,N,N4,110.00000000000004
2020-07-06T15:00:00,N,N4,117.00000000000004
2020-07-06T16:00:00,N,N4,115.0
2020-07-06T17:00:00,N,N4,154.00000000000006
2020-07-06T18:00:00,N,N4,142.99999999999994
2020-07-06T19:00:00,N,N4,121.00000000000004
2020-07-06T20:00:00,N,N4,96.0
2020-07-06T21:00:00,N,N4,92.0
2020-07-06T22:00:00,N,N4,81.00000000000003
2020-07-06T23:00:00,N,N4,71.0
2020-07-07T00:00:00,N,N4,65.99999999999997
2020-07-07T01:00:00,N,N4,65.99999999999997
2020-07-07T02:00:00,N,N4,65.99999999999997
2020-07-07T03:00:00,N,N4,65.99999999999997
2020-07-07T04:00:00,N,N4,65.99999999999997
2020-07-07T05:00:00,N,N4,65.99999999999997
2020-07-07T06:00:00,N,N4,85.00000000000001
2020-07-07T07:00:00,N,N4,93.00000000000004
2020-07-07T08:00:00,N,N4,99.0
2020-07-07T09:00:00,N,N4,108.00000000000004
2020-07-07T10:00:00,N,N4,106.99999999999996
2020-07-07T11:00:00,N,N4,110.00000000000004
2020-07-07T12:00:00,N,N4,97.0
2020-07-07T13:00:00,N,N4,92.0
2020-07-07T14:00:00,N,N4,96.0
2020-07-07T15:00:00,N,N4,108.00000000000004
2020-07-07T16:00:00,N,N4,115.0
2020-07-07T17:00:00,N,N4,127.0
2020-07-07T18:00:00,N,N4,103.0
2020-07-07T19:00:00,N,N4,88.00000000000003
2020-07-07T20:00:00,N,N4,78.0
2020-07-07T21:00:00,N,N4,72.99999999999999
2020-07-07T22:00:00,N,N4,68.00000000000001
2020-07-07T23:00:00,N,N4,53.00000000000001
2020-07-08T00:00:00,N,N4,56.00000000000002
2020-07-08T01:00:00,N,N4,56.00000000000002
2020-07-08T02:00:00,N,N4,56.00000000000002
2020-07-08T03:00:00,N,N4,56.00000000000002
2020-07-08T04:00:00,N,N4,56.00000000000002
2020-07-08T05:00:00,N,N4,61.00000000000001
2020-07-08T06:00:00,N,N4,71.0
2020-07-08T07:00:00,N,N4,85.00000000000001
2020-07-08T08:00:00,N,N4,98.00000000000004
2020-07-08T09:00:00,N,N4,108.00000000000004
2020-07-08T10:00:00,N,N4,104.0
2020-07-08T11:00:00,N,N4,110.00000000000004
2020-07-08T12:00:00,N,N4,108.00000000000004
2020-07-08T13:00:00,N,N4,101.00000000000004
2020-07-08T14:00:00,N,N4,104.99999999999996
2020-07-08T15:00:00,N,N4,103.0
2020-07-08T16:00:00,N,N4,119.99999999999996
2020-07-08T17:00:00,N,N4,125.00000000000004
2020-07-08T18:00:00,N,N4,127.99999999999996
2020-07-08T19:00:00,N,N4,106.99999999999996
2020-07-08T20:00:00,N,N4,93.00000000000004
2020-07-08T21:00:00,N,N4,78.0
2020-07-08T22:00:00,N,N4,72.99999999999999
2020-07-08T23:00:00,N,N4,68.00000000000001
2020-07-09T00:00:00,N,N4,62.99999999999999
2020-07-09T01:00:00,N,N4,62.99999999999999
2020-07-09T02:00:00,N,N4,62.99999999999999
2020-07-09T03:00:00,N,N4,62.99999999999999
2020-07-09T04:00:00,N,N4,62.99999999999999
2020-07-09T05:00:00,N,N4,66.99999999999997
2020-07-09T06:00:00,N,N4,83.00000000000003
2020-07-09T07:00:00,N,N4,93.00000000000004
2020-07-09T08:00:00,N,N4,114.00000000000004
2020-07-09T09:00:00,N,N4,118.00000000000004
2020-07-09T10:00:00,N,N4,125.00000000000004
2020-07-09T11:00:00,N,N4,131.99999999999997
2020-07-09T12:00:00,N,N4,108.00000000000004
2020-07-09T13:00:00,N,N4,104.99999999999996
2020-07-09T14:00:00,N,N4,104.0
2020-07-09T15:00:00,N,N4,100.00000000000004
2020-07-09T16:00:00,N,N4,105.99999999999996
2020-07-09T17:00:00,N,N4,122.00000000000004
2020-07-09T18:00:00,N,N4,138.99999999999997
2020-07-09T19:00:00,N,N4,110.99999999999996
2020-07-09T20:00:00,N,N4,92.0
2020-07-09T21:00:00,N,N4,79.99999999999997
2020-07-09T22:00:00,N,N4,74.99999999999997
2020-07-09T23:00:00,N,N4,70.00000000000003
2020-07-10T00:00:00,N,N4,64.99999999999999
2020-07-10T01:00:00,N,N4,63.99999999999998
2020-07-10T02:00:00,N,N4,63.99999999999998
2020-07-10T03:00:00,N,N4,63.99999999999998
2020-07-10T04:00:00,N,N4,63.99999999999998
2020-07-10T05:00:00,N,N4,69.00000000000001
2020-07-10T06:00:00,N,N4,85.00000000000001
2020-07-10T07:00:00,N,N4,96.0
2020-07-10T08:00:00,N,N4,101.99999999999996
2020-07-10T09:00:00,N,N4,101.00000000000004
2020-07-10T10:00:00,N,N4,113.00000000000004
2020-07-10T11:00:00,N,N4,108.00000000000004
2020-07-10T12:00:00,N,N4,94.0
2020-07-10T13:00:00,N,N4,82.00000000000001
2020-07-10T14:00:00,N,N4,92.0
2020-07-10T15:00:00,N,N4,96.0
2020-07-10T16:00:00,N,N4,110.00000000000004
2020-07-10T17:00:00,N,N4,146.0
2020-07-10T18:00:00,N,N4,146.0
2020-07-10T19:00:00,N,N4,127.0
2020-07-10T20:00:00,N,N4,110.00000000000004
2020-07-10T21:00:00,N,N4,95.0
2020-07-10T22:00:00,N,N4,83.99999999999999
2020-07-10T23:00:00,N,N4,70.00000000000003
2020-07-11T00:00:00,N,N4,70.00000000000003
2020-07-11T01:00:00,N,N4,64.99999999999999
2020-07-11T02:00:00,N,N4,64.99999999999999
2020-07-11T03:00:00,N,N4,64.99999999999999
2020-07-11T04:00:00,N,N4,64.99999999999999
2020-07-11T05:00:00,N,N4,64.99999999999999
2020-07-11T06:00:00,N,N4,79.99999999999997
2020-07-11T07:00:00,N,N4,87.0
2020-07-11T08:00:00,N,N4,108.00000000000004
2020-07-11T09:00:00,N,N4,114.00000000000004
2020-07-11T10:00:00,N,N4,118.00000000000004
2020-07-11T11:00:00,N,N4,137.00000000000003
2020-07-11T12:00:00,N,N4,119.00000000000004
2020-07-11T13:00:00,N,N4,108.99999999999996
2020-07-11T14:00:00,N,N4,108.99999999999996
2020-07-11T15:00:00,N,N4,108.99999999999996
2020-07-11T16:00:00,N,N4,114.00000000000004
2020-07-11T17:00:00,N,N4,149.0
2020-07-11T18:00:00,N,N4,144.0
2020-07-11T19:00:00,N,N4,128.99999999999997
2020-07-11T20:00:00,N,N4,114.00000000000004
2020-07-11T21:00:00,N,N4,99.0
2020-07-11T22:00:00,N,N4,88.99999999999999
2020-07-11T23:00:00,N,N4,78.0
2020-07-12T00:00:00,N,N4,72.99999999999999
2020-07-12T01:00:00,N,N4,70.00000000000003
2020-07-12T02:00:00,N,N4,62.99999999999999
2020-07-12T03:00:00,N,N4,62.99999999999999
2020-07-12T04:00:00,N,N4,68.00000000000001
2020-07-12T05:00:00,N,N4,68.00000000000001
2020-07-12T06:00:00,N,N4,79.99999999999997
2020-07-12T07:00:00,N,N4,90.0
2020-07-12T08:00:00,N,N4,100.00000000000004
2020-07-12T09:00:00,N,N4,101.99999999999996
2020-07-12T10:00:00,N,N4,108.00000000000004
2020-07-12T11:00:00,N,N4,108.00000000000004
2020-07-12T12:00:00,N,N4,90.0
2020-07-12T13:00:00,N,N4,77.00000000000001
2020-07-12T14:00:00,N,N4,90.99999999999996
2020-07-12T15:00:00,N,N4,81.00000000000003
2020-07-12T16:00:00,N,N4,96.0
2020-07-12T17:00:00,N,N4,131.99999999999997
2020-07-12T18:00:00,N,N4,129.99999999999997
2020-07-12T19:00:00,N,N4,106.99999999999996
2020-07-12T20:00:00,N,N4,87.0
2020-07-12T21:00:00,N,N4,79.99999999999997
2020-07-12T22:00:00,N,N4,74.99999999999997
2020-07-12T23:00:00,N,N4,70.00000000000003
2020-07-13T00:00:00,N,N4,64.99999999999999
2020-07-13T01:00:00,N,N4,64.99999999999999
2020-07-13T02:00:00,N,N4,64.99999999999999
2020-07-13T03:00:00,N,N4,64.99999999999999
2020-07-13T04:00:00,N,N4,64.99999999999999
2020-07-13T05:00:00,N,N4,62.00000000000001
2020-07-13T06:00:00,N,N4,81.00000000000003
2020-07-13T07:00:00,N,N4,78.0
2020-07-13T08:00:00,N,N4,93.00000000000004
2020-07-13T09:00:00,N,N4,111.99999999999996
2020-07-13T10:00:00,N,N4,126.0
2020-07-13T11:00:00,N,N4,129.99999999999997
2020-07-13T12:00:00,N,N4,110.00000000000004
2020-07-13T13:00:00,N,N4,93.00000000000004
2020-07-13T14:00:00,N,N4,92.0
2020-07-13T15:00:00,N,N4,96.0
2020-07-13T16:00:00,N,N4,105.99999999999996
2020-07-13T17:00:00,N,N4,125.00000000000004
2020-07-13T18:00:00,N,N4,136.00000000000006
2020-07-13T19:00:00,N,N4,110.99999999999996
2020-07-13T20:00:00,N,N4,79.99999999999997
2020-07-13T21:00:00,N,N4,78.0
2020-07-13T22:00:00,N,N4,66.99999999999997
2020-07-13T23:00:00,N,N4,62.00000000000001
2020-07-14T00:00:00,N,N4,62.000000000000064
2020-07-14T01:00:00,N,N4,62.00000000000001
2020-07-14T02:00:00,N,N4,62.00000000000001
2020-07-14T03:00:00,N,N4,62.00000000000001
2020-07-14T04:00:00,N,N4,62.00000000000001
2020-07-14T05:00:00,N,N4,62.00000000000001
2020-07-14T06:00:00,N,N4,87.0
2020-07-14T07:00:00,N,N4,83.99999999999999
2020-07-14T08:00:00,N,N4,105.99999999999996
2020-07-14T09:00:00,N,N4,119.99999999999996
2020-07-14T10:00:00,N,N4,127.99999999999996
2020-07-14T11:00:00,N,N4,127.99999999999996
2020-07-14T12:00:00,N,N4,106.99999999999996
2020-07-14T13:00:00,N,N4,101.99999999999996
2020-07-14T14:00:00,N,N4,103.0
2020-07-14T15:00:00,N,N4,105.99999999999996
2020-07-14T16:00:00,N,N4,116.0
2020-07-14T17:00:00,N,N4,133.0
2020-07-14T18:00:00,N,N4,152.0
2020-07-14T19:00:00,N,N4,131.99999999999997
2020-07-14T20:00:00,N,N4,111.99999999999996
2020-07-14T21:00:00,N,N4,101.99999999999996
2020-07-14T22:00:00,N,N4,92.0
2020-07-14T23:00:00,N,N4,87.0
2020-07-15T00:00:00,N,N4,72.0
2020-07-15T01:00:00,N,N4,72.0
2020-07-15T02:00:00,N,N4,72.0
2020-07-15T03:00:00,N,N4,72.0
2020-07-15T04:00:00,N,N4,74.00000000000003
2020-07-15T05:00:00,N,N4,77.00000000000001
2020-07-15T06:00:00,N,N4,97.0
2020-07-15T07:00:00,N,N4,100.00000000000004
2020-07-15T08:00:00,N,N4,117.00000000000004
2020-07-15T09:00:00,N,N4,127.0
2020-07-15T10:00:00,N,N4,137.00000000000003
2020-07-15T11:00:00,N,N4,128.99999999999997
2020-07-15T12:00:00,N,N4,109.2835179415428
2020-07-15T13:00:00,N,N4,98.00000000000004
2020-07-15T14:00:00,N,N4,115.0
2020-07-15T15:00:00,N,N4,108.99999999999996
2020-07-15T16:00:00,N,N4,118.00000000000004
2020-07-15T17:00:00,N,N4,142.99999999999994
2020-07-15T18:00:00,N,N4,164.00000000000006
2020-07-15T19:00:00,N,N4,137.00000000000003
2020-07-15T20:00:00,N,N4,111.99999999999996
2020-07-15T21:00:00,N,N4,100.00000000000004
2020-07-15T22:00:00,N,N4,100.00000000000004
2020-07-15T23:00:00,N,N4,83.99999999999999
2020-07-16T00:00:00,N,N4,77.00000000000001
2020-07-16T01:00:00,N,N4,77.00000000000009
2020-07-16T02:00:00,N,N4,74.99999999999997
2020-07-16T03:00:00,N,N4,72.99999999999999
2020-07-16T04:00:00,N,N4,72.99999999999999
2020-07-16T05:00:00,N,N4,72.99999999999999
2020-07-16T06:00:00,N,N4,87.0
2020-07-16T07:00:00,N,N4,100.00000000000004
2020-07-16T08:00:00,N,N4,111.99999999999996
2020-07-16T09:00:00,N,N4,118.00000000000004
2020-07-16T10:00:00,N,N4,125.00000000000004
2020-07-16T11:00:00,N,N4,126.0
2020-07-16T12:00:00,N,N4,108.99999999999996
2020-07-16T13:00:00,N,N4,106.99999999999996
2020-07-16T14:00:00,N,N4,106.99999999999996
2020-07-16T15:00:00,N,N4,110.99999999999996
2020-07-16T16:00:00,N,N4,116.0
2020-07-16T17:00:00,N,N4,127.0
2020-07-16T18:00:00,N,N4,152.99999999999997
2020-07-16T19:00:00,N,N4,130.99999999999994
2020-07-16T20:00:00,N,N4,110.99999999999996
2020-07-16T21:00:00,N,N4,96.0
2020-07-16T22:00:00,N,N4,90.99999999999996
2020-07-16T23:00:00,N,N4,81.00000000000003
2020-07-17T00:00:00,N,N4,74.00000000000003
2020-07-17T01:00:00,N,N4,74.00000000000003
2020-07-17T02:00:00,N,N4,74.00000000000003
2020-07-17T03:00:00,N,N4,74.00000000000003
2020-07-17T04:00:00,N,N4,74.00000000000003
2020-07-17T05:00:00,N,N4,79.0
2020-07-17T06:00:00,N,N4,92.0
2020-07-17T07:00:00,N,N4,99.0
2020-07-17T08:00:00,N,N4,104.99999999999996
2020-07-17T09:00:00,N,N4,111.99999999999996
2020-07-17T10:00:00,N,N4,122.99999999999994
2020-07-17T11:00:00,N,N4,131.99999999999997
2020-07-17T12:00:00,N,N4,114.00000000000004
2020-07-17T13:00:00,N,N4,105.99999999999996
2020-07-17T14:00:00,N,N4,121.00000000000004
2020-07-17T15:00:00,N,N4,116.0
2020-07-17T16:00:00,N,N4,118.00000000000004
2020-07-17T17:00:00,N,N4,133.0
2020-07-17T18:00:00,N,N4,159.0
2020-07-17T19:00:00,N,N4,136.00000000000006
2020-07-17T20:00:00,N,N4,121.00000000000004
2020-07-17T21:00:00,N,N4,101.00000000000004
2020-07-17T22:00:00,N,N4,96.0
2020-07-17T23:00:00,N,N4,85.99999999999997
2020-07-18T00:00:00,N,N4,85.99999999999997
2020-07-18T01:00:00,N,N4,85.99999999999997
2020-07-18T02:00:00,N,N4,76.0
2020-07-18T03:00:00,N,N4,76.0
2020-07-18T04:00:00,N,N4,76.0
2020-07-18T05:00:00,N,N4,85.00000000000001
2020-07-18T06:00:00,N,N4,92.0
2020-07-18T07:00:00,N,N4,101.99999999999996
2020-07-18T08:00:00,N,N4,108.00000000000004
2020-07-18T09:00:00,N,N4,116.0
2020-07-18T10:00:00,N,N4,124.00000000000004
2020-07-18T11:00:00,N,N4,128.99999999999997
2020-07-18T12:00:00,N,N4,114.00000000000004
2020-07-18T13:00:00,N,N4,99.0
2020-07-18T14:00:00,N,N4,104.0
2020-07-18T15:00:00,N,N4,110.00000000000004
2020-07-18T16:00:00,N,N4,115.0
2020-07-18T17:00:00,N,N4,119.99999999999996
2020-07-18T18:00:00,N,N4,149.99999999999997
2020-07-18T19:00:00,N,N4,135.00000000000003
2020-07-18T20:00:00,N,N4,110.00000000000004
2020-07-18T21:00:00,N,N4,101.99999999999996
2020-07-18T22:00:00,N,N4,97.0
2020-07-18T23:00:00,N,N4,87.0
2020-07-19T00:00:00,N,N4,85.99999999999997
2020-07-19T01:00:00,N,N4,86.00000000000004
2020-07-19T02:00:00,N,N4,76.0
2020-07-19T03:00:00,N,N4,76.0
2020-07-19T04:00:00,N,N4,76.0
2020-07-19T05:00:00,N,N4,76.0
2020-07-19T06:00:00,N,N4,85.99999999999997
2020-07-19T07:00:00,N,N4,92.0
2020-07-19T08:00:00,N,N4,103.0
2020-07-19T09:00:00,N,N4,110.00000000000004
2020-07-19T10:00:00,N,N4,111.99999999999996
2020-07-19T11:00:00,N,N4,113.00000000000004
2020-07-19T12:00:00,N,N4,93.00000000000004
2020-07-19T13:00:00,N,N4,93.00000000000004
2020-07-19T14:00:00,N,N4,92.0
2020-07-19T15:00:00,N,N4,92.0
2020-07-19T16:00:00,N,N4,97.0
2020-07-19T17:00:00,N,N4,131.99999999999997
2020-07-19T18:00:00,N,N4,131.99999999999997
2020-07-19T19:00:00,N,N4,117.00000000000004
2020-07-19T20:00:00,N,N4,101.99999999999996
2020-07-19T21:00:00,N,N4,87.0
2020-07-19T22:00:00,N,N4,74.99999999999997
2020-07-19T23:00:00,N,N4,66.99999999999997
2020-07-20T00:00:00,N,N4,66.99999999999997
2020-07-20T01:00:00,N,N4,66.99999999999997
2020-07-20T02:00:00,N,N4,66.99999999999997
2020-07-20T03:00:00,N,N4,66.99999999999997
2020-07-20T04:00:00,N,N4,66.99999999999997
2020-07-20T05:00:00,N,N4,74.99999999999997
2020-07-20T06:00:00,N,N4,87.0
2020-07-20T07:00:00,N,N4,98.00000000000004
2020-07-20T08:00:00,N,N4,108.00000000000004
2020-07-20T09:00:00,N,N4,108.00000000000004
2020-07-20T10:00:00,N,N4,116.0
2020-07-20T11:00:00,N,N4,128.99999999999997
2020-07-20T12:00:00,N,N4,113.00000000000004
2020-07-20T13:00:00,N,N4,108.00000000000004
2020-07-20T14:00:00,N,N4,114.00000000000004
2020-07-20T15:00:00,N,N4,117.00000000000011
2020-07-20T16:00:00,N,N4,119.00000000000004
2020-07-20T17:00:00,N,N4,161.00000000000003
2020-07-20T18:00:00,N,N4,161.99999999999994
2020-07-20T19:00:00,N,N4,133.99999999999997
2020-07-20T20:00:00,N,N4,117.00000000000004
2020-07-20T21:00:00,N,N4,101.99999999999996
2020-07-20T22:00:00,N,N4,97.0
2020-07-20T23:00:00,N,N4,87.0
2020-07-21T00:00:00,N,N4,82.00000000000001
2020-07-21T01:00:00,N,N4,77.00000000000001
2020-07-21T02:00:00,N,N4,77.00000000000001
2020-07-21T03:00:00,N,N4,77.00000000000001
2020-07-21T04:00:00,N,N4,77.00000000000001
2020-07-21T05:00:00,N,N4,77.00000000000001
2020-07-21T06:00:00,N,N4,94.0
2020-07-21T07:00:00,N,N4,90.99999999999996
2020-07-21T08:00:00,N,N4,110.99999999999996
2020-07-21T09:00:00,N,N4,116.0
2020-07-21T10:00:00,N,N4,119.00000000000004
2020-07-21T11:00:00,N,N4,133.0
2020-07-21T12:00:00,N,N4,121.00000000000004
2020-07-21T13:00:00,N,N4,108.00000000000004
2020-07-21T14:00:00,N,N4,115.0
2020-07-21T15:00:00,N,N4,115.0
2020-07-21T16:00:00,N,N4,122.99999999999994
2020-07-21T17:00:00,N,N4,138.99999999999997
2020-07-21T18:00:00,N,N4,161.00000000000003
2020-07-21T19:00:00,N,N4,137.00000000000003
2020-07-21T20:00:00,N,N4,111.99999999999996
2020-07-21T21:00:00,N,N4,104.99999999999996
2020-07-21T22:00:00,N,N4,95.0
2020-07-21T23:00:00,N,N4,95.0
2020-07-22T00:00:00,N,N4,79.99999999999997
2020-07-22T01:00:00,N,N4,85.00000000000001
2020-07-22T02:00:00,N,N4,85.00000000000001
2020-07-22T03:00:00,N,N4,85.00000000000001
2020-07-22T04:00:00,N,N4,85.00000000000001
2020-07-22T05:00:00,N,N4,85.00000000000001
2020-07-22T06:00:00,N,N4,96.0
2020-07-22T07:00:00,N,N4,106.99999999999996
2020-07-22T08:00:00,N,N4,118.00000000000004
2020-07-22T09:00:00,N,N4,122.99999999999994
2020-07-22T10:00:00,N,N4,128.99999999999997
2020-07-22T11:00:00,N,N4,130.99999999999994
2020-07-22T12:00:00,N,N4,116.0
2020-07-22T13:00:00,N,N4,110.00000000000004
2020-07-22T14:00:00,N,N4,116.0
2020-07-22T15:00:00,N,N4,122.99999999999994
2020-07-22T16:00:00,N,N4,130.99999999999994
2020-07-22T17:00:00,N,N4,138.99999999999997
2020-07-22T18:00:00,N,N4,171.00000000000009
2020-07-22T19:00:00,N,N4,131.99999999999997
2020-07-22T20:00:00,N,N4,119.99999999999996
2020-07-22T21:00:00,N,N4,111.99999999999996
2020-07-22T22:00:00,N,N4,106.99999999999996
2020-07-22T23:00:00,N,N4,92.0
2020-07-23T00:00:00,N,N4,87.0
2020-07-23T01:00:00,N,N4,87.0
2020-07-23T02:00:00,N,N4,87.0
2020-07-23T03:00:00,N,N4,87.0
2020-07-23T04:00:00,N,N4,87.0
2020-07-23T05:00:00,N,N4,87.0
2020-07-23T06:00:00,N,N4,101.99999999999996
2020-07-23T07:00:00,N,N4,101.99999999999996
2020-07-23T08:00:00,N,N4,114.00000000000004
2020-07-23T09:00:00,N,N4,126.00000000000011
2020-07-23T10:00:00,N,N4,136.00000000000006
2020-07-23T11:00:00,N,N4,127.0
2020-07-23T12:00:00,N,N4,116.0
2020-07-23T13:00:00,N,N4,108.00000000000004
2020-07-23T14:00:00,N,N4,117.00000000000004
2020-07-23T15:00:00,N,N4,122.99999999999994
2020-07-23T16:00:00,N,N4,127.0
2020-07-23T17:00:00,N,N4,133.0
2020-07-23T18:00:00,N,N4,164.99999999999994
2020-07-23T19:00:00,N,N4,138.99999999999997
2020-07-23T20:00:00,N,N4,117.00000000000004
2020-07-23T21:00:00,N,N4,104.99999999999989
2020-07-23T22:00:00,N,N4,95.0
2020-07-23T23:00:00,N,N4,90.0
2020-07-24T00:00:00,N,N4,90.0
2020-07-24T01:00:00,N,N4,85.00000000000001
2020-07-24T02:00:00,N,N4,85.00000000000001
2020-07-24T03:00:00,N,N4,85.00000000000001
2020-07-24T04:00:00,N,N4,85.00000000000001
2020-07-24T05:00:00,N,N4,88.99999999999999
2020-07-24T06:00:00,N,N4,100.00000000000004
2020-07-24T07:00:00,N,N4,110.99999999999996
2020-07-24T08:00:00,N,N4,113.00000000000004
2020-07-24T09:00:00,N,N4,122.99999999999994
2020-07-24T10:00:00,N,N4,125.00000000000004
2020-07-24T11:00:00,N,N4,128.99999999999997
2020-07-24T12:00:00,N,N4,110.99999999999996
2020-07-24T13:00:00,N,N4,106.99999999999996
2020-07-24T14:00:00,N,N4,114.00000000000004
2020-07-24T15:00:00,N,N4,116.0
2020-07-24T16:00:00,N,N4,126.0
2020-07-24T17:00:00,N,N4,154.00000000000006
2020-07-24T18:00:00,N,N4,147.99999999999994
2020-07-24T19:00:00,N,N4,127.99999999999996
2020-07-24T20:00:00,N,N4,113.00000000000004
2020-07-24T21:00:00,N,N4,101.99999999999996
2020-07-24T22:00:00,N,N4,92.0
2020-07-24T23:00:00,N,N4,82.00000000000001
2020-07-25T00:00:00,N,N4,77.00000000000009
2020-07-25T01:00:00,N,N4,77.00000000000001
2020-07-25T02:00:00,N,N4,66.99999999999997
2020-07-25T03:00:00,N,N4,66.99999999999997
2020-07-25T04:00:00,N,N4,72.0
2020-07-25T05:00:00,N,N4,77.00000000000001
2020-07-25T06:00:00,N,N4,92.0
2020-07-25T07:00:00,N,N4,94.0
2020-07-25T08:00:00,N,N4,104.99999999999996
2020-07-25T09:00:00,N,N4,118.00000000000004
2020-07-25T10:00:00,N,N4,122.99999999999994
2020-07-25T11:00:00,N,N4,122.99999999999994
2020-07-25T12:00:00,N,N4,115.0
2020-07-25T13:00:00,N,N4,103.0
2020-07-25T14:00:00,N,N4,101.00000000000004
2020-07-25T15:00:00,N,N4,106.99999999999996
2020-07-25T16:00:00,N,N4,110.99999999999996
2020-07-25T17:00:00,N,N4,122.00000000000004
2020-07-25T18:00:00,N,N4,154.00000000000006
2020-07-25T19:00:00,N,N4,133.0
2020-07-25T20:00:00,N,N4,118.00000000000004
2020-07-25T21:00:00,N,N4,103.0
2020-07-25T22:00:00,N,N4,92.0
2020-07-25T23:00:00,N,N4,82.00000000000001
2020-07-26T00:00:00,N,N4,82.00000000000001
2020-07-26T01:00:00,N,N4,82.00000000000001
2020-07-26T02:00:00,N,N4,77.00000000000009
2020-07-26T03:00:00,N,N4,77.00000000000001
2020-07-26T04:00:00,N,N4,77.00000000000001
2020-07-26T05:00:00,N,N4,83.00000000000003
2020-07-26T06:00:00,N,N4,79.99999999999997
2020-07-26T07:00:00,N,N4,100.00000000000004
2020-07-26T08:00:00,N,N4,104.99999999999996
2020-07-26T09:00:00,N,N4,104.99999999999996
2020-07-26T10:00:00,N,N4,104.99999999999996
2020-07-26T11:00:00,N,N4,111.99999999999996
2020-07-26T12:00:00,N,N4,92.0
2020-07-26T13:00:00,N,N4,87.0
2020-07-26T14:00:00,N,N4,92.0
2020-07-26T15:00:00,N,N4,85.99999999999997
2020-07-26T16:00:00,N,N4,90.99999999999996
2020-07-26T17:00:00,N,N4,133.0
2020-07-26T18:00:00,N,N4,142.99999999999994
2020-07-26T19:00:00,N,N4,113.00000000000004
2020-07-26T20:00:00,N,N4,103.0
2020-07-26T21:00:00,N,N4,87.0
2020-07-26T22:00:00,N,N4,87.0
2020-07-26T23:00:00,N,N4,81.99999999999994
2020-07-27T00:00:00,N,N4,72.0
2020-07-27T01:00:00,N,N4,57.00000000000001
2020-07-27T02:00:00,N,N4,57.00000000000001
2020-07-27T03:00:00,N,N4,57.00000000000001
2020-07-27T04:00:00,N,N4,63.99999999999998
2020-07-27T05:00:00,N,N4,72.99999999999999
2020-07-27T06:00:00,N,N4,85.00000000000001
2020-07-27T07:00:00,N,N4,83.99999999999999
2020-07-27T08:00:00,N,N4,110.00000000000004
2020-07-27T09:00:00,N,N4,111.99999999999996
2020-07-27T10:00:00,N,N4,117.39672993146031
2020-07-27T11:00:00,N,N4,122.00000000000004
2020-07-27T12:00:00,N,N4,106.99999999999996
2020-07-27T13:00:00,N,N4,110.00000000000004
2020-07-27T14:00:00,N,N4,111.99999999999996
2020-07-27T15:00:00,N,N4,110.00000000000004
2020-07-27T16:00:00,N,N4,113.00000000000004
2020-07-27T17:00:00,N,N4,161.99999999999994
2020-07-27T18:00:00,N,N4,161.99999999999994
2020-07-27T19:00:00,N,N4,139.99999999999994
2020-07-27T20:00:00,N,N4,116.0
2020-07-27T21:00:00,N,N4,105.99999999999996
2020-07-27T22:00:00,N,N4,92.0
2020-07-27T23:00:00,N,N4,85.99999999999997
2020-07-28T00:00:00,N,N4,85.99999999999997
2020-07-28T01:00:00,N,N4,81.00000000000003
2020-07-28T02:00:00,N,N4,81.00000000000003
2020-07-28T03:00:00,N,N4,81.00000000000003
2020-07-28T04:00:00,N,N4,81.00000000000003
2020-07-28T05:00:00,N,N4,81.00000000000003
2020-07-28T06:00:00,N,N4,101.99999999999996
2020-07-28T07:00:00,N,N4,104.99999999999996
2020-07-28T08:00:00,N,N4,106.99999999999996
2020-07-28T09:00:00,N,N4,119.99999999999996
2020-07-28T10:00:00,N,N4,126.0
2020-07-28T11:00:00,N,N4,127.0
2020-07-28T12:00:00,N,N4,100.00000000000004
2020-07-28T13:00:00,N,N4,96.0
2020-07-28T14:00:00,N,N4,100.00000000000004
2020-07-28T15:00:00,N,N4,104.0
2020-07-28T16:00:00,N,N4,115.0
2020-07-28T17:00:00,N,N4,129.99999999999997
2020-07-28T18:00:00,N,N4,144.99999999999997
2020-07-28T19:00:00,N,N4,119.99999999999996
2020-07-28T20:00:00,N,N4,108.99999999999996
2020-07-28T21:00:00,N,N4,87.0
2020-07-28T22:00:00,N,N4,79.99999999999997
2020-07-28T23:00:00,N,N4,79.99999999999997
2020-07-29T00:00:00,N,N4,79.99999999999997
2020-07-29T01:00:00,N,N4,74.99999999999997
2020-07-29T02:00:00,N,N4,74.99999999999997
2020-07-29T03:00:00,N,N4,66.99999999999997
2020-07-29T04:00:00,N,N4,66.99999999999997
2020-07-29T05:00:00,N,N4,74.99999999999997
2020-07-29T06:00:00,N,N4,104.0
2020-07-29T07:00:00,N,N4,105.99999999999996
2020-07-29T08:00:00,N,N4,119.99999999999996
2020-07-29T09:00:00,N,N4,119.99999999999996
2020-07-29T10:00:00,N,N4,127.0
2020-07-29T11:00:00,N,N4,133.0
2020-07-29T12:00:00,N,N4,110.00000000000004
2020-07-29T13:00:00,N,N4,108.99999999999996
2020-07-29T14:00:00,N,N4,104.99999999999996
2020-07-29T15:00:00,N,N4,104.99999999999996
2020-07-29T16:00:00,N,N4,115.0
2020-07-29T17:00:00,N,N4,159.99999999999994
2020-07-29T18:00:00,N,N4,159.99999999999994
2020-07-29T19:00:00,N,N4,129.99999999999997
2020-07-29T20:00:00,N,N4,105.99999999999996
2020-07-29T21:00:00,N,N4,92.0
2020-07-29T22:00:00,N,N4,87.0
2020-07-29T23:00:00,N,N4,79.99999999999997
2020-07-30T00:00:00,N,N4,74.99999999999997
2020-07-30T01:00:00,N,N4,74.99999999999997
2020-07-30T02:00:00,N,N4,74.99999999999997
2020-07-30T03:00:00,N,N4,74.99999999999997
2020-07-30T04:00:00,N,N4,74.99999999999997
2020-07-30T05:00:00,N,N4,79.99999999999997
2020-07-30T06:00:00,N,N4,96.0
2020-07-30T07:00:00,N,N4,105.99999999999996
2020-07-30T08:00:00,N,N4,117.00000000000004
2020-07-30T09:00:00,N,N4,119.99999999999996
2020-07-30T10:00:00,N,N4,130.99999999999994
2020-07-30T11:00:00,N,N4,130.99999999999994
2020-07-30T12:00:00,N,N4,97.0
2020-07-30T13:00:00,N,N4,97.0
2020-07-30T14:00:00,N,N4,97.0
2020-07-30T15:00:00,N,N4,100.00000000000004
2020-07-30T16:00:00,N,N4,110.00000000000004
2020-07-30T17:00:00,N,N4,125.00000000000004
2020-07-30T18:00:00,N,N4,149.99999999999997
2020-07-30T19:00:00,N,N4,125.00000000000004
2020-07-30T20:00:00,N,N4,104.99999999999996
2020-07-30T21:00:00,N,N4,96.0
2020-07-30T22:00:00,N,N4,90.99999999999996
2020-07-30T23:00:00,N,N4,81.00000000000003
2020-07-31T00:00:00,N,N4,74.99999999999997
2020-07-31T01:00:00,N,N4,70.00000000000003
2020-07-31T02:00:00,N,N4,70.00000000000003
2020-07-31T03:00:00,N,N4,70.00000000000003
2020-07-31T04:00:00,N,N4,72.0
2020-07-31T05:00:00,N,N4,74.99999999999997
2020-07-31T06:00:00,N,N4,95.0
2020-07-31T07:00:00,N,N4,105.99999999999996
2020-07-31T08:00:00,N,N4,117.00000000000004
2020-07-31T09:00:00,N,N4,115.0
2020-07-31T10:00:00,N,N4,122.99999999999994
2020-07-31T11:00:00,N,N4,129.99999999999997
2020-07-31T12:00:00,N,N4,115.0
2020-07-31T13:00:00,N,N4,104.99999999999996
2020-07-31T14:00:00,N,N4,106.99999999999996
2020-07-31T15:00:00,N,N4,106.99999999999996
2020-07-31T16:00:00,N,N4,119.00000000000004
2020-07-31T17:00:00,N,N4,122.00000000000004
2020-07-31T18:00:00,N,N4,155.00000000000003
2020-07-31T19:00:00,N,N4,125.00000000000004
2020-07-31T20:00:00,N,N4,104.99999999999996
2020-07-31T21:00:00,N,N4,96.0
2020-07-31T22:00:00,N,N4,82.00000000000001
2020-07-31T23:00:00,N,N4,81.00000000000003
2020-08-01T00:00:00,N,N4,71.0
2020-08-01T01:00:00,N,N4,71.0
2020-08-01T02:00:00,N,N4,71.0
2020-08-01T03:00:00,N,N4,71.0
2020-08-01T04:00:00,N,N4,71.0
2020-08-01T05:00:00,N,N4,71.0
2020-08-01T06:00:00,N,N4,86.40712620902909
2020-08-01T07:00:00,N,N4,92.9161526671679
2020-08-01T08:00:00,N,N4,102.99413263664786
2020-08-01T09:00:00,N,N4,107.21155493807844
2020-08-01T10:00:00,N,N4,111.99999999999996
2020-08-01T11:00:00,N,N4,110.00000000000004
2020-08-01T12:00:00,N,N4,106.99999999999996
2020-08-01T13:00:00,N,N4,100.00000000000004
2020-08-01T14:00:00,N,N4,101.99999999999996
2020-08-01T15:00:00,N,N4,104.99999999999996
2020-08-01T16:00:00,N,N4,104.99999999999996
2020-08-01T17:00:00,N,N4,137.00000000000003
2020-08-01T18:00:00,N,N4,142.00000000000003
2020-08-01T19:00:00,N,N4,117.00000000000004
2020-08-01T20:00:00,N,N4,100.00000000000004
2020-08-01T21:00:00,N,N4,92.0
2020-08-01T22:00:00,N,N4,76.0
2020-08-01T23:00:00,N,N4,76.0
2020-08-02T00:00:00,N,N4,76.0
2020-08-02T01:00:00,N,N4,71.0
2020-08-02T02:00:00,N,N4,71.0
2020-08-02T03:00:00,N,N4,71.0
2020-08-02T04:00:00,N,N4,71.0
2020-08-02T05:00:00,N,N4,71.0
2020-08-02T06:00:00,N,N4,90.99999999999996
2020-08-02T07:00:00,N,N4,92.0
2020-08-02T08:00:00,N,N4,92.0
2020-08-02T09:00:00,N,N4,100.00000000000004
2020-08-02T10:00:00,N,N4,104.99999999999996
2020-08-02T11:00:00,N,N4,104.99999999999996
2020-08-02T12:00:00,N,N4,87.0
2020-08-02T13:00:00,N,N4,87.0
2020-08-02T14:00:00,N,N4,83.00000000000003
2020-08-02T15:00:00,N,N4,79.99999999999997
2020-08-02T16:00:00,N,N4,90.0
2020-08-02T17:00:00,N,N4,126.0
2020-08-02T18:00:00,N,N4,136.00000000000006
2020-08-02T19:00:00,N,N4,115.0
2020-08-02T20:00:00,N,N4,90.0
2020-08-02T21:00:00,N,N4,79.99999999999997
2020-08-02T22:00:00,N,N4,74.99999999999997
2020-08-02T23:00:00,N,N4,70.00000000000003
2020-08-03T00:00:00,N,N4,70.00000000000003
2020-08-03T01:00:00,N,N4,64.99999999999999
2020-08-03T02:00:00,N,N4,64.99999999999999
2020-08-03T03:00:00,N,N4,64.99999999999999
2020-08-03T04:00:00,N,N4,64.99999999999999
2020-08-03T05:00:00,N,N4,70.00000000000003
2020-08-03T06:00:00,N,N4,87.0
2020-08-03T07:00:00,N,N4,99.0
2020-08-03T08:00:00,N,N4,104.99999999999996
2020-08-03T09:00:00,N,N4,111.99999999999996
2020-08-03T10:00:00,N,N4,119.99999999999996
2020-08-03T11:00:00,N,N4,121.00000000000004
2020-08-03T12:00:00,N,N4,103.0
2020-08-03T13:00:00,N,N4,101.00000000000004
2020-08-03T14:00:00,N,N4,104.99999999999996
2020-08-03T15:00:00,N,N4,108.00000000000004
2020-08-03T16:00:00,N,N4,117.00000000000004
2020-08-03T17:00:00,N,N4,124.00000000000004
2020-08-03T18:00:00,N,N4,167.00000000000006
2020-08-03T19:00:00,N,N4,128.99999999999997
2020-08-03T20:00:00,N,N4,104.0
2020-08-03T21:00:00,N,N4,94.0
2020-08-03T22:00:00,N,N4,88.99999999999999
2020-08-03T23:00:00,N,N4,79.0
2020-08-04T00:00:00,N,N4,69.00000000000001
2020-08-04T01:00:00,N,N4,69.00000000000001
2020-08-04T02:00:00,N,N4,69.00000000000001
2020-08-04T03:00:00,N,N4,69.00000000000001
2020-08-04T04:00:00,N,N4,69.00000000000001
2020-08-04T05:00:00,N,N4,78.0
2020-08-04T06:00:00,N,N4,87.0
2020-08-04T07:00:00,N,N4,103.0
2020-08-04T08:00:00,N,N4,118.16666666666669
2020-08-04T09:00:00,N,N4,123.08333333333331
2020-08-04T10:00:00,N,N4,125.5
2020-08-04T11:00:00,N,N4,134.72727272727275
2020-08-04T12:00:00,N,N4,116.54545454545456
2020-08-04T13:00:00,N,N4,101.43326359751342
2020-08-04T14:00:00,N,N4,110.99999999999996
2020-08-04T15:00:00,N,N4,117.00000000000004
2020-08-04T16:00:00,N,N4,119.99999999999996
2020-08-04T17:00:00,N,N4,125.00000000000004
2020-08-04T18:00:00,N,N4,161.99999999999994
2020-08-04T19:00:00,N,N4,131.99999999999997
2020-08-04T20:00:00,N,N4,114.00000000000004
2020-08-04T21:00:00,N,N4,104.0
2020-08-04T22:00:00,N,N4,88.99999999999999
2020-08-04T23:00:00,N,N4,79.0
2020-08-05T00:00:00,N,N4,74.00000000000003
2020-08-05T01:00:00,N,N4,74.00000000000003
2020-08-05T02:00:00,N,N4,74.00000000000003
2020-08-05T03:00:00,N,N4,74.00000000000003
2020-08-05T04:00:00,N,N4,74.00000000000003
2020-08-05T05:00:00,N,N4,83.99999999999999
2020-08-05T06:00:00,N,N4,98.00000000000004
2020-08-05T07:00:00,N,N4,106.99999999999996
2020-08-05T08:00:00,N,N4,113.00000000000004
2020-08-05T09:00:00,N,N4,121.00000000000004
2020-08-05T10:00:00,N,N4,141.00000000000003
2020-08-05T11:00:00,N,N4,139.99999999999994
2020-08-05T12:00:00,N,N4,110.00000000000004
2020-08-05T13:00:00,N,N4,108.99999999999989
2020-08-05T14:00:00,N,N4,119.99999999999996
2020-08-05T15:00:00,N,N4,108.99999999999996
2020-08-05T16:00:00,N,N4,113.00000000000004
2020-08-05T17:00:00,N,N4,156.99999999999994
2020-08-05T18:00:00,N,N4,156.99999999999994
2020-08-05T19:00:00,N,N4,130.99999999999994
2020-08-05T20:00:00,N,N4,101.99999999999996
2020-08-05T21:00:00,N,N4,92.0
2020-08-05T22:00:00,N,N4,82.00000000000001
2020-08-05T23:00:00,N,N4,77.00000000000001
2020-08-06T00:00:00,N,N4,77.00000000000001
2020-08-06T01:00:00,N,N4,71.0
2020-08-06T02:00:00,N,N4,71.0
2020-08-06T03:00:00,N,N4,71.0
2020-08-06T04:00:00,N,N4,74.00000000000003
2020-08-06T05:00:00,N,N4,76.0
2020-08-06T06:00:00,N,N4,100.00000000000004
2020-08-06T07:00:00,N,N4,101.99999999999996
2020-08-06T08:00:00,N,N4,124.00000000000004
2020-08-06T09:00:00,N,N4,117.00000000000004
2020-08-06T10:00:00,N,N4,129.99999999999997
2020-08-06T11:00:00,N,N4,131.99999999999997
2020-08-06T12:00:00,N,N4,110.00000000000004
2020-08-06T13:00:00,N,N4,104.0
2020-08-06T14:00:00,N,N4,110.99999999999996
2020-08-06T15:00:00,N,N4,108.00000000000004
2020-08-06T16:00:00,N,N4,118.08333333333331
2020-08-06T17:00:00,N,N4,138.5
2020-08-06T18:00:00,N,N4,163.83333333333331
2020-08-06T19:00:00,N,N4,128.99999999999997
2020-08-06T20:00:00,N,N4,108.99999999999996
2020-08-06T21:00:00,N,N4,87.0
2020-08-06T22:00:00,N,N4,79.99999999999997
2020-08-06T23:00:00,N,N4,74.99999999999997
2020-08-07T00:00:00,N,N4,66.99999999999997
2020-08-07T01:00:00,N,N4,66.99999999999997
2020-08-07T02:00:00,N,N4,66.99999999999997
2020-08-07T03:00:00,N,N4,66.99999999999997
2020-08-07T04:00:00,N,N4,66.99999999999997
2020-08-07T05:00:00,N,N4,66.99999999999997
2020-08-07T06:00:00,N,N4,100.00000000000004
2020-08-07T07:00:00,N,N4,101.99999999999996
2020-08-07T08:00:00,N,N4,110.99999999999996
2020-08-07T09:00:00,N,N4,118.00000000000004
2020-08-07T10:00:00,N,N4,122.99999999999994
2020-08-07T11:00:00,N,N4,126.0
2020-08-07T12:00:00,N,N4,110.00000000000004
2020-08-07T13:00:00,N,N4,99.0
2020-08-07T14:00:00,N,N4,108.00000000000004
2020-08-07T15:00:00,N,N4,110.00000000000004
2020-08-07T16:00:00,N,N4,114.00000000000004
2020-08-07T17:00:00,N,N4,159.99999999999994
2020-08-07T18:00:00,N,N4,159.99999999999994
2020-08-07T19:00:00,N,N4,138.00000000000006
2020-08-07T20:00:00,N,N4,115.0
2020-08-07T21:00:00,N,N4,100.00000000000004
2020-08-07T22:00:00,N,N4,87.0
2020-08-07T23:00:00,N,N4,79.99999999999997
2020-08-08T00:00:00,N,N4,79.99999999999997
2020-08-08T01:00:00,N,N4,79.99999999999997
2020-08-08T02:00:00,N,N4,79.99999999999997
2020-08-08T03:00:00,N,N4,79.99999999999997
2020-08-08T04:00:00,N,N4,79.99999999999997
2020-08-08T05:00:00,N,N4,87.0
2020-08-08T06:00:00,N,N4,104.99999999999996
2020-08-08T07:00:00,N,N4,110.00000000000004
2020-08-08T08:00:00,N,N4,124.00000000000004
2020-08-08T09:00:00,N,N4,121.00000000000004
2020-08-08T10:00:00,N,N4,122.99999999999994
2020-08-08T11:00:00,N,N4,136.00000000000006
2020-08-08T12:00:00,N,N4,121.00000000000004
2020-08-08T13:00:00,N,N4,110.99999999999996
2020-08-08T14:00:00,N,N4,115.0
2020-08-08T15:00:00,N,N4,104.99999999999996
2020-08-08T16:00:00,N,N4,111.99999999999996
2020-08-08T17:00:00,N,N4,117.00000000000004
2020-08-08T18:00:00,N,N4,149.99999999999997
2020-08-08T19:00:00,N,N4,131.99999999999997
2020-08-08T20:00:00,N,N4,104.99999999999996
2020-08-08T21:00:00,N,N4,97.0
2020-08-08T22:00:00,N,N4,87.0
2020-08-08T23:00:00,N,N4,77.00000000000001
2020-08-09T00:00:00,N,N4,83.00000000000003
2020-08-09T01:00:00,N,N4,78.0
2020-08-09T02:00:00,N,N4,78.0
2020-08-09T03:00:00,N,N4,78.0
2020-08-09T04:00:00,N,N4,78.0
2020-08-09T05:00:00,N,N4,83.00000000000003
2020-08-09T06:00:00,N,N4,93.00000000000004
2020-08-09T07:00:00,N,N4,106.99999999999996
2020-08-09T08:00:00,N,N4,113.00000000000004
2020-08-09T09:00:00,N,N4,119.99999999999996
2020-08-09T10:00:00,N,N4,127.0
2020-08-09T11:00:00,N,N4,127.99999999999996
2020-08-09T12:00:00,N,N4,119.99999999999996
2020-08-09T13:00:00,N,N4,96.0
2020-08-09T14:00:00,N,N4,93.00000000000004
2020-08-09T15:00:00,N,N4,87.0
2020-08-09T16:00:00,N,N4,92.0
2020-08-09T17:00:00,N,N4,104.99999999999996
2020-08-09T18:00:00,N,N4,128.6966155464008
2020-08-09T19:00:00,N,N4,111.99999999999996
2020-08-09T20:00:00,N,N4,100.00000000000004
2020-08-09T21:00:00,N,N4,92.0
2020-08-09T22:00:00,N,N4,87.0
2020-08-09T23:00:00,N,N4,82.00000000000001
2020-08-10T00:00:00,N,N4,81.00000000000003
2020-08-10T01:00:00,N,N4,74.99999999999997
2020-08-10T02:00:00,N,N4,74.99999999999997
2020-08-10T03:00:00,N,N4,74.99999999999997
2020-08-10T04:00:00,N,N4,74.99999999999997
2020-08-10T05:00:00,N,N4,74.99999999999997
2020-08-10T06:00:00,N,N4,96.0
2020-08-10T07:00:00,N,N4,98.00000000000004
2020-08-10T08:00:00,N,N4,115.0
2020-08-10T09:00:00,N,N4,115.0
2020-08-10T10:00:00,N,N4,127.0
2020-08-10T11:00:00,N,N4,135.00000000000003
2020-08-10T12:00:00,N,N4,124.00000000000004
2020-08-10T13:00:00,N,N4,122.99999999999994
2020-08-10T14:00:00,N,N4,133.99999999999997
2020-08-10T15:00:00,N,N4,121.00000000000004
2020-08-10T16:00:00,N,N4,126.0
2020-08-10T17:00:00,N,N4,143.28768558870712
2020-08-10T18:00:00,N,N4,169.0
2020-08-10T19:00:00,N,N4,139.99999999999994
2020-08-10T20:00:00,N,N4,110.00000000000004
2020-08-10T21:00:00,N,N4,90.99999999999996
2020-08-10T22:00:00,N,N4,85.99999999999997
2020-08-10T23:00:00,N,N4,76.0
2020-08-11T00:00:00,N,N4,76.0
2020-08-11T01:00:00,N,N4,76.0
2020-08-11T02:00:00,N,N4,76.0
2020-08-11T03:00:00,N,N4,76.0
2020-08-11T04:00:00,N,N4,76.0
2020-08-11T05:00:00,N,N4,86.00000000000004
2020-08-11T06:00:00,N,N4,104.99999999999996
2020-08-11T07:00:00,N,N4,115.0
2020-08-11T08:00:00,N,N4,118.00000000000004
2020-08-11T09:00:00,N,N4,122.99999999999994
2020-08-11T10:00:00,N,N4,126.0
2020-08-11T11:00:00,N,N4,131.99999999999997
2020-08-11T12:00:00,N,N4,111.99999999999996
2020-08-11T13:00:00,N,N4,104.0
2020-08-11T14:00:00,N,N4,106.99999999999996
2020-08-11T15:00:00,N,N4,111.99999999999996
2020-08-11T16:00:00,N,N4,108.99999999999996
2020-08-11T17:00:00,N,N4,128.99999999999997
2020-08-11T18:00:00,N,N4,164.99999999999994
2020-08-11T19:00:00,N,N4,135.00000000000003
2020-08-11T20:00:00,N,N4,100.00000000000004
2020-08-11T21:00:00,N,N4,92.0
2020-08-11T22:00:00,N,N4,87.0
2020-08-11T23:00:00,N,N4,76.0
2020-08-12T00:00:00,N,N4,62.00000000000001
2020-08-12T01:00:00,N,N4,62.00000000000001
2020-08-12T02:00:00,N,N4,62.000000000000064
2020-08-12T03:00:00,N,N4,55.000000000000014
2020-08-12T04:00:00,N,N4,55.000000000000014
2020-08-12T05:00:00,N,N4,55.000000000000014
2020-08-12T06:00:00,N,N4,68.00000000000001
2020-08-12T07:00:00,N,N4,79.99999999999997
2020-08-12T08:00:00,N,N4,95.0
2020-08-12T09:00:00,N,N4,98.00000000000004
2020-08-12T10:00:00,N,N4,98.00000000000004
2020-08-12T11:00:00,N,N4,143.08333333333334
2020-08-12T12:00:00,N,N4,122.44029316179522
2020-08-12T13:00:00,N,N4,112.75
2020-08-12T14:00:00,N,N4,59.63431325479658
2020-08-12T15:00:00,N,N4,62.60366162942035
2020-08-12T16:00:00,N,N4,69.44097909274097
2020-08-12T17:00:00,N,N4,85.28310487701992
2020-08-12T18:00:00,N,N4,108.88835950269016
2020-08-12T19:00:00,N,N4,96.0
2020-08-12T20:00:00,N,N4,77.00000000000001
2020-08-12T21:00:00,N,N4,72.0
2020-08-12T22:00:00,N,N4,65.99999999999997
2020-08-12T23:00:00,N,N4,57.00000000000001
2020-08-13T00:00:00,N,N4,57.00000000000001
2020-08-13T01:00:00,N,N4,55.000000000000014
2020-08-13T02:00:00,N,N4,53.00000000000001
2020-08-13T03:00:00,N,N4,52.00000000000001
2020-08-13T04:00:00,N,N4,52.00000000000001
2020-08-13T05:00:00,N,N4,52.00000000000001
2020-08-13T06:00:00,N,N4,72.0
2020-08-13T07:00:00,N,N4,76.0
2020-08-13T08:00:00,N,N4,99.0
2020-08-13T09:00:00,N,N4,108.99999999999996
2020-08-13T10:00:00,N,N4,111.99999999999996
2020-08-13T11:00:00,N,N4,124.00000000000004
2020-08-13T12:00:00,N,N4,100.00000000000004
2020-08-13T13:00:00,N,N4,85.00000000000001
2020-08-13T14:00:00,N,N4,90.99999999999996
2020-08-13T15:00:00,N,N4,83.99999999999999
2020-08-13T16:00:00,N,N4,94.0
2020-08-13T17:00:00,N,N4,144.99999999999997
2020-08-13T18:00:00,N,N4,144.99999999999997
2020-08-13T19:00:00,N,N4,114.00000000000004
2020-08-13T20:00:00,N,N4,95.0
2020-08-13T21:00:00,N,N4,85.00000000000001
2020-08-13T22:00:00,N,N4,78.0
2020-08-13T23:00:00,N,N4,70.00000000000003
2020-08-14T00:00:00,N,N4,64.99999999999999
2020-08-14T01:00:00,N,N4,64.99999999999999
2020-08-14T02:00:00,N,N4,64.99999999999999
2020-08-14T03:00:00,N,N4,64.99999999999999
2020-08-14T04:00:00,N,N4,64.99999999999999
2020-08-14T05:00:00,N,N4,70.00000000000003
2020-08-14T06:00:00,N,N4,79.99999999999997
2020-08-14T07:00:00,N,N4,90.99999999999996
2020-08-14T08:00:00,N,N4,108.99999999999996
2020-08-14T09:00:00,N,N4,110.00000000000004
2020-08-14T10:00:00,N,N4,110.99999999999996
2020-08-14T11:00:00,N,N4,108.00000000000004
2020-08-14T12:00:00,N,N4,97.0
2020-08-14T13:00:00,N,N4,88.99999999999999
2020-08-14T14:00:00,N,N4,93.00000000000004
2020-08-14T15:00:00,N,N4,92.0
2020-08-14T16:00:00,N,N4,93.00000000000004
2020-08-14T17:00:00,N,N4,108.99999999999996
2020-08-14T18:00:00,N,N4,138.00000000000006
2020-08-14T19:00:00,N,N4,119.00000000000004
2020-08-14T20:00:00,N,N4,74.99999999999997
2020-08-14T21:00:00,N,N4,66.99999999999997
2020-08-14T22:00:00,N,N4,62.00000000000001
2020-08-14T23:00:00,N,N4,62.00000000000001
2020-08-15T00:00:00,N,N4,55.000000000000014
2020-08-15T01:00:00,N,N4,55.000000000000014
2020-08-15T02:00:00,N,N4,55.000000000000014
2020-08-15T03:00:00,N,N4,55.000000000000014
2020-08-15T04:00:00,N,N4,55.000000000000014
2020-08-15T05:00:00,N,N4,55.000000000000014
2020-08-15T06:00:00,N,N4,57.99999999999999
2020-08-15T07:00:00,N,N4,71.0
2020-08-15T08:00:00,N,N4,83.99999999999999
2020-08-15T09:00:00,N,N4,88.00000000000003
2020-08-15T10:00:00,N,N4,90.99999999999996
2020-08-15T11:00:00,N,N4,88.00000000000003
2020-08-15T12:00:00,N,N4,82.00000000000001
2020-08-15T13:00:00,N,N4,69.00000000000001
2020-08-15T14:00:00,N,N4,68.00000000000001
2020-08-15T15:00:00,N,N4,72.99999999999999
2020-08-15T16:00:00,N,N4,78.0
2020-08-15T17:00:00,N,N4,98.00000000000004
2020-08-15T18:00:00,N,N4,114.00000000000004
2020-08-15T19:00:00,N,N4,99.0
2020-08-15T20:00:00,N,N4,83.99999999999999
2020-08-15T21:00:00,N,N4,74.00000000000003
2020-08-15T22:00:00,N,N4,63.99999999999998
2020-08-15T23:00:00,N,N4,59.000000000000014
2020-08-16T00:00:00,N,N4,59.000000000000014
2020-08-16T01:00:00,N,N4,56.00000000000002
2020-08-16T02:00:00,N,N4,54.00000000000003
2020-08-16T03:00:00,N,N4,54.00000000000001
2020-08-16T04:00:00,N,N4,54.00000000000001
2020-08-16T05:00:00,N,N4,54.00000000000001
2020-08-16T06:00:00,N,N4,55.000000000000014
2020-08-16T07:00:00,N,N4,68.00000000000001
2020-08-16T08:00:00,N,N4,68.00000000000001
2020-08-16T09:00:00,N,N4,72.99999999999999
2020-08-16T10:00:00,N,N4,78.0
2020-08-16T11:00:00,N,N4,88.00000000000003
2020-08-16T12:00:00,N,N4,72.99999999999999
2020-08-16T13:00:00,N,N4,62.99999999999999
2020-08-16T14:00:00,N,N4,57.99999999999999
2020-08-16T15:00:00,N,N4,57.99999999999999
2020-08-16T16:00:00,N,N4,57.99999999999999
2020-08-16T17:00:00,N,N4,104.99999999999996
2020-08-16T18:00:00,N,N4,108.99999999999996
2020-08-16T19:00:00,N,N4,88.99999999999999
2020-08-16T20:00:00,N,N4,74.00000000000003
2020-08-16T21:00:00,N,N4,63.99999999999998
2020-08-16T22:00:00,N,N4,59.000000000000014
2020-08-16T23:00:00,N,N4,57.00000000000001
2020-08-17T00:00:00,N,N4,54.00000000000001
2020-08-17T01:00:00,N,N4,54.00000000000001
2020-08-17T02:00:00,N,N4,48.99999999999999
2020-08-17T03:00:00,N,N4,48.99999999999999
2020-08-17T04:00:00,N,N4,54.00000000000001
2020-08-17T05:00:00,N,N4,59.000000000000014
2020-08-17T06:00:00,N,N4,72.0
2020-08-17T07:00:00,N,N4,72.0
2020-08-17T08:00:00,N,N4,90.0
2020-08-17T09:00:00,N,N4,97.0
2020-08-17T10:00:00,N,N4,97.0
2020-08-17T11:00:00,N,N4,101.99999999999996
2020-08-17T12:00:00,N,N4,101.99999999999996
2020-08-17T13:00:00,N,N4,90.0
2020-08-17T14:00:00,N,N4,90.0
2020-08-17T15:00:00,N,N4,90.0
2020-08-17T16:00:00,N,N4,83.99999999999999
2020-08-17T17:00:00,N,N4,96.0
2020-08-17T18:00:00,N,N4,146.99999999999997
2020-08-17T19:00:00,N,N4,116.0
2020-08-17T20:00:00,N,N4,90.0
2020-08-17T21:00:00,N,N4,78.0
2020-08-17T22:00:00,N,N4,69.00000000000001
2020-08-17T23:00:00,N,N4,62.000000000000064
2020-08-18T00:00:00,N,N4,62.00000000000001
2020-08-18T01:00:00,N,N4,55.000000000000014
2020-08-18T02:00:00,N,N4,55.000000000000014
2020-08-18T03:00:00,N,N4,55.000000000000014
2020-08-18T04:00:00,N,N4,55.000000000000014
2020-08-18T05:00:00,N,N4,66.99999999999997
2020-08-18T06:00:00,N,N4,81.99999999999994
2020-08-18T07:00:00,N,N4,92.0
2020-08-18T08:00:00,N,N4,108.99999999999996
2020-08-18T09:00:00,N,N4,99.0
2020-08-18T10:00:00,N,N4,104.99999999999996
2020-08-18T11:00:00,N,N4,104.99999999999996
2020-08-18T12:00:00,N,N4,86.00000000000004
2020-08-18T13:00:00,N,N4,77.00000000000001
2020-08-18T14:00:00,N,N4,83.00000000000003
2020-08-18T15:00:00,N,N4,85.99999999999997
2020-08-18T16:00:00,N,N4,90.99999999999996
2020-08-18T17:00:00,N,N4,98.00000000000004
2020-08-18T18:00:00,N,N4,131.99999999999997
2020-08-18T19:00:00,N,N4,99.0
2020-08-18T20:00:00,N,N4,79.0
2020-08-18T21:00:00,N,N4,74.00000000000003
2020-08-18T22:00:00,N,N4,63.99999999999998
2020-08-18T23:00:00,N,N4,59.000000000000014
2020-08-19T00:00:00,N,N4,52.00000000000001
2020-08-19T01:00:00,N,N4,53.00000000000001
2020-08-19T02:00:00,N,N4,53.00000000000001
2020-08-19T03:00:00,N,N4,53.00000000000001
2020-08-19T04:00:00,N,N4,53.00000000000001
2020-08-19T05:00:00,N,N4,53.00000000000001
2020-08-19T06:00:00,N,N4,72.99999999999999
2020-08-19T07:00:00,N,N4,74.99999999999997
2020-08-19T08:00:00,N,N4,90.0
2020-08-19T09:00:00,N,N4,97.0
2020-08-19T10:00:00,N,N4,103.0
2020-08-19T11:00:00,N,N4,100.00000000000004
2020-08-19T12:00:00,N,N4,87.0
2020-08-19T13:00:00,N,N4,79.99999999999997
2020-08-19T14:00:00,N,N4,92.0
2020-08-19T15:00:00,N,N4,93.00000000000004
2020-08-19T16:00:00,N,N4,96.0
2020-08-19T17:00:00,N,N4,127.0
2020-08-19T18:00:00,N,N4,127.0
2020-08-19T19:00:00,N,N4,99.0
2020-08-19T20:00:00,N,N4,78.0
2020-08-19T21:00:00,N,N4,63.99999999999998
2020-08-19T22:00:00,N,N4,59.000000000000014
2020-08-19T23:00:00,N,N4,54.00000000000001
2020-08-20T00:00:00,N,N4,54.00000000000001
2020-08-20T01:00:00,N,N4,54.00000000000001
2020-08-20T02:00:00,N,N4,54.00000000000001
2020-08-20T03:00:00,N,N4,54.00000000000003
2020-08-20T04:00:00,N,N4,54.00000000000001
2020-08-20T05:00:00,N,N4,59.000000000000014
2020-08-20T06:00:00,N,N4,72.0
2020-08-20T07:00:00,N,N4,74.99999999999997
2020-08-20T08:00:00,N,N4,98.00000000000004
2020-08-20T09:00:00,N,N4,96.0
2020-08-20T10:00:00,N,N4,100.00000000000004
2020-08-20T11:00:00,N,N4,113.00000000000004
2020-08-20T12:00:00,N,N4,96.0
2020-08-20T13:00:00,N,N4,96.0
2020-08-20T14:00:00,N,N4,95.0
2020-08-20T15:00:00,N,N4,98.00000000000004
2020-08-20T16:00:00,N,N4,103.0
2020-08-20T17:00:00,N,N4,115.0
2020-08-20T18:00:00,N,N4,129.99999999999997
2020-08-20T19:00:00,N,N4,111.99999999999996
2020-08-20T20:00:00,N,N4,100.00000000000004
2020-08-20T21:00:00,N,N4,95.0
2020-08-20T22:00:00,N,N4,74.99999999999997
2020-08-20T23:00:00,N,N4,74.99999999999997
2020-08-21T00:00:00,N,N4,66.99999999999997
2020-08-21T01:00:00,N,N4,62.000000000000064
2020-08-21T02:00:00,N,N4,62.00000000000001
2020-08-21T03:00:00,N,N4,62.00000000000001
2020-08-21T04:00:00,N,N4,62.000000000000064
2020-08-21T05:00:00,N,N4,66.99999999999997
2020-08-21T06:00:00,N,N4,95.0
2020-08-21T07:00:00,N,N4,98.00000000000004
2020-08-21T08:00:00,N,N4,108.00000000000004
2020-08-21T09:00:00,N,N4,116.0
2020-08-21T10:00:00,N,N4,121.00000000000004
2020-08-21T11:00:00,N,N4,118.00000000000004
2020-08-21T12:00:00,N,N4,104.99999999999996
2020-08-21T13:00:00,N,N4,99.0
2020-08-21T14:00:00,N,N4,103.0
2020-08-21T15:00:00,N,N4,106.99999999999996
2020-08-21T16:00:00,N,N4,116.0
2020-08-21T17:00:00,N,N4,121.00000000000004
2020-08-21T18:00:00,N,N4,149.99999999999997
2020-08-21T19:00:00,N,N4,122.99999999999994
2020-08-21T20:00:00,N,N4,106.99999999999996
2020-08-21T21:00:00,N,N4,93.00000000000004
2020-08-21T22:00:00,N,N4,88.00000000000003
2020-08-21T23:00:00,N,N4,78.0
2020-08-22T00:00:00,N,N4,72.99999999999999
2020-08-22T01:00:00,N,N4,68.00000000000001
2020-08-22T02:00:00,N,N4,68.00000000000001
2020-08-22T03:00:00,N,N4,68.00000000000001
2020-08-22T04:00:00,N,N4,68.00000000000001
2020-08-22T05:00:00,N,N4,72.99999999999999
2020-08-22T06:00:00,N,N4,88.00000000000003
2020-08-22T07:00:00,N,N4,108.99999999999996
2020-08-22T08:00:00,N,N4,114.00000000000004
2020-08-22T09:00:00,N,N4,118.00000000000004
2020-08-22T10:00:00,N,N4,118.00000000000004
2020-08-22T11:00:00,N,N4,119.00000000000004
2020-08-22T12:00:00,N,N4,95.0
2020-08-22T13:00:00,N,N4,95.0
2020-08-22T14:00:00,N,N4,98.00000000000004
2020-08-22T15:00:00,N,N4,88.00000000000003
2020-08-22T16:00:00,N,N4,95.0
2020-08-22T17:00:00,N,N4,119.99999999999996
2020-08-22T18:00:00,N,N4,129.99999999999997
2020-08-22T19:00:00,N,N4,104.99999999999996
2020-08-22T20:00:00,N,N4,90.0
2020-08-22T21:00:00,N,N4,79.99999999999997
2020-08-22T22:00:00,N,N4,69.00000000000001
2020-08-22T23:00:00,N,N4,65.99999999999997
2020-08-23T00:00:00,N,N4,63.99999999999998
2020-08-23T01:00:00,N,N4,63.79633106827517
2020-08-23T02:00:00,N,N4,64.17417442386277
2020-08-23T03:00:00,N,N4,65.89239977734356
2020-08-23T04:00:00,N,N4,68.62999746690673
2020-08-23T05:00:00,N,N4,75.34112784840144
2020-08-23T06:00:00,N,N4,94.07847708678857
2020-08-23T07:00:00,N,N4,103.88496809907356
2020-08-23T08:00:00,N,N4,117.24735282702832
2020-08-23T09:00:00,N,N4,125.00000000000004
2020-08-23T10:00:00,N,N4,129.99999999999997
2020-08-23T11:00:00,N,N4,117.00000000000004
2020-08-23T12:00:00,N,N4,117.00000000000004
2020-08-23T13:00:00,N,N4,100.00000000000004
2020-08-23T14:00:00,N,N4,100.00000000000004
2020-08-23T15:00:00,N,N4,97.99315455009916
2020-08-23T16:00:00,N,N4,100.00000000000004
2020-08-23T17:00:00,N,N4,132.3083448221053
2020-08-23T18:00:00,N,N4,175.00000000000009
2020-08-23T19:00:00,N,N4,119.99999999999996
2020-08-23T20:00:00,N,N4,111.99999999999996
2020-08-23T21:00:00,N,N4,100.00000000000004
2020-08-23T22:00:00,N,N4,92.0
2020-08-23T23:00:00,N,N4,87.0
2020-08-24T00:00:00,N,N4,87.0
2020-08-24T01:00:00,N,N4,87.0
2020-08-24T02:00:00,N,N4,79.99999999999997
2020-08-24T03:00:00,N,N4,79.99999999999997
2020-08-24T04:00:00,N,N4,79.99999999999997
2020-08-24T05:00:00,N,N4,92.0
2020-08-24T06:00:00,N,N4,121.00000000000004
2020-08-24T07:00:00,N,N4,131.99999999999997
2020-08-24T08:00:00,N,N4,138.99999999999997
2020-08-24T09:00:00,N,N4,146.99999999999997
2020-08-24T10:00:00,N,N4,146.99999999999997
2020-08-24T11:00:00,N,N4,164.99999999999994
2020-08-24T12:00:00,N,N4,141.00000000000003
2020-08-24T13:00:00,N,N4,127.0
2020-08-24T14:00:00,N,N4,133.0
2020-08-24T15:00:00,N,N4,119.99999999999996
2020-08-24T16:00:00,N,N4,127.0
2020-08-24T17:00:00,N,N4,144.99999999999997
2020-08-24T18:00:00,N,N4,217.00000000000003
2020-08-24T19:00:00,N,N4,183.00000000000009
2020-08-24T20:00:00,N,N4,147.99999999999994
2020-08-24T21:00:00,N,N4,118.00000000000004
2020-08-24T22:00:00,N,N4,108.00000000000004
2020-08-24T23:00:00,N,N4,101.99999999999996
2020-08-25T00:00:00,N,N4,92.0
2020-08-25T01:00:00,N,N4,87.0
2020-08-25T02:00:00,N,N4,77.49999999999999
2020-08-25T03:00:00,N,N4,77.5
2020-08-25T04:00:00,N,N4,78.5
2020-08-25T05:00:00,N,N4,92.0
2020-08-25T06:00:00,N,N4,122.99999999999994
2020-08-25T07:00:00,N,N4,133.0
2020-08-25T08:00:00,N,N4,144.99999999999997
2020-08-25T09:00:00,N,N4,147.99999999999994
2020-08-25T10:00:00,N,N4,155.00000000000003
2020-08-25T11:00:00,N,N4,167.0000000000002
2020-08-25T12:00:00,N,N4,154.00000000000006
2020-08-25T13:00:00,N,N4,124.00000000000004
2020-08-25T14:00:00,N,N4,128.99999999999997
2020-08-25T15:00:00,N,N4,128.99999999999997
2020-08-25T16:00:00,N,N4,138.00000000000006
2020-08-25T17:00:00,N,N4,170.8987644769133
2020-08-25T18:00:00,N,N4,214.0
2020-08-25T19:00:00,N,N4,186.00000000000009
2020-08-25T20:00:00,N,N4,144.0
2020-08-25T21:00:00,N,N4,124.00000000000004
2020-08-25T22:00:00,N,N4,119.00000000000004
2020-08-25T23:00:00,N,N4,104.0
2020-08-26T00:00:00,N,N4,99.0
2020-08-26T01:00:00,N,N4,99.0
2020-08-26T02:00:00,N,N4,94.0
2020-08-26T03:00:00,N,N4,94.0
2020-08-26T04:00:00,N,N4,94.0
2020-08-26T05:00:00,N,N4,108.99999999999996
2020-08-26T06:00:00,N,N4,137.00000000000003
2020-08-26T07:00:00,N,N4,138.00000000000006
2020-08-26T08:00:00,N,N4,142.00000000000003
2020-08-26T09:00:00,N,N4,147.99999999999994
2020-08-26T10:00:00,N,N4,156.0
2020-08-26T11:00:00,N,N4,156.0
2020-08-26T12:00:00,N,N4,138.99999999999997
2020-08-26T13:00:00,N,N4,122.99999999999994
2020-08-26T14:00:00,N,N4,136.00000000000006
2020-08-26T15:00:00,N,N4,138.00000000000006
2020-08-26T16:00:00,N,N4,144.99999999999997
2020-08-26T17:00:00,N,N4,164.99999999999994
2020-08-26T18:00:00,N,N4,207.0
2020-08-26T19:00:00,N,N4,170.00000000000006
2020-08-26T20:00:00,N,N4,139.99999999999994
2020-08-26T21:00:00,N,N4,119.99999999999996
2020-08-26T22:00:00,N,N4,111.99999999999996
2020-08-26T23:00:00,N,N4,100.00000000000004
2020-08-27T00:00:00,N,N4,92.0
2020-08-27T01:00:00,N,N4,87.0
2020-08-27T02:00:00,N,N4,87.0
2020-08-27T03:00:00,N,N4,87.0
2020-08-27T04:00:00,N,N4,87.0
2020-08-27T05:00:00,N,N4,100.00000000000004
2020-08-27T06:00:00,N,N4,127.0
2020-08-27T07:00:00,N,N4,128.99999999999997
2020-08-27T08:00:00,N,N4,138.99999999999997
2020-08-27T09:00:00,N,N4,146.99999999999997
2020-08-27T10:00:00,N,N4,161.99999999999994
2020-08-27T11:00:00,N,N4,169.0
2020-08-27T12:00:00,N,N4,149.99999999999997
2020-08-27T13:00:00,N,N4,131.99999999999997
2020-08-27T14:00:00,N,N4,144.99999999999997
2020-08-27T15:00:00,N,N4,136.00000000000006
2020-08-27T16:00:00,N,N4,131.99999999999997
2020-08-27T17:00:00,N,N4,149.99999999999997
2020-08-27T18:00:00,N,N4,208.0
2020-08-27T19:00:00,N,N4,181.00000000000009
2020-08-27T20:00:00,N,N4,152.99999999999997
2020-08-27T21:00:00,N,N4,138.00000000000006
2020-08-27T22:00:00,N,N4,122.99999999999994
2020-08-27T23:00:00,N,N4,113.00000000000004
2020-08-28T00:00:00,N,N4,102.00000000000004
2020-08-28T01:00:00,N,N4,96.99999999999991
2020-08-28T02:00:00,N,N4,96.99999999999991
2020-08-28T03:00:00,N,N4,97.0
2020-08-28T04:00:00,N,N4,100.00000000000004
2020-08-28T05:00:00,N,N4,101.99999999999996
2020-08-28T06:00:00,N,N4,131.99999999999997
2020-08-28T07:00:00,N,N4,138.99999999999997
2020-08-28T08:00:00,N,N4,151.0
2020-08-28T09:00:00,N,N4,149.99999999999997
2020-08-28T10:00:00,N,N4,158.00000000000003
2020-08-28T11:00:00,N,N4,174.0
2020-08-28T12:00:00,N,N4,149.0
2020-08-28T13:00:00,N,N4,139.99999999999994
2020-08-28T14:00:00,N,N4,152.0
2020-08-28T15:00:00,N,N4,139.99999999999994
2020-08-28T16:00:00,N,N4,139.99999999999994
2020-08-28T17:00:00,N,N4,168.27829885529792
2020-08-28T18:00:00,N,N4,206.00000000000003
2020-08-28T19:00:00,N,N4,171.00000000000009
2020-08-28T20:00:00,N,N4,151.0
2020-08-28T21:00:00,N,N4,135.00000000000003
2020-08-28T22:00:00,N,N4,115.0
2020-08-28T23:00:00,N,N4,110.00000000000004
2020-08-29T00:00:00,N,N4,104.99999999999996
2020-08-29T01:00:00,N,N4,104.99999999999996
2020-08-29T02:00:00,N,N4,100.00000000000004
2020-08-29T03:00:00,N,N4,100.00000000000004
2020-08-29T04:00:00,N,N4,100.00000000000004
2020-08-29T05:00:00,N,N4,104.99999999999996
2020-08-29T06:00:00,N,N4,119.99999999999996
2020-08-29T07:00:00,N,N4,135.00000000000003
2020-08-29T08:00:00,N,N4,151.0
2020-08-29T09:00:00,N,N4,152.0
2020-08-29T10:00:00,N,N4,158.00000000000003
2020-08-29T11:00:00,N,N4,170.00000000000006
2020-08-29T12:00:00,N,N4,149.99999999999997
2020-08-29T13:00:00,N,N4,136.00000000000006
2020-08-29T14:00:00,N,N4,146.0
2020-08-29T15:00:00,N,N4,146.99999999999997
2020-08-29T16:00:00,N,N4,141.00000000000003
2020-08-29T17:00:00,N,N4,156.0
2020-08-29T18:00:00,N,N4,208.0
2020-08-29T19:00:00,N,N4,175.00000000000009
2020-08-29T20:00:00,N,N4,152.99999999999997
2020-08-29T21:00:00,N,N4,136.00000000000006
2020-08-29T22:00:00,N,N4,127.0
2020-08-29T23:00:00,N,N4,115.0
2020-08-30T00:00:00,N,N4,111.99999999999996
2020-08-30T01:00:00,N,N4,111.99999999999996
2020-08-30T02:00:00,N,N4,97.0
2020-08-30T03:00:00,N,N4,97.0
2020-08-30T04:00:00,N,N4,97.0
2020-08-30T05:00:00,N,N4,101.99999999999996
2020-08-30T06:00:00,N,N4,118.00000000000004
2020-08-30T07:00:00,N,N4,129.99999999999997
2020-08-30T08:00:00,N,N4,135.00000000000003
2020-08-30T09:00:00,N,N4,142.00000000000003
2020-08-30T10:00:00,N,N4,146.0
2020-08-30T11:00:00,N,N4,167.99999999999997
2020-08-30T12:00:00,N,N4,127.0
2020-08-30T13:00:00,N,N4,106.99999999999996
2020-08-30T14:00:00,N,N4,113.00000000000004
2020-08-30T15:00:00,N,N4,103.0
2020-08-30T16:00:00,N,N4,108.00000000000004
2020-08-30T17:00:00,N,N4,126.0
2020-08-30T18:00:00,N,N4,161.00000000000003
2020-08-30T19:00:00,N,N4,141.00000000000003
2020-08-30T20:00:00,N,N4,117.00000000000004
2020-08-30T21:00:00,N,N4,110.00000000000004
2020-08-30T22:00:00,N,N4,104.99999999999989
2020-08-30T23:00:00,N,N4,101.99999999999996
2020-08-31T00:00:00,N,N4,101.99999999999996
2020-08-31T01:00:00,N,N4,97.0
2020-08-31T02:00:00,N,N4,95.0
2020-08-31T03:00:00,N,N4,92.0
2020-08-31T04:00:00,N,N4,96.0
2020-08-31T05:00:00,N,N4,105.99999999999996
2020-08-31T06:00:00,N,N4,122.00000000000004
2020-08-31T07:00:00,N,N4,127.99999999999996
2020-08-31T08:00:00,N,N4,138.00000000000006
2020-08-31T09:00:00,N,N4,146.99999999999997
2020-08-31T10:00:00,N,N4,152.0
2020-08-31T11:00:00,N,N4,171.00000000000009
2020-08-31T12:00:00,N,N4,146.99999999999997
2020-08-31T13:00:00,N,N4,131.99999999999997
2020-08-31T14:00:00,N,N4,128.99999999999997
2020-08-31T15:00:00,N,N4,129.99999999999997
2020-08-31T16:00:00,N,N4,144.99999999999997
2020-08-31T17:00:00,N,N4,142.99999999999994
2020-08-31T18:00:00,N,N4,174.5017043233216
2020-08-31T19:00:00,N,N4,177.99999999999997
2020-08-31T20:00:00,N,N4,141.00000000000003
2020-08-31T21:00:00,N,N4,116.0
2020-08-31T22:00:00,N,N4,105.99999999999996
2020-08-31T23:00:00,N,N4,101.00000000000004
2020-09-01T00:00:00,N,N4,90.99999999999996
2020-09-01T01:00:00,N,N4,90.99999999999996
2020-09-01T02:00:00,N,N4,90.99999999999996
2020-09-01T03:00:00,N,N4,90.99999999999996
2020-09-01T04:00:00,N,N4,96.0
2020-09-01T05:00:00,N,N4,111.00000000000009
2020-09-01T06:00:00,N,N4,125.00000000000004
2020-09-01T07:00:00,N,N4,133.99999999999997
2020-09-01T08:00:00,N,N4,135.00000000000003
2020-09-01T09:00:00,N,N4,142.00000000000003
2020-09-01T10:00:00,N,N4,143.00000000000009
2020-09-01T11:00:00,N,N4,155.00000000000003
2020-09-01T12:00:00,N,N4,137.00000000000003
2020-09-01T13:00:00,N,N4,126.00000000000011
2020-09-01T14:00:00,N,N4,133.99999999999997
2020-09-01T15:00:00,N,N4,127.99999999999996
2020-09-01T16:00:00,N,N4,136.9999999999999
2020-09-01T17:00:00,N,N4,144.99999999999997
2020-09-01T18:00:00,N,N4,198.0
2020-09-01T19:00:00,N,N4,192.0
2020-09-01T20:00:00,N,N4,139.99999999999994
2020-09-01T21:00:00,N,N4,127.0
2020-09-01T22:00:00,N,N4,104.99999999999996
2020-09-01T23:00:00,N,N4,104.99999999999996
2020-09-02T00:00:00,N,N4,100.00000000000004
2020-09-02T01:00:00,N,N4,92.0
2020-09-02T02:00:00,N,N4,92.0
2020-09-02T03:00:00,N,N4,92.0
2020-09-02T04:00:00,N,N4,92.0
2020-09-02T05:00:00,N,N4,104.99999999999996
2020-09-02T06:00:00,N,N4,135.00000000000003
2020-09-02T07:00:00,N,N4,142.00000000000003
2020-09-02T08:00:00,N,N4,151.0
2020-09-02T09:00:00,N,N4,152.0
2020-09-02T10:00:00,N,N4,159.0
2020-09-02T11:00:00,N,N4,176.99999999999994
2020-09-02T12:00:00,N,N4,144.99999999999997
2020-09-02T13:00:00,N,N4,128.99999999999997
2020-09-02T14:00:00,N,N4,137.00000000000003
2020-09-02T15:00:00,N,N4,139.99999999999994
2020-09-02T16:00:00,N,N4,136.00000000000006
2020-09-02T17:00:00,N,N4,166.00000000000006
2020-09-02T18:00:00,N,N4,202.00000000000009
2020-09-02T19:00:00,N,N4,156.99999999999994
2020-09-02T20:00:00,N,N4,127.0
2020-09-02T21:00:00,N,N4,111.99999999999996
2020-09-02T22:00:00,N,N4,102.00000000000004
2020-09-02T23:00:00,N,N4,92.0
2020-09-03T00:00:00,N,N4,92.0
2020-09-03T01:00:00,N,N4,87.0
2020-09-03T02:00:00,N,N4,87.0
2020-09-03T03:00:00,N,N4,87.0
2020-09-03T04:00:00,N,N4,87.0
2020-09-03T05:00:00,N,N4,92.0
2020-09-03T06:00:00,N,N4,122.99999999999994
2020-09-03T07:00:00,N,N4,127.99999999999996
2020-09-03T08:00:00,N,N4,142.99999999999994
2020-09-03T09:00:00,N,N4,137.00000000000003
2020-09-03T10:00:00,N,N4,149.99999999999997
2020-09-03T11:00:00,N,N4,169.0
2020-09-03T12:00:00,N,N4,138.00000000000006
2020-09-03T13:00:00,N,N4,118.00000000000004
2020-09-03T14:00:00,N,N4,115.0
2020-09-03T15:00:00,N,N4,117.00000000000004
2020-09-03T16:00:00,N,N4,129.99999999999997
2020-09-03T17:00:00,N,N4,198.0
2020-09-03T18:00:00,N,N4,198.0
2020-09-03T19:00:00,N,N4,174.0
2020-09-03T20:00:00,N,N4,126.0
2020-09-03T21:00:00,N,N4,104.99999999999996
2020-09-03T22:00:00,N,N4,95.0
2020-09-03T23:00:00,N,N4,90.0
2020-09-04T00:00:00,N,N4,88.99999999999999
2020-09-04T01:00:00,N,N4,88.99999999999999
2020-09-04T02:00:00,N,N4,85.00000000000001
2020-09-04T03:00:00,N,N4,85.00000000000001
2020-09-04T04:00:00,N,N4,90.0
2020-09-04T05:00:00,N,N4,100.00000000000004
2020-09-04T06:00:00,N,N4,117.00000000000004
2020-09-04T07:00:00,N,N4,126.0
2020-09-04T08:00:00,N,N4,133.99999999999997
2020-09-04T09:00:00,N,N4,138.99999999999997
2020-09-04T10:00:00,N,N4,156.0
2020-09-04T11:00:00,N,N4,170.00000000000006
2020-09-04T12:00:00,N,N4,139.99999999999994
2020-09-04T13:00:00,N,N4,119.00000000000004
2020-09-04T14:00:00,N,N4,127.0
2020-09-04T15:00:00,N,N4,133.0
2020-09-04T16:00:00,N,N4,128.99999999999997
2020-09-04T17:00:00,N,N4,146.99999999999997
2020-09-04T18:00:00,N,N4,203.0
2020-09-04T19:00:00,N,N4,183.00000000000009
2020-09-04T20:00:00,N,N4,142.00000000000003
2020-09-04T21:00:00,N,N4,122.00000000000004
2020-09-04T22:00:00,N,N4,106.99999999999996
2020-09-04T23:00:00,N,N4,102.00000000000004
2020-09-05T00:00:00,N,N4,90.0
2020-09-05T01:00:00,N,N4,83.99999999999999
2020-09-05T02:00:00,N,N4,84.00000000000006
2020-09-05T03:00:00,N,N4,83.99999999999999
2020-09-05T04:00:00,N,N4,83.99999999999999
2020-09-05T05:00:00,N,N4,92.0
2020-09-05T06:00:00,N,N4,116.0
2020-09-05T07:00:00,N,N4,125.00000000000004
2020-09-05T08:00:00,N,N4,139.99999999999994
2020-09-05T09:00:00,N,N4,139.99999999999994
2020-09-05T10:00:00,N,N4,152.0
2020-09-05T11:00:00,N,N4,170.00000000000006
2020-09-05T12:00:00,N,N4,151.0
2020-09-05T13:00:00,N,N4,138.99999999999997
2020-09-05T14:00:00,N,N4,142.99999999999994
2020-09-05T15:00:00,N,N4,139.99999999999994
2020-09-05T16:00:00,N,N4,139.99999999999994
2020-09-05T17:00:00,N,N4,149.99999999999997
2020-09-05T18:00:00,N,N4,199.0
2020-09-05T19:00:00,N,N4,183.00000000000009
2020-09-05T20:00:00,N,N4,163.0
2020-09-05T21:00:00,N,N4,142.99999999999994
2020-09-05T22:00:00,N,N4,127.99999999999996
2020-09-05T23:00:00,N,N4,118.00000000000004
2020-09-06T00:00:00,N,N4,113.00000000000004
2020-09-06T01:00:00,N,N4,108.00000000000004
2020-09-06T02:00:00,N,N4,101.99999999999996
2020-09-06T03:00:00,N,N4,100.00000000000004
2020-09-06T04:00:00,N,N4,100.00000000000004
2020-09-06T05:00:00,N,N4,98.00000000000004
2020-09-06T06:00:00,N,N4,114.00000000000004
2020-09-06T07:00:00,N,N4,126.0
2020-09-06T08:00:00,N,N4,130.99999999999994
2020-09-06T09:00:00,N,N4,136.00000000000006
2020-09-06T10:00:00,N,N4,146.0
2020-09-06T11:00:00,N,N4,151.0
2020-09-06T12:00:00,N,N4,130.99999999999994
2020-09-06T13:00:00,N,N4,116.0
2020-09-06T14:00:00,N,N4,110.99999999999996
2020-09-06T15:00:00,N,N4,110.99999999999996
2020-09-06T16:00:00,N,N4,110.99999999999996
2020-09-06T17:00:00,N,N4,130.99999999999994
2020-09-06T18:00:00,N,N4,177.99999999999997
2020-09-06T19:00:00,N,N4,152.99999999999997
2020-09-06T20:00:00,N,N4,127.99999999999996
2020-09-06T21:00:00,N,N4,111.99999999999996
2020-09-06T22:00:00,N,N4,102.00000000000004
2020-09-06T23:00:00,N,N4,97.0
2020-09-07T00:00:00,N,N4,92.0
2020-09-07T01:00:00,N,N4,92.0
2020-09-07T02:00:00,N,N4,87.0
2020-09-07T03:00:00,N,N4,87.0
2020-09-07T04:00:00,N,N4,87.0
2020-09-07T05:00:00,N,N4,92.0
2020-09-07T06:00:00,N,N4,100.00000000000004
2020-09-07T07:00:00,N,N4,108.99999999999996
2020-09-07T08:00:00,N,N4,121.00000000000004
2020-09-07T09:00:00,N,N4,133.99999999999997
2020-09-07T10:00:00,N,N4,144.99999999999997
2020-09-07T11:00:00,N,N4,155.00000000000003
2020-09-07T12:00:00,N,N4,133.99999999999997
2020-09-07T13:00:00,N,N4,118.00000000000004
2020-09-07T14:00:00,N,N4,122.99999999999994
2020-09-07T15:00:00,N,N4,122.99999999999994
2020-09-07T16:00:00,N,N4,133.99999999999997
2020-09-07T17:00:00,N,N4,152.0
2020-09-07T18:00:00,N,N4,184.00000000000009
2020-09-07T19:00:00,N,N4,141.00000000000003
2020-09-07T20:00:00,N,N4,117.00000000000004
2020-09-07T21:00:00,N,N4,171.99999999999994
2020-09-07T22:00:00,N,N4,92.0
2020-09-07T23:00:00,N,N4,92.0
2020-09-08T00:00:00,N,N4,79.99999999999997
2020-09-08T01:00:00,N,N4,79.99999999999997
2020-09-08T02:00:00,N,N4,79.99999999999997
2020-09-08T03:00:00,N,N4,79.99999999999997
2020-09-08T04:00:00,N,N4,79.99999999999997
2020-09-08T05:00:00,N,N4,92.0
2020-09-08T06:00:00,N,N4,110.99999999999996
2020-09-08T07:00:00,N,N4,121.00000000000004
2020-09-08T08:00:00,N,N4,127.99999999999996
2020-09-08T09:00:00,N,N4,137.00000000000003
2020-09-08T10:00:00,N,N4,142.00000000000003
2020-09-08T11:00:00,N,N4,149.99999999999997
2020-09-08T12:00:00,N,N4,133.0
2020-09-08T13:00:00,N,N4,108.99999999999996
2020-09-08T14:00:00,N,N4,113.00000000000004
2020-09-08T15:00:00,N,N4,119.00000000000004
2020-09-08T16:00:00,N,N4,121.00000000000004
2020-09-08T17:00:00,N,N4,144.99999999999997
2020-09-08T18:00:00,N,N4,188.0
2020-09-08T19:00:00,N,N4,164.99999999999994
2020-09-08T20:00:00,N,N4,137.00000000000003
2020-09-08T21:00:00,N,N4,122.00000000000004
2020-09-08T22:00:00,N,N4,101.00000000000004
2020-09-08T23:00:00,N,N4,96.0
2020-09-09T00:00:00,N,N4,85.99999999999997
2020-09-09T01:00:00,N,N4,96.0
2020-09-09T02:00:00,N,N4,93.00000000000004
2020-09-09T03:00:00,N,N4,90.99999999999996
2020-09-09T04:00:00,N,N4,90.99999999999996
2020-09-09T05:00:00,N,N4,90.99999999999996
2020-09-09T06:00:00,N,N4,127.0
2020-09-09T07:00:00,N,N4,131.99999999999997
2020-09-09T08:00:00,N,N4,138.99999999999997
2020-09-09T09:00:00,N,N4,142.99999999999994
2020-09-09T10:00:00,N,N4,149.99999999999997
2020-09-09T11:00:00,N,N4,163.0
2020-09-09T12:00:00,N,N4,142.00000000000003
2020-09-09T13:00:00,N,N4,125.00000000000004
2020-09-09T14:00:00,N,N4,129.99999999999997
2020-09-09T15:00:00,N,N4,131.99999999999997
2020-09-09T16:00:00,N,N4,137.00000000000003
2020-09-09T17:00:00,N,N4,152.0
2020-09-09T18:00:00,N,N4,197.0
2020-09-09T19:00:00,N,N4,184.99999999999991
2020-09-09T20:00:00,N,N4,161.99999999999994
2020-09-09T21:00:00,N,N4,144.0
2020-09-09T22:00:00,N,N4,124.00000000000004
2020-09-09T23:00:00,N,N4,119.00000000000004
2020-09-10T00:00:00,N,N4,104.0
2020-09-10T01:00:00,N,N4,104.0
2020-09-10T02:00:00,N,N4,94.0
2020-09-10T03:00:00,N,N4,94.0
2020-09-10T04:00:00,N,N4,94.0
2020-09-10T05:00:00,N,N4,108.99999999999996
2020-09-10T06:00:00,N,N4,126.2057803652539
2020-09-10T07:00:00,N,N4,133.99999999999997
2020-09-10T08:00:00,N,N4,138.00000000000006
2020-09-10T09:00:00,N,N4,146.0
2020-09-10T10:00:00,N,N4,158.00000000000003
2020-09-10T11:00:00,N,N4,169.0
2020-09-10T12:00:00,N,N4,149.99999999999997
2020-09-10T13:00:00,N,N4,138.99999999999997
2020-09-10T14:00:00,N,N4,154.00000000000006
2020-09-10T15:00:00,N,N4,149.0
2020-09-10T16:00:00,N,N4,159.0
2020-09-10T17:00:00,N,N4,156.99999999999994
2020-09-10T18:00:00,N,N4,203.0
2020-09-10T19:00:00,N,N4,204.0
2020-09-10T20:00:00,N,N4,164.99999999999994
2020-09-10T21:00:00,N,N4,152.0
2020-09-10T22:00:00,N,N4,131.99999999999997
2020-09-10T23:00:00,N,N4,117.00000000000004
2020-09-11T00:00:00,N,N4,117.00000000000004
2020-09-11T01:00:00,N,N4,117.00000000000004
2020-09-11T02:00:00,N,N4,117.00000000000004
2020-09-11T03:00:00,N,N4,117.00000000000004
2020-09-11T04:00:00,N,N4,117.00000000000004
2020-09-11T05:00:00,N,N4,117.00000000000004
2020-09-11T06:00:00,N,N4,119.99999999999996
2020-09-11T07:00:00,N,N4,139.99999999999994
2020-09-11T08:00:00,N,N4,158.00000000000003
2020-09-11T09:00:00,N,N4,171.99999999999994
2020-09-11T10:00:00,N,N4,182.0
2020-09-11T11:00:00,N,N4,195.0
2020-09-11T12:00:00,N,N4,173.00000000000006
2020-09-11T13:00:00,N,N4,164.99999999999994
2020-09-11T14:00:00,N,N4,174.0
2020-09-11T15:00:00,N,N4,170.00000000000006
2020-09-11T16:00:00,N,N4,169.0
2020-09-11T17:00:00,N,N4,169.0
2020-09-11T18:00:00,N,N4,210.0
2020-09-11T19:00:00,N,N4,205.00000000000009
2020-09-11T20:00:00,N,N4,190.0
2020-09-11T21:00:00,N,N4,166.00000000000006
2020-09-11T22:00:00,N,N4,149.0
2020-09-11T23:00:00,N,N4,137.00000000000003
2020-09-12T00:00:00,N,N4,133.0
2020-09-12T01:00:00,N,N4,127.99999999999996
2020-09-12T02:00:00,N,N4,125.00000000000004
2020-09-12T03:00:00,N,N4,122.00000000000004
2020-09-12T04:00:00,N,N4,119.99999999999996
2020-09-12T05:00:00,N,N4,119.99999999999996
2020-09-12T06:00:00,N,N4,146.99999999999997
2020-09-12T07:00:00,N,N4,154.00000000000006
2020-09-12T08:00:00,N,N4,164.00000000000006
2020-09-12T09:00:00,N,N4,170.00000000000006
2020-09-12T10:00:00,N,N4,173.00000000000006
2020-09-12T11:00:00,N,N4,184.99999999999991
2020-09-12T12:00:00,N,N4,170.00000000000006
2020-09-12T13:00:00,N,N4,155.00000000000003
2020-09-12T14:00:00,N,N4,159.99999999999994
2020-09-12T15:00:00,N,N4,158.00000000000003
2020-09-12T16:00:00,N,N4,152.0
2020-09-12T17:00:00,N,N4,158.00000000000003
2020-09-12T18:00:00,N,N4,203.0
2020-09-12T19:00:00,N,N4,184.00000000000009
2020-09-12T20:00:00,N,N4,161.99999999999994
2020-09-12T21:00:00,N,N4,144.0
2020-09-12T22:00:00,N,N4,137.00000000000003
2020-09-12T23:00:00,N,N4,124.00000000000004
2020-09-13T00:00:00,N,N4,118.00000000000004
2020-09-13T01:00:00,N,N4,118.00000000000004
2020-09-13T02:00:00,N,N4,105.99999999999996
2020-09-13T03:00:00,N,N4,105.99999999999996
2020-09-13T04:00:00,N,N4,105.99999999999996
2020-09-13T05:00:00,N,N4,113.00000000000004
2020-09-13T06:00:00,N,N4,125.00000000000004
2020-09-13T07:00:00,N,N4,142.00000000000003
2020-09-13T08:00:00,N,N4,142.00000000000003
2020-09-13T09:00:00,N,N4,146.99999999999997
2020-09-13T10:00:00,N,N4,156.99999999999994
2020-09-13T11:00:00,N,N4,167.00000000000006
2020-09-13T12:00:00,N,N4,142.00000000000003
2020-09-13T13:00:00,N,N4,146.99999999999997
2020-09-13T14:00:00,N,N4,144.99999999999997
2020-09-13T15:00:00,N,N4,139.99999999999994
2020-09-13T16:00:00,N,N4,137.00000000000003
2020-09-13T17:00:00,N,N4,144.99999999999997
2020-09-13T18:00:00,N,N4,195.0
2020-09-13T19:00:00,N,N4,187.00000000000003
2020-09-13T20:00:00,N,N4,167.00000000000006
2020-09-13T21:00:00,N,N4,152.0
2020-09-13T22:00:00,N,N4,131.99999999999997
2020-09-13T23:00:00,N,N4,129.99999999999997
2020-09-14T00:00:00,N,N4,125.00000000000004
2020-09-14T01:00:00,N,N4,112.00000000000006
2020-09-14T02:00:00,N,N4,111.99999999999996
2020-09-14T03:00:00,N,N4,111.99999999999996
2020-09-14T04:00:00,N,N4,111.99999999999996
2020-09-14T05:00:00,N,N4,115.0
2020-09-14T06:00:00,N,N4,129.99999999999997
2020-09-14T07:00:00,N,N4,137.00000000000003
2020-09-14T08:00:00,N,N4,149.99999999999997
2020-09-14T09:00:00,N,N4,151.0
2020-09-14T10:00:00,N,N4,155.00000000000003
2020-09-14T11:00:00,N,N4,156.99999999999994
2020-09-14T12:00:00,N,N4,133.0
2020-09-14T13:00:00,N,N4,121.00000000000004
2020-09-14T14:00:00,N,N4,121.00000000000004
2020-09-14T15:00:00,N,N4,126.0
2020-09-14T16:00:00,N,N4,129.99999999999997
2020-09-14T17:00:00,N,N4,154.00000000000006
2020-09-14T18:00:00,N,N4,188.0
2020-09-14T19:00:00,N,N4,159.0
2020-09-14T20:00:00,N,N4,122.00000000000004
2020-09-14T21:00:00,N,N4,108.00000000000004
2020-09-14T22:00:00,N,N4,98.00000000000004
2020-09-14T23:00:00,N,N4,90.99999999999996
2020-09-15T00:00:00,N,N4,88.00000000000003
2020-09-15T01:00:00,N,N4,85.00000000000001
2020-09-15T02:00:00,N,N4,85.00000000000001
2020-09-15T03:00:00,N,N4,85.00000000000001
2020-09-15T04:00:00,N,N4,87.0
2020-09-15T05:00:00,N,N4,90.99999999999996
2020-09-15T06:00:00,N,N4,119.99999999999996
2020-09-15T07:00:00,N,N4,127.0
2020-09-15T08:00:00,N,N4,135.00000000000003
2020-09-15T09:00:00,N,N4,142.99999999999994
2020-09-15T10:00:00,N,N4,144.0
2020-09-15T11:00:00,N,N4,149.99999999999997
2020-09-15T12:00:00,N,N4,126.0
2020-09-15T13:00:00,N,N4,113.00000000000004
2020-09-15T14:00:00,N,N4,121.00000000000004
2020-09-15T15:00:00,N,N4,121.00000000000004
2020-09-15T16:00:00,N,N4,133.0
2020-09-15T17:00:00,N,N4,154.00000000000006
2020-09-15T18:00:00,N,N4,198.0
2020-09-15T19:00:00,N,N4,164.99999999999994
2020-09-15T20:00:00,N,N4,135.00000000000003
2020-09-15T21:00:00,N,N4,119.00000000000004
2020-09-15T22:00:00,N,N4,104.99999999999996
2020-09-15T23:00:00,N,N4,96.0
2020-09-16T00:00:00,N,N4,92.0
2020-09-16T01:00:00,N,N4,90.0
2020-09-16T02:00:00,N,N4,90.0
2020-09-16T03:00:00,N,N4,90.0
2020-09-16T04:00:00,N,N4,88.00000000000003
2020-09-16T05:00:00,N,N4,99.0
2020-09-16T06:00:00,N,N4,115.0
2020-09-16T07:00:00,N,N4,128.99999999999997
2020-09-16T08:00:00,N,N4,142.00000000000003
2020-09-16T09:00:00,N,N4,144.99999999999997
2020-09-16T10:00:00,N,N4,154.00000000000006
2020-09-16T11:00:00,N,N4,176.99999999999994
2020-09-16T12:00:00,N,N4,142.99999999999994
2020-09-16T13:00:00,N,N4,127.99999999999996
2020-09-16T14:00:00,N,N4,127.0
2020-09-16T15:00:00,N,N4,128.99999999999997
2020-09-16T16:00:00,N,N4,133.99999999999997
2020-09-16T17:00:00,N,N4,149.99999999999997
2020-09-16T18:00:00,N,N4,194.00000000000003
2020-09-16T19:00:00,N,N4,159.99999999999994
2020-09-16T20:00:00,N,N4,126.0
2020-09-16T21:00:00,N,N4,110.00000000000004
2020-09-16T22:00:00,N,N4,96.0
2020-09-16T23:00:00,N,N4,90.99999999999996
2020-09-17T00:00:00,N,N4,90.99999999999996
2020-09-17T01:00:00,N,N4,85.99999999999997
2020-09-17T02:00:00,N,N4,85.99999999999997
2020-09-17T03:00:00,N,N4,85.99999999999997
2020-09-17T04:00:00,N,N4,85.99999999999997
2020-09-17T05:00:00,N,N4,90.99999999999996
2020-09-17T06:00:00,N,N4,121.00000000000004
2020-09-17T07:00:00,N,N4,128.99999999999997
2020-09-17T08:00:00,N,N4,133.0
2020-09-17T09:00:00,N,N4,142.99999999999994
2020-09-17T10:00:00,N,N4,155.00000000000003
2020-09-17T11:00:00,N,N4,170.00000000000006
2020-09-17T12:00:00,N,N4,144.0
2020-09-17T13:00:00,N,N4,128.99999999999997
2020-09-17T14:00:00,N,N4,131.99999999999997
2020-09-17T15:00:00,N,N4,133.0
2020-09-17T16:00:00,N,N4,136.00000000000006
2020-09-17T17:00:00,N,N4,146.99999999999997
2020-09-17T18:00:00,N,N4,204.0
2020-09-17T19:00:00,N,N4,184.00000000000009
2020-09-17T20:00:00,N,N4,144.99999999999997
2020-09-17T21:00:00,N,N4,119.99999999999996
2020-09-17T22:00:00,N,N4,111.99999999999996
2020-09-17T23:00:00,N,N4,104.99999999999996
2020-09-18T00:00:00,N,N4,100.00000000000004
2020-09-18T01:00:00,N,N4,92.0
2020-09-18T02:00:00,N,N4,87.0
2020-09-18T03:00:00,N,N4,87.0
2020-09-18T04:00:00,N,N4,87.0
2020-09-18T05:00:00,N,N4,92.0
2020-09-18T06:00:00,N,N4,130.99999999999994
2020-09-18T07:00:00,N,N4,136.00000000000006
2020-09-18T08:00:00,N,N4,156.0
2020-09-18T09:00:00,N,N4,146.0
2020-09-18T10:00:00,N,N4,167.00000000000006
2020-09-18T11:00:00,N,N4,170.00000000000006
2020-09-18T12:00:00,N,N4,152.99999999999997
2020-09-18T13:00:00,N,N4,130.99999999999994
2020-09-18T14:00:00,N,N4,144.99999999999997
2020-09-18T15:00:00,N,N4,149.99999999999997
2020-09-18T16:00:00,N,N4,154.00000000000006
2020-09-18T17:00:00,N,N4,164.00000000000006
2020-09-18T18:00:00,N,N4,190.0
2020-09-18T19:00:00,N,N4,180.0
2020-09-18T20:00:00,N,N4,144.0
2020-09-18T21:00:00,N,N4,124.00000000000004
2020-09-18T22:00:00,N,N4,108.99999999999996
2020-09-18T23:00:00,N,N4,104.0
2020-09-19T00:00:00,N,N4,94.0
2020-09-19T01:00:00,N,N4,94.0
2020-09-19T02:00:00,N,N4,88.9999999999999
2020-09-19T03:00:00,N,N4,88.99999999999999
2020-09-19T04:00:00,N,N4,88.9999999999999
2020-09-19T05:00:00,N,N4,93.00000000000004
2020-09-19T06:00:00,N,N4,117.00000000000004
2020-09-19T07:00:00,N,N4,142.00000000000003
2020-09-19T08:00:00,N,N4,149.99999999999997
2020-09-19T09:00:00,N,N4,149.99999999999997
2020-09-19T10:00:00,N,N4,161.99999999999994
2020-09-19T11:00:00,N,N4,175.00000000000009
2020-09-19T12:00:00,N,N4,155.00000000000003
2020-09-19T13:00:00,N,N4,137.00000000000003
2020-09-19T14:00:00,N,N4,147.99999999999994
2020-09-19T15:00:00,N,N4,135.00000000000003
2020-09-19T16:00:00,N,N4,138.99999999999997
2020-09-19T17:00:00,N,N4,147.99999999999994
2020-09-19T18:00:00,N,N4,192.0
2020-09-19T19:00:00,N,N4,180.0
2020-09-19T20:00:00,N,N4,144.0
2020-09-19T21:00:00,N,N4,119.99999999999996
2020-09-19T22:00:00,N,N4,110.00000000000004
2020-09-19T23:00:00,N,N4,100.00000000000004
2020-09-20T00:00:00,N,N4,100.00000000000004
2020-09-20T01:00:00,N,N4,95.0
2020-09-20T02:00:00,N,N4,93.00000000000004
2020-09-20T03:00:00,N,N4,93.00000000000004
2020-09-20T04:00:00,N,N4,93.00000000000004
2020-09-20T05:00:00,N,N4,93.00000000000004
2020-09-20T06:00:00,N,N4,113.00000000000004
2020-09-20T07:00:00,N,N4,114.00000000000004
2020-09-20T08:00:00,N,N4,124.00000000000004
2020-09-20T09:00:00,N,N4,130.99999999999994
2020-09-20T10:00:00,N,N4,142.00000000000003
2020-09-20T11:00:00,N,N4,138.99999999999997
2020-09-20T12:00:00,N,N4,122.812384059234
2020-09-20T13:00:00,N,N4,112.4118498635887
2020-09-20T14:00:00,N,N4,113.8380680277594
2020-09-20T15:00:00,N,N4,110.50820493846388
2020-09-20T16:00:00,N,N4,110.00000000000004
2020-09-20T17:00:00,N,N4,129.99999999999997
2020-09-20T18:00:00,N,N4,161.99999999999994
2020-09-20T19:00:00,N,N4,142.00000000000003
2020-09-20T20:00:00,N,N4,117.00000000000004
2020-09-20T21:00:00,N,N4,104.0389831209466
2020-09-20T22:00:00,N,N4,94.5738962833247
2020-09-20T23:00:00,N,N4,87.0
2020-09-21T00:00:00,N,N4,87.0
2020-09-21T01:00:00,N,N4,79.99999999999997
2020-09-21T02:00:00,N,N4,79.99999999999997
2020-09-21T03:00:00,N,N4,79.99999999999997
2020-09-21T04:00:00,N,N4,79.99999999999997
2020-09-21T05:00:00,N,N4,92.0
2020-09-21T06:00:00,N,N4,114.00000000000004
2020-09-21T07:00:00,N,N4,129.99999999999997
2020-09-21T08:00:00,N,N4,146.99999999999997
2020-09-21T09:00:00,N,N4,147.99999999999994
2020-09-21T10:00:00,N,N4,154.00000000000006
2020-09-21T11:00:00,N,N4,159.99999999999994
2020-09-21T12:00:00,N,N4,131.99999999999997
2020-09-21T13:00:00,N,N4,127.0
2020-09-21T14:00:00,N,N4,127.0
2020-09-21T15:00:00,N,N4,124.00000000000004
2020-09-21T16:00:00,N,N4,127.0
2020-09-21T17:00:00,N,N4,175.00000000000009
2020-09-21T18:00:00,N,N4,199.99999999999991
2020-09-21T19:00:00,N,N4,183.00000000000009
2020-09-21T20:00:00,N,N4,142.99999999999994
2020-09-21T21:00:00,N,N4,113.00000000000004
2020-09-21T22:00:00,N,N4,103.0000000000001
2020-09-21T23:00:00,N,N4,93.00000000000004
2020-09-22T00:00:00,N,N4,88.00000000000003
2020-09-22T01:00:00,N,N4,93.00000000000004
2020-09-22T02:00:00,N,N4,88.00000000000003
2020-09-22T03:00:00,N,N4,88.00000000000003
2020-09-22T04:00:00,N,N4,93.00000000000004
2020-09-22T05:00:00,N,N4,97.0
2020-09-22T06:00:00,N,N4,129.99999999999997
2020-09-22T07:00:00,N,N4,129.99999999999997
2020-09-22T08:00:00,N,N4,142.99999999999994
2020-09-22T09:00:00,N,N4,137.00000000000003
2020-09-22T10:00:00,N,N4,147.99999999999994
2020-09-22T11:00:00,N,N4,147.99999999999994
2020-09-22T12:00:00,N,N4,128.99999999999997
2020-09-22T13:00:00,N,N4,118.00000000000004
2020-09-22T14:00:00,N,N4,122.99999999999994
2020-09-22T15:00:00,N,N4,133.0
2020-09-22T16:00:00,N,N4,141.00000000000003
2020-09-22T17:00:00,N,N4,152.0
2020-09-22T18:00:00,N,N4,187.00000000000003
2020-09-22T19:00:00,N,N4,189.00000000000003
2020-09-22T20:00:00,N,N4,146.0
2020-09-22T21:00:00,N,N4,126.0
2020-09-22T22:00:00,N,N4,111.99999999999996
2020-09-22T23:00:00,N,N4,101.99999999999996
2020-09-23T00:00:00,N,N4,101.00000000000004
2020-09-23T01:00:00,N,N4,96.0
2020-09-23T02:00:00,N,N4,96.0
2020-09-23T03:00:00,N,N4,96.0
2020-09-23T04:00:00,N,N4,98.00000000000004
2020-09-23T05:00:00,N,N4,101.00000000000004
2020-09-23T06:00:00,N,N4,125.00000000000004
2020-09-23T07:00:00,N,N4,130.99999999999994
2020-09-23T08:00:00,N,N4,147.99999999999994
2020-09-23T09:00:00,N,N4,147.99999999999994
2020-09-23T10:00:00,N,N4,158.00000000000003
2020-09-23T11:00:00,N,N4,170.00000000000006
2020-09-23T12:00:00,N,N4,144.99999999999997
2020-09-23T13:00:00,N,N4,130.99999999999994
2020-09-23T14:00:00,N,N4,146.0
2020-09-23T15:00:00,N,N4,144.0
2020-09-23T16:00:00,N,N4,146.99999999999997
2020-09-23T17:00:00,N,N4,149.99999999999997
2020-09-23T18:00:00,N,N4,191.0
2020-09-23T19:00:00,N,N4,198.0
2020-09-23T20:00:00,N,N4,152.0
2020-09-23T21:00:00,N,N4,131.99999999999997
2020-09-23T22:00:00,N,N4,119.99999999999996
2020-09-23T23:00:00,N,N4,111.99999999999996
2020-09-24T00:00:00,N,N4,104.99999999999996
2020-09-24T01:00:00,N,N4,100.00000000000004
2020-09-24T02:00:00,N,N4,100.00000000000004
2020-09-24T03:00:00,N,N4,100.00000000000004
2020-09-24T04:00:00,N,N4,100.00000000000004
2020-09-24T05:00:00,N,N4,117.00000000000004
2020-09-24T06:00:00,N,N4,128.99999999999997
2020-09-24T07:00:00,N,N4,133.0
2020-09-24T08:00:00,N,N4,147.99999999999994
2020-09-24T09:00:00,N,N4,159.0
2020-09-24T10:00:00,N,N4,159.0
2020-09-24T11:00:00,N,N4,152.0
2020-09-24T12:00:00,N,N4,147.99999999999994
2020-09-24T13:00:00,N,N4,144.0
2020-09-24T14:00:00,N,N4,155.00000000000003
2020-09-24T15:00:00,N,N4,154.00000000000006
2020-09-24T16:00:00,N,N4,149.0
2020-09-24T17:00:00,N,N4,195.99999999999991
2020-09-24T18:00:00,N,N4,198.0
2020-09-24T19:00:00,N,N4,198.0
2020-09-24T20:00:00,N,N4,164.99999999999994
2020-09-24T21:00:00,N,N4,138.99999999999997
2020-09-24T22:00:00,N,N4,128.99999999999997
2020-09-24T23:00:00,N,N4,119.00000000000004
2020-09-25T00:00:00,N,N4,114.00000000000004
2020-09-25T01:00:00,N,N4,114.00000000000004
2020-09-25T02:00:00,N,N4,104.0
2020-09-25T03:00:00,N,N4,104.0
2020-09-25T04:00:00,N,N4,104.99999999999996
2020-09-25T05:00:00,N,N4,119.99999999999996
2020-09-25T06:00:00,N,N4,131.99999999999997
2020-09-25T07:00:00,N,N4,136.00000000000006
2020-09-25T08:00:00,N,N4,146.99999999999997
2020-09-25T09:00:00,N,N4,155.00000000000003
2020-09-25T10:00:00,N,N4,177.99999999999997
2020-09-25T11:00:00,N,N4,177.99999999999997
2020-09-25T12:00:00,N,N4,175.99999999999991
2020-09-25T13:00:00,N,N4,159.99999999999994
2020-09-25T14:00:00,N,N4,171.99999999999994
2020-09-25T15:00:00,N,N4,171.00000000000009
2020-09-25T16:00:00,N,N4,159.99999999999994
2020-09-25T17:00:00,N,N4,167.00000000000006
2020-09-25T18:00:00,N,N4,204.0
2020-09-25T19:00:00,N,N4,214.0
2020-09-25T20:00:00,N,N4,189.00000000000003
2020-09-25T21:00:00,N,N4,164.00000000000006
2020-09-25T22:00:00,N,N4,149.0
2020-09-25T23:00:00,N,N4,133.0
2020-09-26T00:00:00,N,N4,127.99999999999996
2020-09-26T01:00:00,N,N4,122.99999999999994
2020-09-26T02:00:00,N,N4,117.00000000000004
2020-09-26T03:00:00,N,N4,113.00000000000004
2020-09-26T04:00:00,N,N4,113.00000000000004
2020-09-26T05:00:00,N,N4,118.00000000000004
2020-09-26T06:00:00,N,N4,133.99999999999986
2020-09-26T07:00:00,N,N4,130.99999999999994
2020-09-26T08:00:00,N,N4,142.00000000000003
2020-09-26T09:00:00,N,N4,142.99999999999994
2020-09-26T10:00:00,N,N4,159.99999999999994
2020-09-26T11:00:00,N,N4,171.00000000000009
2020-09-26T12:00:00,N,N4,161.99999999999994
2020-09-26T13:00:00,N,N4,158.00000000000003
2020-09-26T14:00:00,N,N4,156.99999999999994
2020-09-26T15:00:00,N,N4,152.99999999999997
2020-09-26T16:00:00,N,N4,144.99999999999997
2020-09-26T17:00:00,N,N4,152.0
2020-09-26T18:00:00,N,N4,214.99999999999991
2020-09-26T19:00:00,N,N4,207.0
2020-09-26T20:00:00,N,N4,182.0
2020-09-26T21:00:00,N,N4,164.99999999999994
2020-09-26T22:00:00,N,N4,156.99999999999994
2020-09-26T23:00:00,N,N4,144.99999999999997
2020-09-27T00:00:00,N,N4,144.99999999999997
2020-09-27T01:00:00,N,N4,139.99999999999994
2020-09-27T02:00:00,N,N4,127.0
2020-09-27T03:00:00,N,N4,127.0
2020-09-27T04:00:00,N,N4,127.0
2020-09-27T05:00:00,N,N4,127.0
2020-09-27T06:00:00,N,N4,130.99999999999994
2020-09-27T07:00:00,N,N4,141.00000000000003
2020-09-27T08:00:00,N,N4,141.00000000000003
2020-09-27T09:00:00,N,N4,149.0
2020-09-27T10:00:00,N,N4,164.00000000000006
2020-09-27T11:00:00,N,N4,179.0
2020-09-27T12:00:00,N,N4,167.99999999999997
2020-09-27T13:00:00,N,N4,96.8556227148717
2020-09-27T14:00:00,N,N4,147.99999999999994
2020-09-27T15:00:00,N,N4,141.00000000000003
2020-09-27T16:00:00,N,N4,141.00000000000003
2020-09-27T17:00:00,N,N4,146.0
2020-09-27T18:00:00,N,N4,191.0
2020-09-27T19:00:00,N,N4,177.99999999999997
2020-09-27T20:00:00,N,N4,146.99999999999997
2020-09-27T21:00:00,N,N4,125.00000000000004
2020-09-27T22:00:00,N,N4,110.99999999999996
2020-09-27T23:00:00,N,N4,110.99999999999996
2020-09-28T00:00:00,N,N4,105.99999999999996
2020-09-28T01:00:00,N,N4,101.00000000000004
2020-09-28T02:00:00,N,N4,96.0
2020-09-28T03:00:00,N,N4,96.0
2020-09-28T04:00:00,N,N4,96.0
2020-09-28T05:00:00,N,N4,116.0
2020-09-28T06:00:00,N,N4,117.00000000000004
2020-09-28T07:00:00,N,N4,122.00000000000004
2020-09-28T08:00:00,N,N4,133.99999999999997
2020-09-28T09:00:00,N,N4,137.00000000000003
2020-09-28T10:00:00,N,N4,149.99999999999997
2020-09-28T11:00:00,N,N4,159.0
2020-09-28T12:00:00,N,N4,144.99999999999997
2020-09-28T13:00:00,N,N4,122.99999999999994
2020-09-28T14:00:00,N,N4,127.0
2020-09-28T15:00:00,N,N4,128.99999999999997
2020-09-28T16:00:00,N,N4,126.0
2020-09-28T17:00:00,N,N4,137.00000000000003
2020-09-28T18:00:00,N,N4,170.00000000000006
2020-09-28T19:00:00,N,N4,190.0
2020-09-28T20:00:00,N,N4,156.99999999999994
2020-09-28T21:00:00,N,N4,127.0
2020-09-28T22:00:00,N,N4,117.00000000000004
2020-09-28T23:00:00,N,N4,101.99999999999996
2020-09-29T00:00:00,N,N4,101.99999999999996
2020-09-29T01:00:00,N,N4,97.0
2020-09-29T02:00:00,N,N4,96.99999999999991
2020-09-29T03:00:00,N,N4,97.0
2020-09-29T04:00:00,N,N4,97.0
2020-09-29T05:00:00,N,N4,97.0
2020-09-29T06:00:00,N,N4,122.00000000000004
2020-09-29T07:00:00,N,N4,127.0
2020-09-29T08:00:00,N,N4,129.99999999999997
2020-09-29T09:00:00,N,N4,138.99999999999997
2020-09-29T10:00:00,N,N4,155.00000000000003
2020-09-29T11:00:00,N,N4,163.0
2020-09-29T12:00:00,N,N4,147.99999999999994
2020-09-29T13:00:00,N,N4,142.99999999999994
2020-09-29T14:00:00,N,N4,146.99999999999997
2020-09-29T15:00:00,N,N4,142.00000000000003
2020-09-29T16:00:00,N,N4,137.00000000000003
2020-09-29T17:00:00,N,N4,149.99999999999997
2020-09-29T18:00:00,N,N4,202.00000000000009
2020-09-29T19:00:00,N,N4,195.0
2020-09-29T20:00:00,N,N4,182.0
2020-09-29T21:00:00,N,N4,164.99999999999994
2020-09-29T22:00:00,N,N4,152.0
2020-09-29T23:00:00,N,N4,139.99999999999994
2020-09-30T00:00:00,N,N4,139.99999999999994
2020-09-30T01:00:00,N,N4,127.0
2020-09-30T02:00:00,N,N4,127.0
2020-09-30T03:00:00,N,N4,127.0000000000001
2020-09-30T04:00:00,N,N4,127.0
2020-09-30T05:00:00,N,N4,131.99999999999997
2020-09-30T06:00:00,N,N4,149.0
2020-09-30T07:00:00,N,N4,146.99999999999997
2020-09-30T08:00:00,N,N4,164.99999999999994
2020-09-30T09:00:00,N,N4,171.00000000000009
2020-09-30T10:00:00,N,N4,191.0
2020-09-30T11:00:00,N,N4,195.0
2020-09-30T12:00:00,N,N4,186.00000000000009
2020-09-30T13:00:00,N,N4,173.00000000000006
2020-09-30T14:00:00,N,N4,183.00000000000009
2020-09-30T15:00:00,N,N4,173.00000000000006
2020-09-30T16:00:00,N,N4,170.0000000000002
2020-09-30T17:00:00,N,N4,174.0
2020-09-30T18:00:00,N,N4,198.89784725855657
2020-09-30T19:00:00,N,N4,211.267547498702
2020-09-30T20:00:00,N,N4,209.0
2020-09-30T21:00:00,N,N4,194.00000000000003
2020-09-30T22:00:00,N,N4,174.0
2020-09-30T23:00:00,N,N4,169.0
2020-10-01T00:00:00,N,N4,159.0
2020-10-01T01:00:00,N,N4,149.0
2020-10-01T02:00:00,N,N4,144.0
2020-10-01T03:00:00,N,N4,138.99999999999997
2020-10-01T04:00:00,N,N4,138.99999999999997
2020-10-01T05:00:00,N,N4,149.0
2020-10-01T06:00:00,N,N4,152.0
2020-10-01T07:00:00,N,N4,158.00000000000003
2020-10-01T08:00:00,N,N4,177.99999999999997
2020-10-01T09:00:00,N,N4,180.0
2020-10-01T10:00:00,N,N4,195.0
2020-10-01T11:00:00,N,N4,212.0
2020-10-01T12:00:00,N,N4,189.00000000000003
2020-10-01T13:00:00,N,N4,181.00000000000009
2020-10-01T14:00:00,N,N4,186.00000000000009
2020-10-01T15:00:00,N,N4,166.00000000000006
2020-10-01T16:00:00,N,N4,163.0
2020-10-01T17:00:00,N,N4,170.00000000000006
2020-10-01T18:00:00,N,N4,199.99999999999991
2020-10-01T19:00:00,N,N4,225.0
2020-10-01T20:00:00,N,N4,210.0
2020-10-01T21:00:00,N,N4,199.99999999999991
2020-10-01T22:00:00,N,N4,186.00000000000009
2020-10-01T23:00:00,N,N4,177.99999999999997
2020-10-02T00:00:00,N,N4,166.00000000000006
2020-10-02T01:00:00,N,N4,161.00000000000003
2020-10-02T02:00:00,N,N4,159.99999999999994
2020-10-02T03:00:00,N,N4,159.99999999999994
2020-10-02T04:00:00,N,N4,159.99999999999994
2020-10-02T05:00:00,N,N4,159.99999999999994
2020-10-02T06:00:00,N,N4,161.00000000000003
2020-10-02T07:00:00,N,N4,171.00000000000009
2020-10-02T08:00:00,N,N4,176.99999999999994
2020-10-02T09:00:00,N,N4,182.0
2020-10-02T10:00:00,N,N4,198.0
2020-10-02T11:00:00,N,N4,210.0
2020-10-02T12:00:00,N,N4,191.0
2020-10-02T13:00:00,N,N4,119.1
2020-10-02T14:00:00,N,N4,164.99999999999994
2020-10-02T15:00:00,N,N4,171.00000000000009
2020-10-02T16:00:00,N,N4,175.00000000000009
2020-10-02T17:00:00,N,N4,182.0
2020-10-02T18:00:00,N,N4,214.0
2020-10-02T19:00:00,N,N4,220.00000000000009
2020-10-02T20:00:00,N,N4,207.0
2020-10-02T21:00:00,N,N4,192.0
2020-10-02T22:00:00,N,N4,182.0
2020-10-02T23:00:00,N,N4,170.00000000000006
2020-10-03T00:00:00,N,N4,164.99999999999994
2020-10-03T01:00:00,N,N4,152.0
2020-10-03T02:00:00,N,N4,152.0
2020-10-03T03:00:00,N,N4,152.0
2020-10-03T04:00:00,N,N4,152.0
2020-10-03T05:00:00,N,N4,152.0
2020-10-03T06:00:00,N,N4,149.0
2020-10-03T07:00:00,N,N4,167.00000000000006
2020-10-03T08:00:00,N,N4,156.99999999999994
2020-10-03T09:00:00,N,N4,164.99999999999994
2020-10-03T10:00:00,N,N4,167.00000000000006
2020-10-03T11:00:00,N,N4,182.0000000000001
2020-10-03T12:00:00,N,N4,164.99999999999994
2020-10-03T13:00:00,N,N4,159.99999999999994
2020-10-03T14:00:00,N,N4,151.0
2020-10-03T15:00:00,N,N4,146.0
2020-10-03T16:00:00,N,N4,141.00000000000003
2020-10-03T17:00:00,N,N4,182.0
2020-10-03T18:00:00,N,N4,192.0
2020-10-03T19:00:00,N,N4,173.00000000000006
2020-10-03T20:00:00,N,N4,147.99999999999994
2020-10-03T21:00:00,N,N4,127.0
2020-10-03T22:00:00,N,N4,117.00000000000004
2020-10-03T23:00:00,N,N4,111.99999999999996
2020-10-04T00:00:00,N,N4,106.47638073023336
2020-10-04T01:00:00,N,N4,102.21983200274978
2020-10-04T02:00:00,N,N4,98.37132917387687
2020-10-04T03:00:00,N,N4,96.01988094420165
2020-10-04T04:00:00,N,N4,94.8539030679778
2020-10-04T05:00:00,N,N4,97.2491546506412
2020-10-04T06:00:00,N,N4,108.14794807142523
2020-10-04T07:00:00,N,N4,106.16312499563304
2020-10-04T08:00:00,N,N4,115.53364115103152
2020-10-04T09:00:00,N,N4,120.91453090335712
2020-10-04T10:00:00,N,N4,122.8625559823164
2020-10-04T11:00:00,N,N4,127.82682283105916
2020-10-04T12:00:00,N,N4,114.2812384059234
2020-10-04T13:00:00,N,N4,85.00000000000001
2020-10-04T14:00:00,N,N4,79.99999999999997
2020-10-04T15:00:00,N,N4,79.99999999999997
2020-10-04T16:00:00,N,N4,74.99999999999997
2020-10-04T17:00:00,N,N4,77.00000000000001
2020-10-04T18:00:00,N,N4,79.0
2020-10-04T19:00:00,N,N4,113.00000000000004
2020-10-04T20:00:00,N,N4,108.00000000000004
2020-10-04T21:00:00,N,N4,97.0
2020-10-04T22:00:00,N,N4,85.99999999999997
2020-10-04T23:00:00,N,N4,78.0
2020-10-05T00:00:00,N,N4,72.99999999999999
2020-10-05T01:00:00,N,N4,69.00000000000001
2020-10-05T02:00:00,N,N4,64.99999999999999
2020-10-05T03:00:00,N,N4,59.99999999999999
2020-10-05T04:00:00,N,N4,59.99999999999999
2020-10-05T05:00:00,N,N4,57.99999999999999
2020-10-05T06:00:00,N,N4,68.00000000000001
2020-10-05T07:00:00,N,N4,68.00000000000001
2020-10-05T08:00:00,N,N4,87.0
2020-10-05T09:00:00,N,N4,90.0
2020-10-05T10:00:00,N,N4,87.0
2020-10-05T11:00:00,N,N4,98.00000000000004
2020-10-05T12:00:00,N,N4,90.99999999999996
2020-10-05T13:00:00,N,N4,88.00000000000003
2020-10-05T14:00:00,N,N4,93.00000000000004
2020-10-05T15:00:00,N,N4,98.00000000000004
2020-10-05T16:00:00,N,N4,93.00000000000004
2020-10-05T17:00:00,N,N4,92.0
2020-10-05T18:00:00,N,N4,88.00000000000003
2020-10-05T19:00:00,N,N4,108.00000000000004
2020-10-05T20:00:00,N,N4,92.0
2020-10-05T21:00:00,N,N4,87.0
2020-10-05T22:00:00,N,N4,72.0
2020-10-05T23:00:00,N,N4,59.99999999999999
2020-10-06T00:00:00,N,N4,57.00000000000001
2020-10-06T01:00:00,N,N4,57.00000000000001
2020-10-06T02:00:00,N,N4,57.00000000000001
2020-10-06T03:00:00,N,N4,57.00000000000001
2020-10-06T04:00:00,N,N4,57.00000000000001
2020-10-06T05:00:00,N,N4,57.00000000000001
2020-10-06T06:00:00,N,N4,71.0
2020-10-06T07:00:00,N,N4,71.0
2020-10-06T08:00:00,N,N4,85.00000000000001
2020-10-06T09:00:00,N,N4,90.0
2020-10-06T10:00:00,N,N4,96.0
2020-10-06T11:00:00,N,N4,103.0
2020-10-06T12:00:00,N,N4,93.00000000000004
2020-10-06T13:00:00,N,N4,88.00000000000003
2020-10-06T14:00:00,N,N4,94.0
2020-10-06T15:00:00,N,N4,98.00000000000004
2020-10-06T16:00:00,N,N4,95.0
2020-10-06T17:00:00,N,N4,94.0
2020-10-06T18:00:00,N,N4,100.00000000000004
2020-10-06T19:00:00,N,N4,119.00000000000004
2020-10-06T20:00:00,N,N4,110.00000000000004
2020-10-06T21:00:00,N,N4,100.00000000000004
2020-10-06T22:00:00,N,N4,90.0
2020-10-06T23:00:00,N,N4,88.99999999999999
2020-10-07T00:00:00,N,N4,81.00000000000003
2020-10-07T01:00:00,N,N4,81.00000000000003
2020-10-07T02:00:00,N,N4,71.0
2020-10-07T03:00:00,N,N4,71.0
2020-10-07T04:00:00,N,N4,69.00000000000001
2020-10-07T05:00:00,N,N4,68.00000000000001
2020-10-07T06:00:00,N,N4,74.99999999999997
2020-10-07T07:00:00,N,N4,83.99999999999999
2020-10-07T08:00:00,N,N4,98.00000000000004
2020-10-07T09:00:00,N,N4,92.0
2020-10-07T10:00:00,N,N4,98.00000000000004
2020-10-07T11:00:00,N,N4,104.99999999999996
2020-10-07T12:00:00,N,N4,104.0
2020-10-07T13:00:00,N,N4,108.00000000000004
2020-10-07T14:00:00,N,N4,108.00000000000004
2020-10-07T15:00:00,N,N4,104.99999999999996
2020-10-07T16:00:00,N,N4,104.0
2020-10-07T17:00:00,N,N4,104.0
2020-10-07T18:00:00,N,N4,99.0
2020-10-07T19:00:00,N,N4,116.0
2020-10-07T20:00:00,N,N4,119.99999999999996
2020-10-07T21:00:00,N,N4,108.00000000000004
2020-10-07T22:00:00,N,N4,93.00000000000004
2020-10-07T23:00:00,N,N4,83.99999999999999
2020-10-08T00:00:00,N,N4,74.99999999999997
2020-10-08T01:00:00,N,N4,74.00000000000003
2020-10-08T02:00:00,N,N4,70.00000000000003
2020-10-08T03:00:00,N,N4,68.00000000000001
2020-10-08T04:00:00,N,N4,65.99999999999997
2020-10-08T05:00:00,N,N4,65.99999999999997
2020-10-08T06:00:00,N,N4,72.0
2020-10-08T07:00:00,N,N4,72.0
2020-10-08T08:00:00,N,N4,71.0
2020-10-08T09:00:00,N,N4,71.0
2020-10-08T10:00:00,N,N4,77.00000000000001
2020-10-08T11:00:00,N,N4,85.00000000000001
2020-10-08T12:00:00,N,N4,88.00000000000003
2020-10-08T13:00:00,N,N4,81.00000000000003
2020-10-08T14:00:00,N,N4,87.0
2020-10-08T15:00:00,N,N4,88.00000000000003
2020-10-08T16:00:00,N,N4,90.0
2020-10-08T17:00:00,N,N4,90.0
2020-10-08T18:00:00,N,N4,90.0
2020-10-08T19:00:00,N,N4,101.99999999999996
2020-10-08T20:00:00,N,N4,101.99999999999996
2020-10-08T21:00:00,N,N4,87.0
2020-10-08T22:00:00,N,N4,79.99999999999997
2020-10-08T23:00:00,N,N4,70.00000000000003
2020-10-09T00:00:00,N,N4,64.99999999999999
2020-10-09T01:00:00,N,N4,62.00000000000001
2020-10-09T02:00:00,N,N4,57.99999999999999
2020-10-09T03:00:00,N,N4,52.00000000000001
2020-10-09T04:00:00,N,N4,52.00000000000001
2020-10-09T05:00:00,N,N4,49.99999999999999
2020-10-09T06:00:00,N,N4,57.99999999999999
2020-10-09T07:00:00,N,N4,65.99999999999997
2020-10-09T08:00:00,N,N4,72.99999999999999
2020-10-09T09:00:00,N,N4,74.00000000000003
2020-10-09T10:00:00,N,N4,83.00000000000003
2020-10-09T11:00:00,N,N4,87.0
2020-10-09T12:00:00,N,N4,79.99999999999997
2020-10-09T13:00:00,N,N4,68.00000000000001
2020-10-09T14:00:00,N,N4,65.99999999999997
2020-10-09T15:00:00,N,N4,65.99999999999997
2020-10-09T16:00:00,N,N4,72.0
2020-10-09T17:00:00,N,N4,72.99999999999999
2020-10-09T18:00:00,N,N4,88.99999999999999
2020-10-09T19:00:00,N,N4,88.99999999999999
2020-10-09T20:00:00,N,N4,77.00000000000001
2020-10-09T21:00:00,N,N4,66.99999999999997
2020-10-09T22:00:00,N,N4,62.00000000000001
2020-10-09T23:00:00,N,N4,51.00000000000002
2020-10-10T00:00:00,N,N4,49.99999999999999
2020-10-10T01:00:00,N,N4,49.99999999999999
2020-10-10T02:00:00,N,N4,46.99999999999999
2020-10-10T03:00:00,N,N4,46.99999999999999
2020-10-10T04:00:00,N,N4,46.99999999999999
2020-10-10T05:00:00,N,N4,46.99999999999999
2020-10-10T06:00:00,N,N4,52.00000000000001
2020-10-10T07:00:00,N,N4,62.99999999999999
2020-10-10T08:00:00,N,N4,64.99999999999999
2020-10-10T09:00:00,N,N4,72.0
2020-10-10T10:00:00,N,N4,72.0
2020-10-10T11:00:00,N,N4,85.00000000000001
2020-10-10T12:00:00,N,N4,77.00000000000001
2020-10-10T13:00:00,N,N4,72.0
2020-10-10T14:00:00,N,N4,74.00000000000003
2020-10-10T15:00:00,N,N4,70.00000000000003
2020-10-10T16:00:00,N,N4,69.00000000000001
2020-10-10T17:00:00,N,N4,69.00000000000001
2020-10-10T18:00:00,N,N4,68.00000000000001
2020-10-10T19:00:00,N,N4,90.0
2020-10-10T20:00:00,N,N4,90.0
2020-10-10T21:00:00,N,N4,81.00000000000003
2020-10-10T22:00:00,N,N4,71.0
2020-10-10T23:00:00,N,N4,61.00000000000001
2020-10-11T00:00:00,N,N4,59.99999999999999
2020-10-11T01:00:00,N,N4,56.00000000000002
2020-10-11T02:00:00,N,N4,54.00000000000001
2020-10-11T03:00:00,N,N4,49.99999999999999
2020-10-11T04:00:00,N,N4,49.99999999999999
2020-10-11T05:00:00,N,N4,49.99999999999999
2020-10-11T06:00:00,N,N4,59.75482249139559
2020-10-11T07:00:00,N,N4,65.11688906124657
2020-10-11T08:00:00,N,N4,72.55541753225549
2020-10-11T09:00:00,N,N4,76.23077813021405
2020-10-11T10:00:00,N,N4,82.62555982316402
2020-10-11T11:00:00,N,N4,88.72654850848123
2020-10-11T12:00:00,N,N4,81.00000000000003
2020-10-11T13:00:00,N,N4,76.0
2020-10-11T14:00:00,N,N4,72.0
2020-10-11T15:00:00,N,N4,72.0
2020-10-11T16:00:00,N,N4,72.0
2020-10-11T17:00:00,N,N4,64.99999999999999
2020-10-11T18:00:00,N,N4,72.0
2020-10-11T19:00:00,N,N4,85.00000000000001
2020-10-11T20:00:00,N,N4,85.00000000000001
2020-10-11T21:00:00,N,N4,90.0
2020-10-11T22:00:00,N,N4,77.00000000000001
2020-10-11T23:00:00,N,N4,72.0
2020-10-12T00:00:00,N,N4,64.99999999999999
2020-10-12T01:00:00,N,N4,59.99999999999999
2020-10-12T02:00:00,N,N4,59.99999999999999
2020-10-12T03:00:00,N,N4,59.99999999999999
2020-10-12T04:00:00,N,N4,59.99999999999999
2020-10-12T05:00:00,N,N4,59.99999999999999
2020-10-12T06:00:00,N,N4,72.0
2020-10-12T07:00:00,N,N4,72.99999999999999
2020-10-12T08:00:00,N,N4,87.0
2020-10-12T09:00:00,N,N4,92.0
2020-10-12T10:00:00,N,N4,98.00000000000004
2020-10-12T11:00:00,N,N4,108.00000000000004
2020-10-12T12:00:00,N,N4,97.0
2020-10-12T13:00:00,N,N4,95.0
2020-10-12T14:00:00,N,N4,100.00000000000004
2020-10-12T15:00:00,N,N4,101.99999999999996
2020-10-12T16:00:00,N,N4,93.00000000000004
2020-10-12T17:00:00,N,N4,96.0
2020-10-12T18:00:00,N,N4,110.99999999999996
2020-10-12T19:00:00,N,N4,110.99999999999996
2020-10-12T20:00:00,N,N4,108.99999999999996
2020-10-12T21:00:00,N,N4,103.0
2020-10-12T22:00:00,N,N4,93.00000000000004
2020-10-12T23:00:00,N,N4,78.0
2020-10-13T00:00:00,N,N4,78.0
2020-10-13T01:00:00,N,N4,74.00000000000003
2020-10-13T02:00:00,N,N4,74.00000000000003
2020-10-13T03:00:00,N,N4,74.00000000000003
2020-10-13T04:00:00,N,N4,69.00000000000001
2020-10-13T05:00:00,N,N4,69.00000000000001
2020-10-13T06:00:00,N,N4,74.99999999999997
2020-10-13T07:00:00,N,N4,79.99999999999997
2020-10-13T08:00:00,N,N4,87.0
2020-10-13T09:00:00,N,N4,88.99999999999999
2020-10-13T10:00:00,N,N4,100.00000000000004
2020-10-13T11:00:00,N,N4,103.0
2020-10-13T12:00:00,N,N4,93.00000000000004
2020-10-13T13:00:00,N,N4,99.0
2020-10-13T14:00:00,N,N4,105.99999999999996
2020-10-13T15:00:00,N,N4,103.0
2020-10-13T16:00:00,N,N4,97.0
2020-10-13T17:00:00,N,N4,93.00000000000004
2020-10-13T18:00:00,N,N4,103.0
2020-10-13T19:00:00,N,N4,113.00000000000004
2020-10-13T20:00:00,N,N4,117.00000000000004
2020-10-13T21:00:00,N,N4,101.99999999999996
2020-10-13T22:00:00,N,N4,93.00000000000004
2020-10-13T23:00:00,N,N4,82.00000000000001
2020-10-14T00:00:00,N,N4,77.00000000000001
2020-10-14T01:00:00,N,N4,72.0
2020-10-14T02:00:00,N,N4,69.00000000000001
2020-10-14T03:00:00,N,N4,64.99999999999999
2020-10-14T04:00:00,N,N4,62.00000000000001
2020-10-14T05:00:00,N,N4,62.00000000000001
2020-10-14T06:00:00,N,N4,72.0
2020-10-14T07:00:00,N,N4,76.0
2020-10-14T08:00:00,N,N4,83.99999999999999
2020-10-14T09:00:00,N,N4,90.0
2020-10-14T10:00:00,N,N4,95.0
2020-10-14T11:00:00,N,N4,104.0
2020-10-14T12:00:00,N,N4,88.00000000000003
2020-10-14T13:00:00,N,N4,118.88888888888889
2020-10-14T14:00:00,N,N4,124.66666666666669
2020-10-14T15:00:00,N,N4,122.33333333333336
2020-10-14T16:00:00,N,N4,122.44444444444449
2020-10-14T17:00:00,N,N4,129.33333333333334
2020-10-14T18:00:00,N,N4,149.98864969539517
2020-10-14T19:00:00,N,N4,146.80750527763357
2020-10-14T20:00:00,N,N4,135.0
2020-10-14T21:00:00,N,N4,117.88888888888889
2020-10-14T22:00:00,N,N4,105.66666666666669
2020-10-14T23:00:00,N,N4,98.22222222222224
2020-10-15T00:00:00,N,N4,92.1111111111111
2020-10-15T01:00:00,N,N4,40.00000000000004
2020-10-15T02:00:00,N,N4,40.0
2020-10-15T03:00:00,N,N4,40.0
2020-10-15T04:00:00,N,N4,40.0
2020-10-15T05:00:00,N,N4,46.99999999999999
2020-10-15T06:00:00,N,N4,57.00000000000001
2020-10-15T07:00:00,N,N4,59.99999999999999
2020-10-15T08:00:00,N,N4,71.0
2020-10-15T09:00:00,N,N4,79.0
2020-10-15T10:00:00,N,N4,81.99999999999994
2020-10-15T11:00:00,N,N4,96.0
2020-10-15T12:00:00,N,N4,79.0
2020-10-15T13:00:00,N,N4,76.0
2020-10-15T14:00:00,N,N4,88.00000000000003
2020-10-15T15:00:00,N,N4,90.0
2020-10-15T16:00:00,N,N4,90.99999999999996
2020-10-15T17:00:00,N,N4,94.0
2020-10-15T18:00:00,N,N4,96.0
2020-10-15T19:00:00,N,N4,113.00000000000004
2020-10-15T20:00:00,N,N4,103.0
2020-10-15T21:00:00,N,N4,88.00000000000003
2020-10-15T22:00:00,N,N4,83.00000000000003
2020-10-15T23:00:00,N,N4,72.99999999999999
2020-10-16T00:00:00,N,N4,68.00000000000001
2020-10-16T01:00:00,N,N4,64.99999999999999
2020-10-16T02:00:00,N,N4,62.99999999999999
2020-10-16T03:00:00,N,N4,62.99999999999999
2020-10-16T04:00:00,N,N4,62.99999999999999
2020-10-16T05:00:00,N,N4,66.99999999999997
2020-10-16T06:00:00,N,N4,72.0
2020-10-16T07:00:00,N,N4,79.0
2020-10-16T08:00:00,N,N4,97.0
2020-10-16T09:00:00,N,N4,98.00000000000004
2020-10-16T10:00:00,N,N4,108.99999999999996
2020-10-16T11:00:00,N,N4,111.99999999999996
2020-10-16T12:00:00,N,N4,99.0
2020-10-16T13:00:00,N,N4,97.0
2020-10-16T14:00:00,N,N4,105.99999999999996
2020-10-16T15:00:00,N,N4,104.0
2020-10-16T16:00:00,N,N4,101.99999999999996
2020-10-16T17:00:00,N,N4,110.00000000000004
2020-10-16T18:00:00,N,N4,104.99999999999996
2020-10-16T19:00:00,N,N4,110.00000000000004
2020-10-16T20:00:00,N,N4,116.0
2020-10-16T21:00:00,N,N4,96.0
2020-10-16T22:00:00,N,N4,90.99999999999996
2020-10-16T23:00:00,N,N4,85.99999999999997
2020-10-17T00:00:00,N,N4,76.0
2020-10-17T01:00:00,N,N4,71.0
2020-10-17T02:00:00,N,N4,69.00000000000001
2020-10-17T03:00:00,N,N4,65.99999999999997
2020-10-17T04:00:00,N,N4,61.00000000000001
2020-10-17T05:00:00,N,N4,61.00000000000001
2020-10-17T06:00:00,N,N4,61.00000000000001
2020-10-17T07:00:00,N,N4,121.125
2020-10-17T08:00:00,N,N4,98.00000000000004
2020-10-17T09:00:00,N,N4,98.00000000000004
2020-10-17T10:00:00,N,N4,103.0
2020-10-17T11:00:00,N,N4,99.0
2020-10-17T12:00:00,N,N4,96.0
2020-10-17T13:00:00,N,N4,96.0
2020-10-17T14:00:00,N,N4,90.0
2020-10-17T15:00:00,N,N4,85.00000000000001
2020-10-17T16:00:00,N,N4,85.00000000000001
2020-10-17T17:00:00,N,N4,85.00000000000001
2020-10-17T18:00:00,N,N4,88.99999999999999
2020-10-17T19:00:00,N,N4,110.00000000000004
2020-10-17T20:00:00,N,N4,105.91869173737877
2020-10-17T21:00:00,N,N4,101.99999999999996
2020-10-17T22:00:00,N,N4,83.99999999999999
2020-10-17T23:00:00,N,N4,79.0
2020-10-18T00:00:00,N,N4,74.00000000000003
2020-10-18T01:00:00,N,N4,68.00000000000001
2020-10-18T02:00:00,N,N4,62.99999999999999
2020-10-18T03:00:00,N,N4,62.99999999999999
2020-10-18T04:00:00,N,N4,62.99999999999999
2020-10-18T05:00:00,N,N4,62.99999999999999
2020-10-18T06:00:00,N,N4,68.00000000000001
2020-10-18T07:00:00,N,N4,74.99999999999997
2020-10-18T08:00:00,N,N4,81.00000000000003
2020-10-18T09:00:00,N,N4,81.00000000000003
2020-10-18T10:00:00,N,N4,85.99999999999997
2020-10-18T11:00:00,N,N4,87.0
2020-10-18T12:00:00,N,N4,87.0
2020-10-18T13:00:00,N,N4,81.00000000000003
2020-10-18T14:00:00,N,N4,74.99999999999997
2020-10-18T15:00:00,N,N4,74.99999999999997
2020-10-18T16:00:00,N,N4,74.99999999999997
2020-10-18T17:00:00,N,N4,79.99999999999997
2020-10-18T18:00:00,N,N4,79.99999999999997
2020-10-18T19:00:00,N,N4,104.99999999999996
2020-10-18T20:00:00,N,N4,111.99999999999996
2020-10-18T21:00:00,N,N4,103.0
2020-10-18T22:00:00,N,N4,93.00000000000004
2020-10-18T23:00:00,N,N4,88.00000000000003
2020-10-19T00:00:00,N,N4,78.0
2020-10-19T01:00:00,N,N4,72.99999999999999
2020-10-19T02:00:00,N,N4,70.00000000000003
2020-10-19T03:00:00,N,N4,64.99999999999999
2020-10-19T04:00:00,N,N4,62.99999999999999
2020-10-19T05:00:00,N,N4,62.99999999999999
2020-10-19T06:00:00,N,N4,72.99999999999999
2020-10-19T07:00:00,N,N4,81.00000000000003
2020-10-19T08:00:00,N,N4,96.0
2020-10-19T09:00:00,N,N4,101.99999999999996
2020-10-19T10:00:00,N,N4,106.99999999999996
2020-10-19T11:00:00,N,N4,121.00000000000004
2020-10-19T12:00:00,N,N4,110.00000000000004
2020-10-19T13:00:00,N,N4,113.99999999999991
2020-10-19T14:00:00,N,N4,127.0
2020-10-19T15:00:00,N,N4,121.00000000000004
2020-10-19T16:00:00,N,N4,119.99999999999996
2020-10-19T17:00:00,N,N4,118.00000000000004
2020-10-19T18:00:00,N,N4,110.00000000000004
2020-10-19T19:00:00,N,N4,137.00000000000003
2020-10-19T20:00:00,N,N4,131.99999999999997
2020-10-19T21:00:00,N,N4,111.99999999999996
2020-10-19T22:00:00,N,N4,104.99999999999996
2020-10-19T23:00:00,N,N4,92.0
2020-10-20T00:00:00,N,N4,87.0
2020-10-20T01:00:00,N,N4,79.99999999999997
2020-10-20T02:00:00,N,N4,74.99999999999997
2020-10-20T03:00:00,N,N4,74.99999999999997
2020-10-20T04:00:00,N,N4,66.99999999999997
2020-10-20T05:00:00,N,N4,66.99999999999997
2020-10-20T06:00:00,N,N4,83.00000000000003
2020-10-20T07:00:00,N,N4,88.99999999999999
2020-10-20T08:00:00,N,N4,105.99999999999996
2020-10-20T09:00:00,N,N4,115.0
2020-10-20T10:00:00,N,N4,118.00000000000004
2020-10-20T11:00:00,N,N4,136.00000000000006
2020-10-20T12:00:00,N,N4,118.00000000000004
2020-10-20T13:00:00,N,N4,121.00000000000004
2020-10-20T14:00:00,N,N4,136.00000000000006
2020-10-20T15:00:00,N,N4,129.99999999999997
2020-10-20T16:00:00,N,N4,119.99999999999996
2020-10-20T17:00:00,N,N4,97.0
2020-10-20T18:00:00,N,N4,90.0
2020-10-20T19:00:00,N,N4,118.00000000000004
2020-10-20T20:00:00,N,N4,125.00000000000004
2020-10-20T21:00:00,N,N4,104.99999999999996
2020-10-20T22:00:00,N,N4,100.00000000000004
2020-10-20T23:00:00,N,N4,89.54565000567274
2020-10-21T00:00:00,N,N4,82.00000000000001
2020-10-21T01:00:00,N,N4,79.99999999999997
2020-10-21T02:00:00,N,N4,74.99999999999997
2020-10-21T03:00:00,N,N4,74.99999999999997
2020-10-21T04:00:00,N,N4,66.99999999999997
2020-10-21T05:00:00,N,N4,66.99999999999997
2020-10-21T06:00:00,N,N4,85.99999999999997
2020-10-21T07:00:00,N,N4,87.0
2020-10-21T08:00:00,N,N4,106.99999999999996
2020-10-21T09:00:00,N,N4,110.00000000000004
2020-10-21T10:00:00,N,N4,117.00000000000004
2020-10-21T11:00:00,N,N4,137.00000000000003
2020-10-21T12:00:00,N,N4,122.00000000000004
2020-10-21T13:00:00,N,N4,133.99999999999997
2020-10-21T14:00:00,N,N4,136.00000000000006
2020-10-21T15:00:00,N,N4,118.00000000000004
2020-10-21T16:00:00,N,N4,118.00000000000004
2020-10-21T17:00:00,N,N4,118.00000000000004
2020-10-21T18:00:00,N,N4,111.99999999999996
2020-10-21T19:00:00,N,N4,122.00000000000004
2020-10-21T20:00:00,N,N4,125.00000000000004
2020-10-21T21:00:00,N,N4,104.99999999999996
2020-10-21T22:00:00,N,N4,100.00000000000004
2020-10-21T23:00:00,N,N4,87.0
2020-10-22T00:00:00,N,N4,87.0
2020-10-22T01:00:00,N,N4,79.99999999999997
2020-10-22T02:00:00,N,N4,74.99999999999997
2020-10-22T03:00:00,N,N4,74.99999999999997
2020-10-22T04:00:00,N,N4,74.99999999999997
2020-10-22T05:00:00,N,N4,74.99999999999997
2020-10-22T06:00:00,N,N4,88.99999999999999
2020-10-22T07:00:00,N,N4,97.0
2020-10-22T08:00:00,N,N4,108.99999999999996
2020-10-22T09:00:00,N,N4,110.00000000000004
2020-10-22T10:00:00,N,N4,121.00000000000004
2020-10-22T11:00:00,N,N4,129.99999999999997
2020-10-22T12:00:00,N,N4,116.0
2020-10-22T13:00:00,N,N4,116.0
2020-10-22T14:00:00,N,N4,124.00000000000004
2020-10-22T15:00:00,N,N4,122.00000000000004
2020-10-22T16:00:00,N,N4,117.00000000000004
2020-10-22T17:00:00,N,N4,119.99999999999996
2020-10-22T18:00:00,N,N4,114.00000000000004
2020-10-22T19:00:00,N,N4,128.99999999999997
2020-10-22T20:00:00,N,N4,129.99999999999997
2020-10-22T21:00:00,N,N4,122.99999999999994
2020-10-22T22:00:00,N,N4,113.00000000000004
2020-10-22T23:00:00,N,N4,100.00000000000004
2020-10-23T00:00:00,N,N4,93.00000000000004
2020-10-23T01:00:00,N,N4,90.99999999999996
2020-10-23T02:00:00,N,N4,88.00000000000003
2020-10-23T03:00:00,N,N4,78.0
2020-10-23T04:00:00,N,N4,78.0
2020-10-23T05:00:00,N,N4,83.00000000000003
2020-10-23T06:00:00,N,N4,88.99999999999999
2020-10-23T07:00:00,N,N4,101.00000000000004
2020-10-23T08:00:00,N,N4,115.0
2020-10-23T09:00:00,N,N4,108.99999999999996
2020-10-23T10:00:00,N,N4,119.00000000000004
2020-10-23T11:00:00,N,N4,119.99999999999996
2020-10-23T12:00:00,N,N4,114.00000000000004
2020-10-23T13:00:00,N,N4,117.00000000000004
2020-10-23T14:00:00,N,N4,127.0
2020-10-23T15:00:00,N,N4,116.0
2020-10-23T16:00:00,N,N4,116.0
2020-10-23T17:00:00,N,N4,110.00000000000004
2020-10-23T18:00:00,N,N4,110.00000000000004
2020-10-23T19:00:00,N,N4,129.99999999999997
2020-10-23T20:00:00,N,N4,125.00000000000004
2020-10-23T21:00:00,N,N4,118.00000000000004
2020-10-23T22:00:00,N,N4,113.00000000000004
2020-10-23T23:00:00,N,N4,98.00000000000004
2020-10-24T00:00:00,N,N4,98.00000000000004
2020-10-24T01:00:00,N,N4,90.99999999999996
2020-10-24T02:00:00,N,N4,83.00000000000003
2020-10-24T03:00:00,N,N4,83.00000000000003
2020-10-24T04:00:00,N,N4,83.00000000000003
2020-10-24T05:00:00,N,N4,83.00000000000003
2020-10-24T06:00:00,N,N4,83.00000000000003
2020-10-24T07:00:00,N,N4,101.00000000000004
2020-10-24T08:00:00,N,N4,101.00000000000004
2020-10-24T09:00:00,N,N4,101.00000000000004
2020-10-24T10:00:00,N,N4,101.99999999999996
2020-10-24T11:00:00,N,N4,119.00000000000004
2020-10-24T12:00:00,N,N4,119.99999999999996
2020-10-24T13:00:00,N,N4,119.99999999999996
2020-10-24T14:00:00,N,N4,113.00000000000004
2020-10-24T15:00:00,N,N4,100.00000000000004
2020-10-24T16:00:00,N,N4,100.00000000000004
2020-10-24T17:00:00,N,N4,100.00000000000004
2020-10-24T18:00:00,N,N4,104.99999999999996
2020-10-24T19:00:00,N,N4,125.00000000000004
2020-10-24T20:00:00,N,N4,125.00000000000004
2020-10-24T21:00:00,N,N4,117.00000000000004
2020-10-24T22:00:00,N,N4,101.99999999999996
2020-10-24T23:00:00,N,N4,97.0
2020-10-25T00:00:00,N,N4,92.0
2020-10-25T01:00:00,N,N4,85.99999999999997
2020-10-25T02:00:00,N,N4,77.00000000000001
2020-10-25T03:00:00,N,N4,77.00000000000001
2020-10-25T04:00:00,N,N4,77.00000000000001
2020-10-25T05:00:00,N,N4,77.00000000000001
2020-10-25T06:00:00,N,N4,87.0
2020-10-25T07:00:00,N,N4,92.0
2020-10-25T08:00:00,N,N4,87.0
2020-10-25T09:00:00,N,N4,92.0
2020-10-25T10:00:00,N,N4,104.99999999999996
2020-10-25T11:00:00,N,N4,104.99999999999996
2020-10-25T12:00:00,N,N4,92.0
2020-10-25T13:00:00,N,N4,101.99999999999996
2020-10-25T14:00:00,N,N4,98.00000000000004
2020-10-25T15:00:00,N,N4,93.00000000000004
2020-10-25T16:00:00,N,N4,88.00000000000003
2020-10-25T17:00:00,N,N4,88.00000000000003
2020-10-25T18:00:00,N,N4,94.0
2020-10-25T19:00:00,N,N4,128.99999999999997
2020-10-25T20:00:00,N,N4,128.99999999999997
2020-10-25T21:00:00,N,N4,122.99999999999994
2020-10-25T22:00:00,N,N4,119.00000000000004
2020-10-25T23:00:00,N,N4,108.00000000000004
2020-10-26T00:00:00,N,N4,100.00000000000004
2020-10-26T01:00:00,N,N4,90.0
2020-10-26T02:00:00,N,N4,87.0
2020-10-26T03:00:00,N,N4,83.99999999999999
2020-10-26T04:00:00,N,N4,83.99999999999999
2020-10-26T05:00:00,N,N4,72.0
2020-10-26T06:00:00,N,N4,72.0
2020-10-26T07:00:00,N,N4,70.00000000000003
2020-10-26T08:00:00,N,N4,76.0
2020-10-26T09:00:00,N,N4,72.0
2020-10-26T10:00:00,N,N4,79.0
2020-10-26T11:00:00,N,N4,81.00000000000003
2020-10-26T12:00:00,N,N4,88.99999999999999
2020-10-26T13:00:00,N,N4,82.00000000000001
2020-10-26T14:00:00,N,N4,79.0
2020-10-26T15:00:00,N,N4,81.00000000000003
2020-10-26T16:00:00,N,N4,74.00000000000003
2020-10-26T17:00:00,N,N4,79.0
2020-10-26T18:00:00,N,N4,85.99999999999997
2020-10-26T19:00:00,N,N4,108.00000000000004
2020-10-26T20:00:00,N,N4,103.0
2020-10-26T21:00:00,N,N4,83.00000000000003
2020-10-26T22:00:00,N,N4,78.0
2020-10-26T23:00:00,N,N4,68.00000000000001
2020-10-27T00:00:00,N,N4,62.99999999999999
2020-10-27T01:00:00,N,N4,62.99999999999999
2020-10-27T02:00:00,N,N4,59.99999999999999
2020-10-27T03:00:00,N,N4,59.99999999999999
2020-10-27T04:00:00,N,N4,57.99999999999999
2020-10-27T05:00:00,N,N4,57.99999999999999
2020-10-27T06:00:00,N,N4,66.99999999999997
2020-10-27T07:00:00,N,N4,71.0
2020-10-27T08:00:00,N,N4,88.00000000000003
2020-10-27T09:00:00,N,N4,87.0
2020-10-27T10:00:00,N,N4,96.0
2020-10-27T11:00:00,N,N4,104.0
2020-10-27T12:00:00,N,N4,83.00000000000003
2020-10-27T13:00:00,N,N4,79.99999999999997
2020-10-27T14:00:00,N,N4,88.99999999999999
2020-10-27T15:00:00,N,N4,87.0
2020-10-27T16:00:00,N,N4,88.00000000000003
2020-10-27T17:00:00,N,N4,92.0
2020-10-27T18:00:00,N,N4,100.00000000000004
2020-10-27T19:00:00,N,N4,114.00000000000004
2020-10-27T20:00:00,N,N4,114.00000000000004
2020-10-27T21:00:00,N,N4,93.00000000000004
2020-10-27T22:00:00,N,N4,88.00000000000003
2020-10-27T23:00:00,N,N4,68.00000000000001
2020-10-28T00:00:00,N,N4,68.00000000000001
2020-10-28T01:00:00,N,N4,62.99999999999999
2020-10-28T02:00:00,N,N4,59.99999999999999
2020-10-28T03:00:00,N,N4,57.99999999999999
2020-10-28T04:00:00,N,N4,57.99999999999999
2020-10-28T05:00:00,N,N4,57.99999999999999
2020-10-28T06:00:00,N,N4,76.0
2020-10-28T07:00:00,N,N4,77.00000000000001
2020-10-28T08:00:00,N,N4,93.00000000000004
2020-10-28T09:00:00,N,N4,92.0
2020-10-28T10:00:00,N,N4,98.00000000000004
2020-10-28T11:00:00,N,N4,108.00000000000004
2020-10-28T12:00:00,N,N4,98.00000000000004
2020-10-28T13:00:00,N,N4,94.0
2020-10-28T14:00:00,N,N4,104.99999999999996
2020-10-28T15:00:00,N,N4,110.00000000000004
2020-10-28T16:00:00,N,N4,106.99999999999996
2020-10-28T17:00:00,N,N4,102.00000000000004
2020-10-28T18:00:00,N,N4,104.99999999999996
2020-10-28T19:00:00,N,N4,110.00000000000004
2020-10-28T20:00:00,N,N4,131.99999999999997
2020-10-28T21:00:00,N,N4,104.99999999999996
2020-10-28T22:00:00,N,N4,92.0
2020-10-28T23:00:00,N,N4,87.0
2020-10-29T00:00:00,N,N4,74.99999999999997
2020-10-29T01:00:00,N,N4,76.0
2020-10-29T02:00:00,N,N4,76.0
2020-10-29T03:00:00,N,N4,62.00000000000001
2020-10-29T04:00:00,N,N4,62.00000000000001
2020-10-29T05:00:00,N,N4,66.99999999999997
2020-10-29T06:00:00,N,N4,77.00000000000001
2020-10-29T07:00:00,N,N4,79.99999999999997
2020-10-29T08:00:00,N,N4,88.00000000000003
2020-10-29T09:00:00,N,N4,90.0
2020-10-29T10:00:00,N,N4,88.00000000000003
2020-10-29T11:00:00,N,N4,101.00000000000004
2020-10-29T12:00:00,N,N4,85.99999999999997
2020-10-29T13:00:00,N,N4,78.0
2020-10-29T14:00:00,N,N4,88.99999999999999
2020-10-29T15:00:00,N,N4,87.0
2020-10-29T16:00:00,N,N4,85.99999999999997
2020-10-29T17:00:00,N,N4,94.0
2020-10-29T18:00:00,N,N4,98.00000000000004
2020-10-29T19:00:00,N,N4,104.0
2020-10-29T20:00:00,N,N4,100.00000000000004
2020-10-29T21:00:00,N,N4,85.99999999999997
2020-10-29T22:00:00,N,N4,81.00000000000003
2020-10-29T23:00:00,N,N4,69.00000000000001
2020-10-30T00:00:00,N,N4,64.99999999999999
2020-10-30T01:00:00,N,N4,59.000000000000014
2020-10-30T02:00:00,N,N4,57.99999999999999
2020-10-30T03:00:00,N,N4,57.99999999999999
2020-10-30T04:00:00,N,N4,57.99999999999999
2020-10-30T05:00:00,N,N4,57.99999999999999
2020-10-30T06:00:00,N,N4,74.99999999999997
2020-10-30T07:00:00,N,N4,79.0
2020-10-30T08:00:00,N,N4,83.99999999999999
2020-10-30T09:00:00,N,N4,93.00000000000004
2020-10-30T10:00:00,N,N4,99.0
2020-10-30T11:00:00,N,N4,108.00000000000004
2020-10-30T12:00:00,N,N4,83.99999999999999
2020-10-30T13:00:00,N,N4,85.00000000000001
2020-10-30T14:00:00,N,N4,90.0
2020-10-30T15:00:00,N,N4,85.00000000000001
2020-10-30T16:00:00,N,N4,87.0
2020-10-30T17:00:00,N,N4,88.00000000000003
2020-10-30T18:00:00,N,N4,95.0
2020-10-30T19:00:00,N,N4,116.0
2020-10-30T20:00:00,N,N4,110.00000000000004
2020-10-30T21:00:00,N,N4,90.99999999999996
2020-10-30T22:00:00,N,N4,74.99999999999997
2020-10-30T23:00:00,N,N4,66.99999999999997
2020-10-31T00:00:00,N,N4,62.00000000000001
2020-10-31T01:00:00,N,N4,55.000000000000014
2020-10-31T02:00:00,N,N4,55.000000000000014
2020-10-31T03:00:00,N,N4,55.000000000000014
2020-10-31T04:00:00,N,N4,55.000000000000014
2020-10-31T05:00:00,N,N4,55.000000000000014
2020-10-31T06:00:00,N,N4,64.99999999999999
2020-10-31T07:00:00,N,N4,78.0
2020-10-31T08:00:00,N,N4,81.00000000000003
2020-10-31T09:00:00,N,N4,81.99999999999994
2020-10-31T10:00:00,N,N4,99.0
2020-10-31T11:00:00,N,N4,100.00000000000004
2020-10-31T12:00:00,N,N4,87.0
2020-10-31T13:00:00,N,N4,88.00000000000003
2020-10-31T14:00:00,N,N4,88.00000000000003
2020-10-31T15:00:00,N,N4,88.00000000000003
2020-10-31T16:00:00,N,N4,79.99999999999997
2020-10-31T17:00:00,N,N4,79.99999999999997
2020-10-31T18:00:00,N,N4,87.0
2020-10-31T19:00:00,N,N4,100.00000000000004
2020-10-31T20:00:00,N,N4,100.00000000000004
2020-10-31T21:00:00,N,N4,85.99999999999997
2020-10-31T22:00:00,N,N4,81.00000000000003
2020-10-31T23:00:00,N,N4,71.0
2020-11-01T00:00:00,N,N4,67.19516267055253
2020-11-01T01:00:00,N,N4,64.00033916373062
2020-11-01T02:00:00,N,N4,61.07412467708818
2020-11-01T03:00:00,N,N4,58.87551599729507
2020-11-01T04:00:00,N,N4,57.36349860093237
2020-11-01T05:00:00,N,N4,57.53792393965944
2020-11-01T06:00:00,N,N4,61.43577172034541
2020-11-01T07:00:00,N,N4,62.6293927960105
2020-11-01T08:00:00,N,N4,102.11108350645112
2020-11-01T09:00:00,N,N4,106.84615562604282
2020-11-01T10:00:00,N,N4,59.99999999999999
2020-11-01T11:00:00,N,N4,66.5416798021101
2020-11-01T12:00:00,N,N4,64.99999999999999
2020-11-01T13:00:00,N,N4,64.99999999999999
2020-11-01T14:00:00,N,N4,64.99999999999999
2020-11-01T15:00:00,N,N4,65.99999999999997
2020-11-01T16:00:00,N,N4,65.99999999999997
2020-11-01T17:00:00,N,N4,65.99999999999997
2020-11-01T18:00:00,N,N4,71.0
2020-11-01T19:00:00,N,N4,75.31312207330707
2020-11-01T20:00:00,N,N4,69.91866138657159
2020-11-01T21:00:00,N,N4,64.48254976550434
2020-11-01T22:00:00,N,N4,60.06499861068045
2020-11-01T23:00:00,N,N4,55.702071467384826
2020-11-02T00:00:00,N,N4,53.20055397868051
2020-11-02T01:00:00,N,N4,51.2225508677113
2020-11-02T02:00:00,N,N4,49.46608535052432
2020-11-02T03:00:00,N,N4,48.34826016010661
2020-11-02T04:00:00,N,N4,47.84688003116788
2020-11-02T05:00:00,N,N4,48.88805416674486
2020-11-02T06:00:00,N,N4,53.38762937625585
2020-11-02T07:00:00,N,N4,55.422550572694576
2020-11-02T08:00:00,N,N4,58.673084070684375
2020-11-02T09:00:00,N,N4,59.52905156549754
2020-11-02T10:00:00,N,N4,62.10335958144893
2020-11-02T11:00:00,N,N4,64.43024278512921
2020-11-02T12:00:00,N,N4,58.94622704831281
2020-11-02T13:00:00,N,N4,55.86908497305064
2020-11-02T14:00:00,N,N4,56.56314947725824
2020-11-02T15:00:00,N,N4,55.46536411699867
2020-11-02T16:00:00,N,N4,55.02220455921987
2020-11-02T17:00:00,N,N4,56.14309327532005
2020-11-02T18:00:00,N,N4,58.27501163325258
2020-11-02T19:00:00,N,N4,62.24664937751641
2020-11-02T20:00:00,N,N4,57.339878320427054
2020-11-02T21:00:00,N,N4,52.39170257342103
2020-11-02T22:00:00,N,N4,48.37741802626277
2020-11-02T23:00:00,N,N4,44.40983439478569
2020-11-03T00:00:00,N,N4,42.14230510150001
2020-11-03T01:00:00,N,N4,40.34849565601426
2020-11-03T02:00:00,N,N4,38.75752964832111
2020-11-03T03:00:00,N,N4,37.738794310193136
2020-11-03T04:00:00,N,N4,37.27662967801426
2020-11-03T05:00:00,N,N4,38.193892077047934
2020-11-03T06:00:00,N,N4,42.21100246428406
2020-11-03T07:00:00,N,N4,44.03226902123714
2020-11-03T08:00:00,N,N4,46.95617182795987
2020-11-03T09:00:00,N,N4,47.71324063847182
2020-11-03T10:00:00,N,N4,50.03087400593256
2020-11-03T11:00:00,N,N4,52.12997546633519
2020-11-03T12:00:00,N,N4,47.16170925182467
2020-11-03T13:00:00,N,N4,44.38982350298871
2020-11-03T14:00:00,N,N4,44.99999999999999
2020-11-03T15:00:00,N,N4,42.99999999999998
2020-11-03T16:00:00,N,N4,44.99999999999999
2020-11-03T17:00:00,N,N4,42.00000000000001
2020-11-03T18:00:00,N,N4,41.00000000000001
2020-11-03T19:00:00,N,N4,43.99999999999999
2020-11-03T20:00:00,N,N4,57.00000000000001
2020-11-03T21:00:00,N,N4,48.00000000000001
2020-11-03T22:00:00,N,N4,42.99999999999998
2020-11-03T23:00:00,N,N4,36.99999999999999
2020-11-04T00:00:00,N,N4,33.0
2020-11-04T01:00:00,N,N4,32.0
2020-11-04T02:00:00,N,N4,31.0
2020-11-04T03:00:00,N,N4,29.000000000000004
2020-11-04T04:00:00,N,N4,28.0
2020-11-04T05:00:00,N,N4,28.0
2020-11-04T06:00:00,N,N4,32.0
2020-11-04T07:00:00,N,N4,34.00000000000001
2020-11-04T08:00:00,N,N4,36.99999999999999
2020-11-04T09:00:00,N,N4,37.99999999999998
2020-11-04T10:00:00,N,N4,38.99999999999999
2020-11-04T11:00:00,N,N4,44.99999999999999
2020-11-04T12:00:00,N,N4,42.99999999999998
2020-11-04T13:00:00,N,N4,38.99999999999999
2020-11-04T14:00:00,N,N4,41.00000000000001
2020-11-04T15:00:00,N,N4,41.00000000000001
2020-11-04T16:00:00,N,N4,40.0
2020-11-04T17:00:00,N,N4,38.99999999999999
2020-11-04T18:00:00,N,N4,42.00000000000001
2020-11-04T19:00:00,N,N4,53.00000000000001
2020-11-04T20:00:00,N,N4,53.00000000000001
2020-11-04T21:00:00,N,N4,42.00000000000001
2020-11-04T22:00:00,N,N4,41.00000000000001
2020-11-04T23:00:00,N,N4,34.00000000000001
2020-11-05T00:00:00,N,N4,32.0
2020-11-05T01:00:00,N,N4,87.5
2020-11-05T02:00:00,N,N4,85.16666666666667
2020-11-05T03:00:00,N,N4,81.66666666666667
2020-11-05T04:00:00,N,N4,81.33333333333333
2020-11-05T05:00:00,N,N4,87.83333333333331
2020-11-05T06:00:00,N,N4,97.0
2020-11-05T07:00:00,N,N4,101.0
2020-11-05T08:00:00,N,N4,111.83333333333331
2020-11-05T09:00:00,N,N4,115.83333333333331
2020-11-05T10:00:00,N,N4,121.33333333333331
2020-11-05T11:00:00,N,N4,130.33333333333334
2020-11-05T12:00:00,N,N4,118.66666666666669
2020-11-05T13:00:00,N,N4,113.66666666666669
2020-11-05T14:00:00,N,N4,122.5
2020-11-05T15:00:00,N,N4,118.83333333333331
2020-11-05T16:00:00,N,N4,117.0
2020-11-05T17:00:00,N,N4,128.33333333333331
2020-11-05T18:00:00,N,N4,133.66666666666666
2020-11-05T19:00:00,N,N4,146.16666666666666
2020-11-05T20:00:00,N,N4,135.99999999999997
2020-11-05T21:00:00,N,N4,121.5
2020-11-05T22:00:00,N,N4,113.00000000000004
2020-11-05T23:00:00,N,N4,102.5
2020-11-06T00:00:00,N,N4,96.16666666666669
2020-11-06T01:00:00,N,N4,93.0
2020-11-06T02:00:00,N,N4,89.49999999999999
2020-11-06T03:00:00,N,N4,86.83333333333331
2020-11-06T04:00:00,N,N4,86.99999999999999
2020-11-06T05:00:00,N,N4,90.66666666666664
2020-11-06T06:00:00,N,N4,98.83333333333331
2020-11-06T07:00:00,N,N4,106.33333333333336
2020-11-06T08:00:00,N,N4,116.5
2020-11-06T09:00:00,N,N4,119.5
2020-11-06T10:00:00,N,N4,132.0
2020-11-06T11:00:00,N,N4,136.83333333333331
2020-11-06T12:00:00,N,N4,125.0
2020-11-06T13:00:00,N,N4,106.4
2020-11-06T14:00:00,N,N4,122.0
2020-11-06T15:00:00,N,N4,119.83333333333336
2020-11-06T16:00:00,N,N4,119.66666666666669
2020-11-06T17:00:00,N,N4,122.6666666666667
2020-11-06T18:00:00,N,N4,137.16666666666666
2020-11-06T19:00:00,N,N4,147.5
2020-11-06T20:00:00,N,N4,138.33333333333334
2020-11-06T21:00:00,N,N4,122.33333333333331
2020-11-06T22:00:00,N,N4,113.0
2020-11-06T23:00:00,N,N4,101.83333333333331
2020-11-07T00:00:00,N,N4,97.5
2020-11-07T01:00:00,N,N4,91.33333333333331
2020-11-07T02:00:00,N,N4,88.16666666666669
2020-11-07T03:00:00,N,N4,87.0
2020-11-07T04:00:00,N,N4,86.16666666666669
2020-11-07T05:00:00,N,N4,87.00000000000001
2020-11-07T06:00:00,N,N4,91.66666666666664
2020-11-07T07:00:00,N,N4,109.0
2020-11-07T08:00:00,N,N4,108.33333333333336
2020-11-07T09:00:00,N,N4,111.16666666666669
2020-11-07T10:00:00,N,N4,118.16666666666669
2020-11-07T11:00:00,N,N4,127.00000000000006
2020-11-07T12:00:00,N,N4,118.8333333333333
2020-11-07T13:00:00,N,N4,116.66666666666669
2020-11-07T14:00:00,N,N4,113.16666666666669
2020-11-07T15:00:00,N,N4,108.0
2020-11-07T16:00:00,N,N4,104.33333333333331
2020-11-07T17:00:00,N,N4,112.33333333333331
2020-11-07T18:00:00,N,N4,127.0
2020-11-07T19:00:00,N,N4,135.1666666666667
2020-11-07T20:00:00,N,N4,126.15311528956312
2020-11-07T21:00:00,N,N4,114.0
2020-11-07T22:00:00,N,N4,103.0
2020-11-07T23:00:00,N,N4,95.16666666666664
2020-11-08T00:00:00,N,N4,91.77859056679766
2020-11-08T01:00:00,N,N4,87.03669519441338
2020-11-08T02:00:00,N,N4,81.07424230849419
2020-11-08T03:00:00,N,N4,79.64923282358278
2020-11-08T04:00:00,N,N4,79.20290027815169
2020-11-08T05:00:00,N,N4,79.6311797650501
2020-11-08T06:00:00,N,N4,86.88975704719435
2020-11-08T07:00:00,N,N4,88.1492563714514
2020-11-08T08:00:00,N,N4,96.38885438306389
2020-11-08T09:00:00,N,N4,100.55769453255353
2020-11-08T10:00:00,N,N4,100.5251119646328
2020-11-08T11:00:00,N,N4,106.25364566211826
2020-11-08T12:00:00,N,N4,99.6
2020-11-08T13:00:00,N,N4,82.8
2020-11-08T14:00:00,N,N4,90.66666666666669
2020-11-08T15:00:00,N,N4,88.83333333333333
2020-11-08T16:00:00,N,N4,87.16666666666667
2020-11-08T17:00:00,N,N4,88.0
2020-11-08T18:00:00,N,N4,98.83333333333331
2020-11-08T19:00:00,N,N4,115.2188536788845
2020-11-08T20:00:00,N,N4,109.4864435644286
2020-11-08T21:00:00,N,N4,101.41375829425073
2020-11-08T22:00:00,N,N4,92.01083310178008
2020-11-08T23:00:00,N,N4,86.45034524456413
2020-11-09T00:00:00,N,N4,80.20009232978009
2020-11-09T01:00:00,N,N4,75.03709181128522
2020-11-09T02:00:00,N,N4,72.24434755842073
2020-11-09T03:00:00,N,N4,69.89137669335109
2020-11-09T04:00:00,N,N4,69.47448000519465
2020-11-09T05:00:00,N,N4,70.6480090277908
2020-11-09T06:00:00,N,N4,76.89793822937598
2020-11-09T07:00:00,N,N4,79.23709176211577
2020-11-09T08:00:00,N,N4,90.77884734511406
2020-11-09T09:00:00,N,N4,93.08817526091626
2020-11-09T10:00:00,N,N4,98.18389326357482
2020-11-09T11:00:00,N,N4,106.23837379752156
2020-11-09T12:00:00,N,N4,99.49103784138548
2020-11-09T13:00:00,N,N4,93.97818082884176
2020-11-09T14:00:00,N,N4,98.09385824620972
2020-11-09T15:00:00,N,N4,98.74422735283312
2020-11-09T16:00:00,N,N4,94.50370075987
2020-11-09T17:00:00,N,N4,97.35718221255335
2020-11-09T18:00:00,N,N4,104.87916860554212
2020-11-09T19:00:00,N,N4,120.3744415629194
2020-11-09T20:00:00,N,N4,109.38997972007115
2020-11-09T21:00:00,N,N4,95.06528376223685
2020-11-09T22:00:00,N,N4,86.56290300437713
2020-11-09T23:00:00,N,N4,75.06830573246428
2020-11-10T00:00:00,N,N4,72.52371751691666
2020-11-10T01:00:00,N,N4,69.55808260933571
2020-11-10T02:00:00,N,N4,67.95958827472016
2020-11-10T03:00:00,N,N4,67.78979905169886
2020-11-10T04:00:00,N,N4,65.21277161300237
2020-11-10T05:00:00,N,N4,65.36564867950798
2020-11-10T06:00:00,N,N4,77.70183374404735
2020-11-10T07:00:00,N,N4,81.33871150353951
2020-11-10T08:00:00,N,N4,91.49269530466
2020-11-10T09:00:00,N,N4,95.6188734397453
2020-11-10T10:00:00,N,N4,103.50514566765544
2020-11-10T11:00:00,N,N4,111.1883292443892
2020-11-10T12:00:00,N,N4,98.0269515419708
2020-11-10T13:00:00,N,N4,96.8983039171648
2020-11-10T14:00:00,N,N4,103.83333333333331
2020-11-10T15:00:00,N,N4,101.5
2020-11-10T16:00:00,N,N4,98.0
2020-11-10T17:00:00,N,N4,95.66666666666669
2020-11-10T18:00:00,N,N4,107.00000000000004
2020-11-10T19:00:00,N,N4,118.16666666666669
2020-11-10T20:00:00,N,N4,118.5
2020-11-10T21:00:00,N,N4,103.16666666666669
2020-11-10T22:00:00,N,N4,95.33333333333336
2020-11-10T23:00:00,N,N4,85.25760833427879
2020-11-11T00:00:00,N,N4,81.16666666666667
2020-11-11T01:00:00,N,N4,76.83333333333333
2020-11-11T02:00:00,N,N4,73.16666666666666
2020-11-11T03:00:00,N,N4,71.83333333333334
2020-11-11T04:00:00,N,N4,69.49999999999999
2020-11-11T05:00:00,N,N4,70.16666666666664
2020-11-11T06:00:00,N,N4,82.66666666666667
2020-11-11T07:00:00,N,N4,85.16666666666667
2020-11-11T08:00:00,N,N4,98.33333333333331
2020-11-11T09:00:00,N,N4,99.83333333333336
2020-11-11T10:00:00,N,N4,107.33333333333336
2020-11-11T11:00:00,N,N4,116.66666666666669
2020-11-11T12:00:00,N,N4,107.83333333333336
2020-11-11T13:00:00,N,N4,110.6
2020-11-11T14:00:00,N,N4,115.60000000000002
2020-11-11T15:00:00,N,N4,110.40000000000003
2020-11-11T16:00:00,N,N4,108.80000000000004
2020-11-11T17:00:00,N,N4,108.4
2020-11-11T18:00:00,N,N4,112.37956945171132
2020-11-11T19:00:00,N,N4,123.4535094997404
2020-11-11T20:00:00,N,N4,128.8
2020-11-11T21:00:00,N,N4,111.8
2020-11-11T22:00:00,N,N4,101.00000000000004
2020-11-11T23:00:00,N,N4,93.2
2020-11-12T00:00:00,N,N4,86.6
2020-11-12T01:00:00,N,N4,84.8
2020-11-12T02:00:00,N,N4,82.0
2020-11-12T03:00:00,N,N4,77.8
2020-11-12T04:00:00,N,N4,77.39999999999998
2020-11-12T05:00:00,N,N4,81.79999999999998
2020-11-12T06:00:00,N,N4,90.4
2020-11-12T07:00:00,N,N4,94.4
2020-11-12T08:00:00,N,N4,104.4
2020-11-12T09:00:00,N,N4,107.0
2020-11-12T10:00:00,N,N4,113.6
2020-11-12T11:00:00,N,N4,125.8
2020-11-12T12:00:00,N,N4,112.6
2020-11-12T13:00:00,N,N4,107.4
2020-11-12T14:00:00,N,N4,115.80000000000004
2020-11-12T15:00:00,N,N4,111.6
2020-11-12T16:00:00,N,N4,110.4
2020-11-12T17:00:00,N,N4,114.6
2020-11-12T18:00:00,N,N4,120.6
2020-11-12T19:00:00,N,N4,135.6
2020-11-12T20:00:00,N,N4,129.99999999999997
2020-11-12T21:00:00,N,N4,117.79999999999998
2020-11-12T22:00:00,N,N4,109.60000000000004
2020-11-12T23:00:00,N,N4,99.00000000000004
2020-11-13T00:00:00,N,N4,92.4
2020-11-13T01:00:00,N,N4,88.6
2020-11-13T02:00:00,N,N4,86.39999999999999
2020-11-13T03:00:00,N,N4,83.19999999999999
2020-11-13T04:00:00,N,N4,83.19999999999999
2020-11-13T05:00:00,N,N4,84.59999999999998
2020-11-13T06:00:00,N,N4,92.0
2020-11-13T07:00:00,N,N4,100.20000000000002
2020-11-13T08:00:00,N,N4,110.2
2020-11-13T09:00:00,N,N4,112.20000000000002
2020-11-13T10:00:00,N,N4,122.6
2020-11-13T11:00:00,N,N4,128.39999999999998
2020-11-13T12:00:00,N,N4,114.6
2020-11-13T13:00:00,N,N4,92.75
2020-11-13T14:00:00,N,N4,111.8
2020-11-13T15:00:00,N,N4,109.40000000000002
2020-11-13T16:00:00,N,N4,111.4
2020-11-13T17:00:00,N,N4,113.60000000000002
2020-11-13T18:00:00,N,N4,123.6
2020-11-13T19:00:00,N,N4,134.00000000000003
2020-11-13T20:00:00,N,N4,128.0
2020-11-13T21:00:00,N,N4,113.8
2020-11-13T22:00:00,N,N4,105.6
2020-11-13T23:00:00,N,N4,95.4
2020-11-14T00:00:00,N,N4,91.2
2020-11-14T01:00:00,N,N4,84.8
2020-11-14T02:00:00,N,N4,82.20000000000002
2020-11-14T03:00:00,N,N4,81.6
2020-11-14T04:00:00,N,N4,80.60000000000001
2020-11-14T05:00:00,N,N4,80.60000000000001
2020-11-14T06:00:00,N,N4,83.0
2020-11-14T07:00:00,N,N4,103.25000000000004
2020-11-14T08:00:00,N,N4,101.4
2020-11-14T09:00:00,N,N4,104.6
2020-11-14T10:00:00,N,N4,109.6
2020-11-14T11:00:00,N,N4,118.00000000000004
2020-11-14T12:00:00,N,N4,109.99999999999996
2020-11-14T13:00:00,N,N4,108.2
2020-11-14T14:00:00,N,N4,104.20000000000002
2020-11-14T15:00:00,N,N4,98.80000000000004
2020-11-14T16:00:00,N,N4,96.0
2020-11-14T17:00:00,N,N4,104.2
2020-11-14T18:00:00,N,N4,109.2
2020-11-14T19:00:00,N,N4,120.60000000000004
2020-11-14T20:00:00,N,N4,114.78373834747576
2020-11-14T21:00:00,N,N4,103.6
2020-11-14T22:00:00,N,N4,92.0
2020-11-14T23:00:00,N,N4,84.99999999999999
2020-11-15T00:00:00,N,N4,80.93430868015719
2020-11-15T01:00:00,N,N4,76.24403423329608
2020-11-15T02:00:00,N,N4,71.68909077019302
2020-11-15T03:00:00,N,N4,69.97907938829934
2020-11-15T04:00:00,N,N4,69.44348033378203
2020-11-15T05:00:00,N,N4,69.95741571806013
2020-11-15T06:00:00,N,N4,77.86770845663325
2020-11-15T07:00:00,N,N4,74.68657046431426
2020-11-15T08:00:00,N,N4,81.1851391774185
2020-11-15T09:00:00,N,N4,84.0769260434047
2020-11-15T10:00:00,N,N4,84.40638995579098
2020-11-15T11:00:00,N,N4,87.81705707764783
2020-11-15T12:00:00,N,N4,82.25
2020-11-15T13:00:00,N,N4,82.8
2020-11-15T14:00:00,N,N4,79.0
2020-11-15T15:00:00,N,N4,78.2
2020-11-15T16:00:00,N,N4,76.2
2020-11-15T17:00:00,N,N4,76.19999999999999
2020-11-15T18:00:00,N,N4,80.2
2020-11-15T19:00:00,N,N4,102.4626244146614
2020-11-15T20:00:00,N,N4,101.78373227731431
2020-11-15T21:00:00,N,N4,96.49650995310084
2020-11-15T22:00:00,N,N4,88.0129997221361
2020-11-15T23:00:00,N,N4,81.34041429347698
2020-11-16T00:00:00,N,N4,74.84011079573611
2020-11-16T01:00:00,N,N4,69.64451017354226
2020-11-16T02:00:00,N,N4,67.29321707010487
2020-11-16T03:00:00,N,N4,64.46965203202132
2020-11-16T04:00:00,N,N4,63.96937600623357
2020-11-16T05:00:00,N,N4,61.37761083334897
2020-11-16T06:00:00,N,N4,68.67752587525118
2020-11-16T07:00:00,N,N4,70.48451011453892
2020-11-16T08:00:00,N,N4,81.93461681413687
2020-11-16T09:00:00,N,N4,84.1058103130995
2020-11-16T10:00:00,N,N4,87.6206719162898
2020-11-16T11:00:00,N,N4,95.48604855702588
2020-11-16T12:00:00,N,N4,90.18924540966256
2020-11-16T13:00:00,N,N4,87.97381699461012
2020-11-16T14:00:00,N,N4,92.11262989545166
2020-11-16T15:00:00,N,N4,92.49307282339974
2020-11-16T16:00:00,N,N4,88.004440911844
2020-11-16T17:00:00,N,N4,89.22861865506403
2020-11-16T18:00:00,N,N4,91.65500232665052
2020-11-16T19:00:00,N,N4,106.24932987550328
2020-11-16T20:00:00,N,N4,99.6679756640854
2020-11-16T21:00:00,N,N4,88.4783405146842
2020-11-16T22:00:00,N,N4,80.27548360525256
2020-11-16T23:00:00,N,N4,69.48196687895714
2020-11-17T00:00:00,N,N4,66.4284610203
2020-11-17T01:00:00,N,N4,63.86969913120286
2020-11-17T02:00:00,N,N4,61.95150592966422
2020-11-17T03:00:00,N,N4,61.74775886203863
2020-11-17T04:00:00,N,N4,58.655325935602846
2020-11-17T05:00:00,N,N4,58.83877841540958
2020-11-17T06:00:00,N,N4,68.6422004928568
2020-11-17T07:00:00,N,N4,72.00645380424741
2020-11-17T08:00:00,N,N4,83.59123436559199
2020-11-17T09:00:00,N,N4,86.74264812769437
2020-11-17T10:00:00,N,N4,93.00617480118652
2020-11-17T11:00:00,N,N4,100.62599509326704
2020-11-17T12:00:00,N,N4,87.83234185036494
2020-11-17T13:00:00,N,N4,87.47796470059775
2020-11-17T14:00:00,N,N4,95.0
2020-11-17T15:00:00,N,N4,93.2
2020-11-17T16:00:00,N,N4,90.0
2020-11-17T17:00:00,N,N4,84.60000000000001
2020-11-17T18:00:00,N,N4,87.80000000000003
2020-11-17T19:00:00,N,N4,102.60000000000002
2020-11-17T20:00:00,N,N4,105.60000000000002
2020-11-17T21:00:00,N,N4,90.6
2020-11-17T22:00:00,N,N4,83.80000000000003
2020-11-17T23:00:00,N,N4,74.10913000113456
2020-11-18T00:00:00,N,N4,69.20000000000002
2020-11-18T01:00:00,N,N4,66.6
2020-11-18T02:00:00,N,N4,62.19999999999999
2020-11-18T03:00:00,N,N4,60.59999999999999
2020-11-18T04:00:00,N,N4,57.79999999999999
2020-11-18T05:00:00,N,N4,57.59999999999999
2020-11-18T06:00:00,N,N4,69.2
2020-11-18T07:00:00,N,N4,72.6
2020-11-18T08:00:00,N,N4,84.80000000000001
2020-11-18T09:00:00,N,N4,85.4
2020-11-18T10:00:00,N,N4,90.40000000000002
2020-11-18T11:00:00,N,N4,100.8
2020-11-18T12:00:00,N,N4,92.00000000000004
2020-11-18T13:00:00,N,N4,94.75
2020-11-18T14:00:00,N,N4,98.5
2020-11-18T15:00:00,N,N4,94.50000000000004
2020-11-18T16:00:00,N,N4,93.25
2020-11-18T17:00:00,N,N4,91.75
2020-11-18T18:00:00,N,N4,90.5
2020-11-18T19:00:00,N,N4,101.25000000000004
2020-11-18T20:00:00,N,N4,108.5
2020-11-18T21:00:00,N,N4,91.0
2020-11-18T22:00:00,N,N4,82.50000000000003
2020-11-18T23:00:00,N,N4,74.0
2020-11-19T00:00:00,N,N4,68.24999999999999
2020-11-19T01:00:00,N,N4,68.5
2020-11-19T02:00:00,N,N4,66.25
2020-11-19T03:00:00,N,N4,62.25
2020-11-19T04:00:00,N,N4,61.74999999999999
2020-11-19T05:00:00,N,N4,64.74999999999997
2020-11-19T06:00:00,N,N4,74.75
2020-11-19T07:00:00,N,N4,78.24999999999999
2020-11-19T08:00:00,N,N4,85.75
2020-11-19T09:00:00,N,N4,88.50000000000001
2020-11-19T10:00:00,N,N4,93.0
2020-11-19T11:00:00,N,N4,104.0
2020-11-19T12:00:00,N,N4,93.25
2020-11-19T13:00:00,N,N4,88.75
2020-11-19T14:00:00,N,N4,98.0
2020-11-19T15:00:00,N,N4,97.75
2020-11-19T16:00:00,N,N4,97.0
2020-11-19T17:00:00,N,N4,100.5
2020-11-19T18:00:00,N,N4,100.5
2020-11-19T19:00:00,N,N4,113.0
2020-11-19T20:00:00,N,N4,109.75
2020-11-19T21:00:00,N,N4,97.0
2020-11-19T22:00:00,N,N4,90.25000000000004
2020-11-19T23:00:00,N,N4,79.00000000000003
2020-11-20T00:00:00,N,N4,73.75
2020-11-20T01:00:00,N,N4,70.25
2020-11-20T02:00:00,N,N4,67.75
2020-11-20T03:00:00,N,N4,63.75
2020-11-20T04:00:00,N,N4,63.75
2020-11-20T05:00:00,N,N4,65.49999999999999
2020-11-20T06:00:00,N,N4,74.49999999999999
2020-11-20T07:00:00,N,N4,82.25
2020-11-20T08:00:00,N,N4,93.25
2020-11-20T09:00:00,N,N4,94.50000000000004
2020-11-20T10:00:00,N,N4,103.5
2020-11-20T11:00:00,N,N4,107.75
2020-11-20T12:00:00,N,N4,95.25
2020-11-20T13:00:00,N,N4,92.75
2020-11-20T14:00:00,N,N4,98.25
2020-11-20T15:00:00,N,N4,93.75
2020-11-20T16:00:00,N,N4,95.25
2020-11-20T17:00:00,N,N4,96.25000000000004
2020-11-20T18:00:00,N,N4,100.75
2020-11-20T19:00:00,N,N4,112.25
2020-11-20T20:00:00,N,N4,108.0
2020-11-20T21:00:00,N,N4,94.0
2020-11-20T22:00:00,N,N4,86.25
2020-11-20T23:00:00,N,N4,76.5
2020-11-21T00:00:00,N,N4,72.50000000000001
2020-11-21T01:00:00,N,N4,67.75
2020-11-21T02:00:00,N,N4,64.50000000000001
2020-11-21T03:00:00,N,N4,63.75000000000001
2020-11-21T04:00:00,N,N4,62.500000000000014
2020-11-21T05:00:00,N,N4,62.500000000000014
2020-11-21T06:00:00,N,N4,66.25
2020-11-21T07:00:00,N,N4,81.66666666666667
2020-11-21T08:00:00,N,N4,87.25000000000003
2020-11-21T09:00:00,N,N4,89.25
2020-11-21T10:00:00,N,N4,95.0
2020-11-21T11:00:00,N,N4,101.75
2020-11-21T12:00:00,N,N4,96.0
2020-11-21T13:00:00,N,N4,95.0
2020-11-21T14:00:00,N,N4,92.25000000000004
2020-11-21T15:00:00,N,N4,86.75000000000003
2020-11-21T16:00:00,N,N4,84.5
2020-11-21T17:00:00,N,N4,84.5
2020-11-21T18:00:00,N,N4,88.24999999999999
2020-11-21T19:00:00,N,N4,107.25000000000004
2020-11-21T20:00:00,N,N4,106.2296729343447
2020-11-21T21:00:00,N,N4,97.5
2020-11-21T22:00:00,N,N4,85.5
2020-11-21T23:00:00,N,N4,78.0
2020-11-22T00:00:00,N,N4,74.29879066763814
2020-11-22T01:00:00,N,N4,69.50008479093265
2020-11-22T02:00:00,N,N4,64.76853116927205
2020-11-22T03:00:00,N,N4,63.21887899932377
2020-11-22T04:00:00,N,N4,62.8408746502331
2020-11-22T05:00:00,N,N4,62.88448098491486
2020-11-22T06:00:00,N,N4,70.04764855293526
2020-11-22T07:00:00,N,N4,74.68657046431426
2020-11-22T08:00:00,N,N4,81.1851391774185
2020-11-22T09:00:00,N,N4,84.0769260434047
2020-11-22T10:00:00,N,N4,84.40638995579098
2020-11-22T11:00:00,N,N4,87.81705707764783
2020-11-22T12:00:00,N,N4,82.25
2020-11-22T13:00:00,N,N4,82.0
2020-11-22T14:00:00,N,N4,78.5
2020-11-22T15:00:00,N,N4,77.5
2020-11-22T16:00:00,N,N4,76.25
2020-11-22T17:00:00,N,N4,75.74999999999999
2020-11-22T18:00:00,N,N4,80.25
2020-11-22T19:00:00,N,N4,99.57828051832676
2020-11-22T20:00:00,N,N4,99.97966534664288
2020-11-22T21:00:00,N,N4,96.12063744137608
2020-11-22T22:00:00,N,N4,88.26624965267013
2020-11-22T23:00:00,N,N4,81.92551786684622
2020-11-23T00:00:00,N,N4,75.05013849467014
2020-11-23T01:00:00,N,N4,69.55563771692782
2020-11-23T02:00:00,N,N4,67.61652133763108
2020-11-23T03:00:00,N,N4,65.33706504002664
2020-11-23T04:00:00,N,N4,64.71172000779197
2020-11-23T05:00:00,N,N4,61.97201354168621
2020-11-23T06:00:00,N,N4,68.59690734406396
2020-11-23T07:00:00,N,N4,70.85563764317365
2020-11-23T08:00:00,N,N4,80.41827101767109
2020-11-23T09:00:00,N,N4,82.38226289137437
2020-11-23T10:00:00,N,N4,87.52583989536224
2020-11-23T11:00:00,N,N4,94.60756069628232
2020-11-23T12:00:00,N,N4,89.73655676207821
2020-11-23T13:00:00,N,N4,87.71727124326264
2020-11-23T14:00:00,N,N4,91.64078736931457
2020-11-23T15:00:00,N,N4,90.86634102924968
2020-11-23T16:00:00,N,N4,86.50555113980498
2020-11-23T17:00:00,N,N4,88.28577331883002
2020-11-23T18:00:00,N,N4,92.31875290831314
2020-11-23T19:00:00,N,N4,105.5616623443791
2020-11-23T20:00:00,N,N4,101.33496958010676
2020-11-23T21:00:00,N,N4,88.59792564335525
2020-11-23T22:00:00,N,N4,82.0943545065657
2020-11-23T23:00:00,N,N4,71.60245859869643
2020-11-24T00:00:00,N,N4,68.535576275375
2020-11-24T01:00:00,N,N4,65.33712391400357
2020-11-24T02:00:00,N,N4,62.93938241208027
2020-11-24T03:00:00,N,N4,62.68469857754828
2020-11-24T04:00:00,N,N4,58.819157419503554
2020-11-24T05:00:00,N,N4,59.048473019261976
2020-11-24T06:00:00,N,N4,67.80275061607101
2020-11-24T07:00:00,N,N4,72.00806725530927
2020-11-24T08:00:00,N,N4,82.98904295698998
2020-11-24T09:00:00,N,N4,85.67831015961795
2020-11-24T10:00:00,N,N4,92.00771850148315
2020-11-24T11:00:00,N,N4,99.7824938665838
2020-11-24T12:00:00,N,N4,86.29042731295618
2020-11-24T13:00:00,N,N4,87.09745587574717
2020-11-24T14:00:00,N,N4,95.0
2020-11-24T15:00:00,N,N4,91.75
2020-11-24T16:00:00,N,N4,88.5
2020-11-24T17:00:00,N,N4,82.00000000000001
2020-11-24T18:00:00,N,N4,84.50000000000001
2020-11-24T19:00:00,N,N4,98.25000000000004
2020-11-24T20:00:00,N,N4,104.25000000000004
2020-11-24T21:00:00,N,N4,87.99999999999999
2020-11-24T22:00:00,N,N4,82.00000000000003
2020-11-24T23:00:00,N,N4,70.13641250141819
2020-11-25T00:00:00,N,N4,66.00000000000001
2020-11-25T01:00:00,N,N4,62.74999999999999
2020-11-25T02:00:00,N,N4,59.74999999999999
2020-11-25T03:00:00,N,N4,57.74999999999999
2020-11-25T04:00:00,N,N4,54.74999999999999
2020-11-25T05:00:00,N,N4,54.74999999999999
2020-11-25T06:00:00,N,N4,67.5
2020-11-25T07:00:00,N,N4,69.5
2020-11-25T08:00:00,N,N4,81.25
2020-11-25T09:00:00,N,N4,83.50000000000001
2020-11-25T10:00:00,N,N4,88.25000000000001
2020-11-25T11:00:00,N,N4,99.5
2020-11-25T12:00:00,N,N4,88.75000000000003
2020-11-25T13:00:00,N,N4,90.0
2020-11-25T14:00:00,N,N4,95.0
2020-11-25T15:00:00,N,N4,90.6666666666667
2020-11-25T16:00:00,N,N4,89.33333333333333
2020-11-25T17:00:00,N,N4,87.33333333333336
2020-11-25T18:00:00,N,N4,87.33333333333331
2020-11-25T19:00:00,N,N4,96.00000000000004
2020-11-25T20:00:00,N,N4,104.33333333333331
2020-11-25T21:00:00,N,N4,84.99999999999999
2020-11-25T22:00:00,N,N4,78.66666666666669
2020-11-25T23:00:00,N,N4,70.33333333333333
2020-11-26T00:00:00,N,N4,65.66666666666666
2020-11-26T01:00:00,N,N4,66.33333333333333
2020-11-26T02:00:00,N,N4,64.66666666666666
2020-11-26T03:00:00,N,N4,59.99999999999999
2020-11-26T04:00:00,N,N4,59.99999999999999
2020-11-26T05:00:00,N,N4,63.99999999999998
2020-11-26T06:00:00,N,N4,75.33333333333333
2020-11-26T07:00:00,N,N4,79.99999999999999
2020-11-26T08:00:00,N,N4,90.33333333333331
2020-11-26T09:00:00,N,N4,94.0
2020-11-26T10:00:00,N,N4,98.0
2020-11-26T11:00:00,N,N4,110.0
2020-11-26T12:00:00,N,N4,94.66666666666664
2020-11-26T13:00:00,N,N4,91.0
2020-11-26T14:00:00,N,N4,101.33333333333331
2020-11-26T15:00:00,N,N4,100.66666666666669
2020-11-26T16:00:00,N,N4,99.0
2020-11-26T17:00:00,N,N4,103.66666666666669
2020-11-26T18:00:00,N,N4,103.66666666666669
2020-11-26T19:00:00,N,N4,116.33333333333331
2020-11-26T20:00:00,N,N4,112.0
2020-11-26T21:00:00,N,N4,100.0
2020-11-26T22:00:00,N,N4,93.33333333333336
2020-11-26T23:00:00,N,N4,81.66666666666669
2020-11-27T00:00:00,N,N4,76.33333333333333
2020-11-27T01:00:00,N,N4,72.66666666666667
2020-11-27T02:00:00,N,N4,70.66666666666667
2020-11-27T03:00:00,N,N4,67.33333333333333
2020-11-27T04:00:00,N,N4,67.33333333333333
2020-11-27T05:00:00,N,N4,70.33333333333333
2020-11-27T06:00:00,N,N4,79.66666666666664
2020-11-27T07:00:00,N,N4,87.33333333333333
2020-11-27T08:00:00,N,N4,99.66666666666669
2020-11-27T09:00:00,N,N4,101.0
2020-11-27T10:00:00,N,N4,110.0
2020-11-27T11:00:00,N,N4,114.33333333333331
2020-11-27T12:00:00,N,N4,100.0
2020-11-27T13:00:00,N,N4,100.66666666666669
2020-11-27T14:00:00,N,N4,108.66666666666669
2020-11-27T15:00:00,N,N4,102.66666666666669
2020-11-27T16:00:00,N,N4,102.66666666666664
2020-11-27T17:00:00,N,N4,103.6666666666667
2020-11-27T18:00:00,N,N4,104.33333333333331
2020-11-27T19:00:00,N,N4,119.66666666666669
2020-11-27T20:00:00,N,N4,118.0
2020-11-27T21:00:00,N,N4,102.66666666666669
2020-11-27T22:00:00,N,N4,94.0
2020-11-27T23:00:00,N,N4,84.66666666666666
2020-11-28T00:00:00,N,N4,79.66666666666669
2020-11-28T01:00:00,N,N4,73.33333333333333
2020-11-28T02:00:00,N,N4,70.00000000000001
2020-11-28T03:00:00,N,N4,69.00000000000001
2020-11-28T04:00:00,N,N4,67.33333333333336
2020-11-28T05:00:00,N,N4,67.33333333333336
2020-11-28T06:00:00,N,N4,70.66666666666667
2020-11-28T07:00:00,N,N4,90.5
2020-11-28T08:00:00,N,N4,94.33333333333336
2020-11-28T09:00:00,N,N4,94.66666666666669
2020-11-28T10:00:00,N,N4,102.33333333333331
2020-11-28T11:00:00,N,N4,107.0
2020-11-28T12:00:00,N,N4,102.0
2020-11-28T13:00:00,N,N4,102.33333333333331
2020-11-28T14:00:00,N,N4,98.0
2020-11-28T15:00:00,N,N4,92.0
2020-11-28T16:00:00,N,N4,89.33333333333333
2020-11-28T17:00:00,N,N4,89.33333333333333
2020-11-28T18:00:00,N,N4,94.66666666666664
2020-11-28T19:00:00,N,N4,112.6666666666667
2020-11-28T20:00:00,N,N4,111.30623057912628
2020-11-28T21:00:00,N,N4,102.66666666666664
2020-11-28T22:00:00,N,N4,90.0
2020-11-28T23:00:00,N,N4,83.33333333333333
2020-11-29T00:00:00,N,N4,78.73172089018419
2020-11-29T01:00:00,N,N4,73.66677972124353
2020-11-29T02:00:00,N,N4,68.02470822569607
2020-11-29T03:00:00,N,N4,67.29183866576503
2020-11-29T04:00:00,N,N4,66.78783286697747
2020-11-29T05:00:00,N,N4,66.84597464655315
2020-11-29T06:00:00,N,N4,73.14525724011514
2020-11-29T07:00:00,N,N4,77.54313093200349
2020-11-29T08:00:00,N,N4,85.00000000000001
2020-11-29T09:00:00,N,N4,87.50000000000003
2020-11-29T10:00:00,N,N4,84.66666666666664
2020-11-29T11:00:00,N,N4,87.1805599340367
2020-11-29T12:00:00,N,N4,82.33333333333333
2020-11-29T13:00:00,N,N4,83.66666666666666
2020-11-29T14:00:00,N,N4,80.33333333333333
2020-11-29T15:00:00,N,N4,78.99999999999999
2020-11-29T16:00:00,N,N4,77.33333333333333
2020-11-29T17:00:00,N,N4,78.99999999999999
2020-11-29T18:00:00,N,N4,82.66666666666666
2020-11-29T19:00:00,N,N4,104.10437402443569
2020-11-29T20:00:00,N,N4,104.63955379552384
2020-11-29T21:00:00,N,N4,97.82751658850144
2020-11-29T22:00:00,N,N4,91.68833287022684
2020-11-29T23:00:00,N,N4,84.9006904891283
2020-11-30T00:00:00,N,N4,78.06685132622685
2020-11-30T01:00:00,N,N4,72.40751695590376
2020-11-30T02:00:00,N,N4,69.82202845017478
2020-11-30T03:00:00,N,N4,66.7827533867022
2020-11-30T04:00:00,N,N4,65.94896001038929
2020-11-30T05:00:00,N,N4,62.29601805558162
2020-11-30T06:00:00,N,N4,67.12920979208529
2020-11-30T07:00:00,N,N4,69.80751685756488
2020-11-30T08:00:00,N,N4,77.89102802356145
2020-11-30T09:00:00,N,N4,78.84301718849916
2020-11-30T10:00:00,N,N4,83.70111986048296
2020-11-30T11:00:00,N,N4,89.81008092837642
2020-11-30T12:00:00,N,N4,86.98207568277094
2020-11-30T13:00:00,N,N4,84.95636165768353
2020-11-30T14:00:00,N,N4,88.52104982575274
2020-11-30T15:00:00,N,N4,86.82178803899957
2020-11-30T16:00:00,N,N4,84.00740151973996
2020-11-30T17:00:00,N,N4,85.38103109177337
2020-11-30T18:00:00,N,N4,85.7583372110842
2020-11-30T19:00:00,N,N4,103.41554979250547
2020-11-30T20:00:00,N,N4,98.446626106809
2020-11-30T21:00:00,N,N4,83.463900857807
2020-11-30T22:00:00,N,N4,78.12580600875425
2020-11-30T23:00:00,N,N4,69.13661146492858
2020-12-01T00:00:00,N,N4,65.04743503383334
2020-12-01T01:00:00,N,N4,62.116165218671405
2020-12-01T02:00:00,N,N4,58.91917654944035
2020-12-01T03:00:00,N,N4,58.5795981033977
2020-12-01T04:00:00,N,N4,55.092209892671406
2020-12-01T05:00:00,N,N4,55.39796402568263
2020-12-01T06:00:00,N,N4,65.07033415476135
2020-12-01T07:00:00,N,N4,69.01075634041239
2020-12-01T08:00:00,N,N4,81.31872394265329
2020-12-01T09:00:00,N,N4,84.2377468794906
2020-12-01T10:00:00,N,N4,89.01029133531087
2020-12-01T11:00:00,N,N4,98.3766584887784
2020-12-01T12:00:00,N,N4,83.72056975060825
2020-12-01T13:00:00,N,N4,82.79660783432956
2020-12-01T14:00:00,N,N4,91.0
2020-12-01T15:00:00,N,N4,87.66666666666664
2020-12-01T16:00:00,N,N4,85.33333333333333
2020-12-01T17:00:00,N,N4,78.00000000000001
2020-12-01T18:00:00,N,N4,78.00000000000001
2020-12-01T19:00:00,N,N4,93.0
2020-12-01T20:00:00,N,N4,99.66666666666669
2020-12-01T21:00:00,N,N4,83.0
2020-12-01T22:00:00,N,N4,78.00000000000001
2020-12-01T23:00:00,N,N4,65.84855000189091
2020-12-02T00:00:00,N,N4,62.00000000000001
2020-12-02T01:00:00,N,N4,59.33333333333332
2020-12-02T02:00:00,N,N4,56.333333333333314
2020-12-02T03:00:00,N,N4,54.99999999999998
2020-12-02T04:00:00,N,N4,51.99999999999998
2020-12-02T05:00:00,N,N4,51.99999999999998
2020-12-02T06:00:00,N,N4,65.66666666666666
2020-12-02T07:00:00,N,N4,67.00000000000001
2020-12-02T08:00:00,N,N4,80.0
2020-12-02T09:00:00,N,N4,81.00000000000001
2020-12-02T10:00:00,N,N4,85.66666666666669
2020-12-02T11:00:00,N,N4,97.66666666666669
2020-12-02T12:00:00,N,N4,88.66666666666669
2020-12-02T13:00:00,N,N4,90.0
2020-12-02T14:00:00,N,N4,95.0
2020-12-02T15:00:00,N,N4,90.6666666666667
2020-12-02T16:00:00,N,N4,89.33333333333333
2020-12-02T17:00:00,N,N4,87.33333333333336
2020-12-02T18:00:00,N,N4,87.33333333333331
2020-12-02T19:00:00,N,N4,96.00000000000004
2020-12-02T20:00:00,N,N4,104.33333333333331
2020-12-02T21:00:00,N,N4,84.99999999999999
2020-12-02T22:00:00,N,N4,78.66666666666669
2020-12-02T23:00:00,N,N4,70.33333333333333
2020-12-03T00:00:00,N,N4,65.66666666666666
2020-12-03T01:00:00,N,N4,78.99999999999999
2020-12-03T02:00:00,N,N4,76.49999999999999
2020-12-03T03:00:00,N,N4,69.49999999999999
2020-12-03T04:00:00,N,N4,69.49999999999999
2020-12-03T05:00:00,N,N4,71.99999999999997
2020-12-03T06:00:00,N,N4,84.0
2020-12-03T07:00:00,N,N4,89.49999999999999
2020-12-03T08:00:00,N,N4,99.5
2020-12-03T09:00:00,N,N4,101.00000000000004
2020-12-03T10:00:00,N,N4,105.50000000000004
2020-12-03T11:00:00,N,N4,116.5
2020-12-03T12:00:00,N,N4,101.99999999999996
2020-12-03T13:00:00,N,N4,98.0
2020-12-03T14:00:00,N,N4,107.5
2020-12-03T15:00:00,N,N4,105.5
2020-12-03T16:00:00,N,N4,102.5
2020-12-03T17:00:00,N,N4,108.0
2020-12-03T18:00:00,N,N4,107.00000000000004
2020-12-03T19:00:00,N,N4,117.49999999999996
2020-12-03T20:00:00,N,N4,116.0
2020-12-03T21:00:00,N,N4,105.49999999999996
2020-12-03T22:00:00,N,N4,98.00000000000004
2020-12-03T23:00:00,N,N4,85.50000000000003
2020-12-04T00:00:00,N,N4,80.0
2020-12-04T01:00:00,N,N4,76.0
2020-12-04T02:00:00,N,N4,74.0
2020-12-04T03:00:00,N,N4,69.0
2020-12-04T04:00:00,N,N4,69.0
2020-12-04T05:00:00,N,N4,71.5
2020-12-04T06:00:00,N,N4,82.99999999999997
2020-12-04T07:00:00,N,N4,91.0
2020-12-04T08:00:00,N,N4,100.5
2020-12-04T09:00:00,N,N4,102.0
2020-12-04T10:00:00,N,N4,110.0
2020-12-04T11:00:00,N,N4,115.0
2020-12-04T12:00:00,N,N4,100.0
2020-12-04T13:00:00,N,N4,102.00000000000004
2020-12-04T14:00:00,N,N4,109.5
2020-12-04T15:00:00,N,N4,101.5
2020-12-04T16:00:00,N,N4,102.5
2020-12-04T17:00:00,N,N4,100.00000000000004
2020-12-04T18:00:00,N,N4,103.50000000000004
2020-12-04T19:00:00,N,N4,123.99999999999996
2020-12-04T20:00:00,N,N4,118.50000000000004
2020-12-04T21:00:00,N,N4,105.5
2020-12-04T22:00:00,N,N4,95.0
2020-12-04T23:00:00,N,N4,83.5
2020-12-05T00:00:00,N,N4,81.00000000000003
2020-12-05T01:00:00,N,N4,74.0
2020-12-05T02:00:00,N,N4,70.00000000000003
2020-12-05T03:00:00,N,N4,70.00000000000003
2020-12-05T04:00:00,N,N4,70.00000000000003
2020-12-05T05:00:00,N,N4,70.00000000000003
2020-12-05T06:00:00,N,N4,75.0
2020-12-05T07:00:00,N,N4,90.5
2020-12-05T08:00:00,N,N4,92.00000000000004
2020-12-05T09:00:00,N,N4,92.5
2020-12-05T10:00:00,N,N4,101.49999999999996
2020-12-05T11:00:00,N,N4,110.50000000000004
2020-12-05T12:00:00,N,N4,104.5
2020-12-05T13:00:00,N,N4,105.0
2020-12-05T14:00:00,N,N4,101.50000000000004
2020-12-05T15:00:00,N,N4,95.00000000000004
2020-12-05T16:00:00,N,N4,91.0
2020-12-05T17:00:00,N,N4,91.0
2020-12-05T18:00:00,N,N4,97.0
2020-12-05T19:00:00,N,N4,113.50000000000004
2020-12-05T20:00:00,N,N4,113.50000000000004
2020-12-05T21:00:00,N,N4,102.5
2020-12-05T22:00:00,N,N4,92.5
2020-12-05T23:00:00,N,N4,85.0
2020-12-06T00:00:00,N,N4,80.59758133527627
2020-12-06T01:00:00,N,N4,76.0001695818653
2020-12-06T02:00:00,N,N4,70.0370623385441
2020-12-06T03:00:00,N,N4,68.93775799864754
2020-12-06T04:00:00,N,N4,68.1817493004662
2020-12-06T05:00:00,N,N4,68.26896196982972
2020-12-06T06:00:00,N,N4,75.21788586017271
2020-12-06T07:00:00,N,N4,78.31469639800525
2020-12-06T08:00:00,N,N4,88.0
2020-12-06T09:00:00,N,N4,93.0
2020-12-06T10:00:00,N,N4,83.49999999999997
2020-12-06T11:00:00,N,N4,86.77083990105504
2020-12-06T12:00:00,N,N4,79.5
2020-12-06T13:00:00,N,N4,84.49999999999997
2020-12-06T14:00:00,N,N4,82.50000000000001
2020-12-06T15:00:00,N,N4,80.5
2020-12-06T16:00:00,N,N4,78.0
2020-12-06T17:00:00,N,N4,78.0
2020-12-06T18:00:00,N,N4,83.5
2020-12-06T19:00:00,N,N4,103.15656103665351
2020-12-06T20:00:00,N,N4,100.45933069328578
2020-12-06T21:00:00,N,N4,94.74127488275217
2020-12-06T22:00:00,N,N4,90.53249930534024
2020-12-06T23:00:00,N,N4,82.85103573369243
2020-12-07T00:00:00,N,N4,77.60027698934027
2020-12-07T01:00:00,N,N4,71.61127543385565
2020-12-07T02:00:00,N,N4,69.23304267526217
2020-12-07T03:00:00,N,N4,67.1741300800533
2020-12-07T04:00:00,N,N4,66.92344001558394
2020-12-07T05:00:00,N,N4,61.44402708337243
2020-12-07T06:00:00,N,N4,63.69381468812793
2020-12-07T07:00:00,N,N4,63.7112752863473
2020-12-07T08:00:00,N,N4,68.33654203534219
2020-12-07T09:00:00,N,N4,66.76452578274876
2020-12-07T10:00:00,N,N4,71.55167979072446
2020-12-07T11:00:00,N,N4,73.71512139256461
2020-12-07T12:00:00,N,N4,74.97311352415639
2020-12-07T13:00:00,N,N4,69.93454248652533
2020-12-07T14:00:00,N,N4,68.78157473862912
2020-12-07T15:00:00,N,N4,69.23268205849935
2020-12-07T16:00:00,N,N4,65.51110227960996
2020-12-07T17:00:00,N,N4,68.57154663766002
2020-12-07T18:00:00,N,N4,73.13750581662627
2020-12-07T19:00:00,N,N4,86.12332468875822
2020-12-07T20:00:00,N,N4,81.16993916021353
2020-12-07T21:00:00,N,N4,68.69585128671054
2020-12-07T22:00:00,N,N4,64.18870901313139
2020-12-07T23:00:00,N,N4,57.20491719739285
2020-12-08T00:00:00,N,N4,53.57115255075
2020-12-08T01:00:00,N,N4,52.674247828007125
2020-12-08T02:00:00,N,N4,50.37876482416055
2020-12-08T03:00:00,N,N4,49.86939715509656
2020-12-08T04:00:00,N,N4,48.63831483900712
2020-12-08T05:00:00,N,N4,49.09694603852396
2020-12-08T06:00:00,N,N4,55.60550123214202
2020-12-08T07:00:00,N,N4,58.51613451061857
2020-12-08T08:00:00,N,N4,68.47808591397995
2020-12-08T09:00:00,N,N4,68.3566203192359
2020-12-08T10:00:00,N,N4,74.01543700296628
2020-12-08T11:00:00,N,N4,79.06498773316758
2020-12-08T12:00:00,N,N4,66.08085462591235
2020-12-08T13:00:00,N,N4,63.19491175149434
2020-12-08T14:00:00,N,N4,67.99999999999999
2020-12-08T15:00:00,N,N4,65.99999999999999
2020-12-08T16:00:00,N,N4,67.50000000000001
2020-12-08T17:00:00,N,N4,68.00000000000001
2020-12-08T18:00:00,N,N4,71.50000000000003
2020-12-08T19:00:00,N,N4,80.00000000000001
2020-12-08T20:00:00,N,N4,86.50000000000001
2020-12-08T21:00:00,N,N4,71.50000000000001
2020-12-08T22:00:00,N,N4,66.5
2020-12-08T23:00:00,N,N4,53.5
2020-12-09T00:00:00,N,N4,51.50000000000001
2020-12-09T01:00:00,N,N4,48.5
2020-12-09T02:00:00,N,N4,46.49999999999999
2020-12-09T03:00:00,N,N4,44.49999999999999
2020-12-09T04:00:00,N,N4,43.99999999999999
2020-12-09T05:00:00,N,N4,43.99999999999999
2020-12-09T06:00:00,N,N4,55.0
2020-12-09T07:00:00,N,N4,56.500000000000014
2020-12-09T08:00:00,N,N4,66.00000000000001
2020-12-09T09:00:00,N,N4,66.0
2020-12-09T10:00:00,N,N4,69.50000000000001
2020-12-09T11:00:00,N,N4,77.50000000000001
2020-12-09T12:00:00,N,N4,71.50000000000001
2020-12-09T13:00:00,N,N4,67.5
2020-12-09T14:00:00,N,N4,73.99999999999999
2020-12-09T15:00:00,N,N4,76.50000000000003
2020-12-09T16:00:00,N,N4,74.49999999999997
2020-12-09T17:00:00,N,N4,71.50000000000001
2020-12-09T18:00:00,N,N4,74.49999999999999
2020-12-09T19:00:00,N,N4,82.50000000000003
2020-12-09T20:00:00,N,N4,93.5
2020-12-09T21:00:00,N,N4,74.49999999999999
2020-12-09T22:00:00,N,N4,67.50000000000001
2020-12-09T23:00:00,N,N4,61.5
2020-12-10T00:00:00,N,N4,54.49999999999999
2020-12-10T01:00:00,N,N4,77.0
2020-12-10T02:00:00,N,N4,77.0
2020-12-10T03:00:00,N,N4,63.00000000000001
2020-12-10T04:00:00,N,N4,63.00000000000001
2020-12-10T05:00:00,N,N4,67.99999999999997
2020-12-10T06:00:00,N,N4,78.00000000000001
2020-12-10T07:00:00,N,N4,80.99999999999997
2020-12-10T08:00:00,N,N4,89.00000000000003
2020-12-10T09:00:00,N,N4,91.0
2020-12-10T10:00:00,N,N4,89.00000000000003
2020-12-10T11:00:00,N,N4,102.00000000000004
2020-12-10T12:00:00,N,N4,86.99999999999997
2020-12-10T13:00:00,N,N4,79.0
2020-12-10T14:00:00,N,N4,89.99999999999999
2020-12-10T15:00:00,N,N4,88.0
2020-12-10T16:00:00,N,N4,86.99999999999997
2020-12-10T17:00:00,N,N4,95.0
2020-12-10T18:00:00,N,N4,99.00000000000004
2020-12-10T19:00:00,N,N4,105.0
2020-12-10T20:00:00,N,N4,101.00000000000004
2020-12-10T21:00:00,N,N4,86.99999999999997
2020-12-10T22:00:00,N,N4,82.00000000000003
2020-12-10T23:00:00,N,N4,70.00000000000001
2020-12-11T00:00:00,N,N4,65.99999999999999
2020-12-11T01:00:00,N,N4,60.000000000000014
2020-12-11T02:00:00,N,N4,58.99999999999999
2020-12-11T03:00:00,N,N4,58.99999999999999
2020-12-11T04:00:00,N,N4,58.99999999999999
2020-12-11T05:00:00,N,N4,58.99999999999999
2020-12-11T06:00:00,N,N4,75.99999999999997
2020-12-11T07:00:00,N,N4,80.0
2020-12-11T08:00:00,N,N4,84.99999999999999
2020-12-11T09:00:00,N,N4,94.00000000000004
2020-12-11T10:00:00,N,N4,100.0
2020-12-11T11:00:00,N,N4,109.00000000000004
2020-12-11T12:00:00,N,N4,84.99999999999999
2020-12-11T13:00:00,N,N4,86.00000000000001
2020-12-11T14:00:00,N,N4,91.0
2020-12-11T15:00:00,N,N4,86.00000000000001
2020-12-11T16:00:00,N,N4,88.0
2020-12-11T17:00:00,N,N4,89.00000000000003
2020-12-11T18:00:00,N,N4,96.0
2020-12-11T19:00:00,N,N4,117.0
2020-12-11T20:00:00,N,N4,111.00000000000004
2020-12-11T21:00:00,N,N4,91.99999999999996
2020-12-11T22:00:00,N,N4,75.99999999999997
2020-12-11T23:00:00,N,N4,67.99999999999997
2020-12-12T00:00:00,N,N4,
2020-12-12T01:00:00,N,N4,
2020-12-12T02:00:00,N,N4,
2020-12-12T03:00:00,N,N4,
2020-12-12T04:00:00,N,N4,
2020-12-12T05:00:00,N,N4,
2020-12-12T06:00:00,N,N4,
2020-12-12T07:00:00,N,N4,
2020-12-12T08:00:00,N,N4,
2020-12-12T09:00:00,N,N4,
2020-12-12T10:00:00,N,N4,
2020-12-12T11:00:00,N,N4,
2020-12-12T12:00:00,N,N4,
2020-12-12T13:00:00,N,N4,
2020-12-12T14:00:00,N,N4,
2020-12-12T15:00:00,N,N4,
2020-12-12T16:00:00,N,N4,
2020-12-12T17:00:00,N,N4,
2020-12-12T18:00:00,N,N4,
2020-12-12T19:00:00,N,N4,
2020-12-12T20:00:00,N,N4,
2020-12-12T21:00:00,N,N4,
2020-12-12T22:00:00,N,N4,
2020-12-12T23:00:00,N,N4,
2020-12-13T00:00:00,N,N4,
2020-12-13T01:00:00,N,N4,
2020-12-13T02:00:00,N,N4,
2020-12-13T03:00:00,N,N4,
2020-12-13T04:00:00,N,N4,
2020-12-13T05:00:00,N,N4,
2020-12-13T06:00:00,N,N4,
2020-12-13T07:00:00,N,N4,
2020-12-13T08:00:00,N,N4,
2020-12-13T09:00:00,N,N4,
2020-12-13T10:00:00,N,N4,
2020-12-13T11:00:00,N,N4,
2020-12-13T12:00:00,N,N4,
2020-12-13T13:00:00,N,N4,
2020-12-13T14:00:00,N,N4,
2020-12-13T15:00:00,N,N4,
2020-12-13T16:00:00,N,N4,
2020-12-13T17:00:00,N,N4,
2020-12-13T18:00:00,N,N4,
2020-12-13T19:00:00,N,N4,
2020-12-13T20:00:00,N,N4,
2020-12-13T21:00:00,N,N4,
2020-12-13T22:00:00,N,N4,
2020-12-13T23:00:00,N,N4,
2020-12-14T00:00:00,N,N4,54.20055397868051
2020-12-14T01:00:00,N,N4,52.2225508677113
2020-12-14T02:00:00,N,N4,50.46608535052432
2020-12-14T03:00:00,N,N4,49.34826016010661
2020-12-14T04:00:00,N,N4,48.84688003116788
2020-12-14T05:00:00,N,N4,49.88805416674486
2020-12-14T06:00:00,N,N4,54.38762937625585
2020-12-14T07:00:00,N,N4,56.422550572694576
2020-12-14T08:00:00,N,N4,59.673084070684375
2020-12-14T09:00:00,N,N4,60.52905156549754
2020-12-14T10:00:00,N,N4,63.10335958144893
2020-12-14T11:00:00,N,N4,65.43024278512921
2020-12-14T12:00:00,N,N4,59.94622704831281
2020-12-14T13:00:00,N,N4,56.86908497305064
2020-12-14T14:00:00,N,N4,57.56314947725824
2020-12-14T15:00:00,N,N4,56.46536411699867
2020-12-14T16:00:00,N,N4,56.02220455921987
2020-12-14T17:00:00,N,N4,57.14309327532005
2020-12-14T18:00:00,N,N4,59.27501163325258
2020-12-14T19:00:00,N,N4,63.24664937751641
2020-12-14T20:00:00,N,N4,58.339878320427054
2020-12-14T21:00:00,N,N4,53.39170257342103
2020-12-14T22:00:00,N,N4,49.37741802626277
2020-12-14T23:00:00,N,N4,45.40983439478569
2020-12-15T00:00:00,N,N4,43.14230510150001
2020-12-15T01:00:00,N,N4,41.34849565601426
2020-12-15T02:00:00,N,N4,39.75752964832111
2020-12-15T03:00:00,N,N4,38.738794310193136
2020-12-15T04:00:00,N,N4,38.27662967801426
2020-12-15T05:00:00,N,N4,39.193892077047934
2020-12-15T06:00:00,N,N4,43.21100246428406
2020-12-15T07:00:00,N,N4,45.03226902123714
2020-12-15T08:00:00,N,N4,47.95617182795987
2020-12-15T09:00:00,N,N4,48.71324063847182
2020-12-15T10:00:00,N,N4,51.03087400593256
2020-12-15T11:00:00,N,N4,53.12997546633519
2020-12-15T12:00:00,N,N4,48.16170925182467
2020-12-15T13:00:00,N,N4,45.38982350298871
2020-12-15T14:00:00,N,N4,45.99999999999999
2020-12-15T15:00:00,N,N4,43.99999999999998
2020-12-15T16:00:00,N,N4,45.99999999999999
2020-12-15T17:00:00,N,N4,43.00000000000001
2020-12-15T18:00:00,N,N4,42.00000000000001
2020-12-15T19:00:00,N,N4,44.99999999999999
2020-12-15T20:00:00,N,N4,58.00000000000001
2020-12-15T21:00:00,N,N4,49.00000000000001
2020-12-15T22:00:00,N,N4,43.99999999999998
2020-12-15T23:00:00,N,N4,37.99999999999999
2020-12-16T00:00:00,N,N4,34.0
2020-12-16T01:00:00,N,N4,33.0
2020-12-16T02:00:00,N,N4,32.0
2020-12-16T03:00:00,N,N4,30.000000000000004
2020-12-16T04:00:00,N,N4,29.0
2020-12-16T05:00:00,N,N4,29.0
2020-12-16T06:00:00,N,N4,33.0
2020-12-16T07:00:00,N,N4,35.00000000000001
2020-12-16T08:00:00,N,N4,37.99999999999999
2020-12-16T09:00:00,N,N4,38.99999999999998
2020-12-16T10:00:00,N,N4,39.99999999999999
2020-12-16T11:00:00,N,N4,45.99999999999999
2020-12-16T12:00:00,N,N4,43.99999999999998
2020-12-16T13:00:00,N,N4,39.99999999999999
2020-12-16T14:00:00,N,N4,42.00000000000001
2020-12-16T15:00:00,N,N4,42.00000000000001
2020-12-16T16:00:00,N,N4,41.0
2020-12-16T17:00:00,N,N4,39.99999999999999
2020-12-16T18:00:00,N,N4,43.00000000000001
2020-12-16T19:00:00,N,N4,54.00000000000001
2020-12-16T20:00:00,N,N4,54.00000000000001
2020-12-16T21:00:00,N,N4,43.00000000000001
2020-12-16T22:00:00,N,N4,42.00000000000001
2020-12-16T23:00:00,N,N4,35.00000000000001
2020-12-17T00:00:00,N,N4,
2020-12-17T01:00:00,N,N4,
2020-12-17T02:00:00,N,N4,
2020-12-17T03:00:00,N,N4,
2020-12-17T04:00:00,N,N4,
2020-12-17T05:00:00,N,N4,
2020-12-17T06:00:00,N,N4,
2020-12-17T07:00:00,N,N4,
2020-12-17T08:00:00,N,N4,
2020-12-17T09:00:00,N,N4,
2020-12-17T10:00:00,N,N4,
2020-12-17T11:00:00,N,N4,
2020-12-17T12:00:00,N,N4,
2020-12-17T13:00:00,N,N4,
2020-12-17T14:00:00,N,N4,
2020-12-17T15:00:00,N,N4,
2020-12-17T16:00:00,N,N4,
2020-12-17T17:00:00,N,N4,
2020-12-17T18:00:00,N,N4,
2020-12-17T19:00:00,N,N4,
2020-12-17T20:00:00,N,N4,
2020-12-17T21:00:00,N,N4,
2020-12-17T22:00:00,N,N4,
2020-12-17T23:00:00,N,N4,
2020-12-18T00:00:00,N,N4,
2020-12-18T01:00:00,N,N4,
2020-12-18T02:00:00,N,N4,
2020-12-18T03:00:00,N,N4,
2020-12-18T04:00:00,N,N4,
2020-12-18T05:00:00,N,N4,
2020-12-18T06:00:00,N,N4,
2020-12-18T07:00:00,N,N4,
2020-12-18T08:00:00,N,N4,
2020-12-18T09:00:00,N,N4,
2020-12-18T10:00:00,N,N4,
2020-12-18T11:00:00,N,N4,
2020-12-18T12:00:00,N,N4,
2020-12-18T13:00:00,N,N4,
2020-12-18T14:00:00,N,N4,
2020-12-18T15:00:00,N,N4,
2020-12-18T16:00:00,N,N4,
2020-12-18T17:00:00,N,N4,
2020-12-18T18:00:00,N,N4,
2020-12-18T19:00:00,N,N4,
2020-12-18T20:00:00,N,N4,
2020-12-18T21:00:00,N,N4,
2020-12-18T22:00:00,N,N4,
2020-12-18T23:00:00,N,N4,
2020-12-19T00:00:00,N,N4,
2020-12-19T01:00:00,N,N4,
2020-12-19T02:00:00,N,N4,
2020-12-19T03:00:00,N,N4,
2020-12-19T04:00:00,N,N4,
2020-12-19T05:00:00,N,N4,
2020-12-19T06:00:00,N,N4,
2020-12-19T07:00:00,N,N4,
2020-12-19T08:00:00,N,N4,
2020-12-19T09:00:00,N,N4,
2020-12-19T10:00:00,N,N4,
2020-12-19T11:00:00,N,N4,
2020-12-19T12:00:00,N,N4,
2020-12-19T13:00:00,N,N4,
2020-12-19T14:00:00,N,N4,
2020-12-19T15:00:00,N,N4,
2020-12-19T16:00:00,N,N4,
2020-12-19T17:00:00,N,N4,
2020-12-19T18:00:00,N,N4,
2020-12-19T19:00:00,N,N4,
2020-12-19T20:00:00,N,N4,
2020-12-19T21:00:00,N,N4,
2020-12-19T22:00:00,N,N4,
2020-12-19T23:00:00,N,N4,
2020-12-20T00:00:00,N,N4,
2020-12-20T01:00:00,N,N4,
2020-12-20T02:00:00,N,N4,
2020-12-20T03:00:00,N,N4,
2020-12-20T04:00:00,N,N4,
2020-12-20T05:00:00,N,N4,
2020-12-20T06:00:00,N,N4,
2020-12-20T07:00:00,N,N4,
2020-12-20T08:00:00,N,N4,
2020-12-20T09:00:00,N,N4,
2020-12-20T10:00:00,N,N4,
2020-12-20T11:00:00,N,N4,
2020-12-20T12:00:00,N,N4,
2020-12-20T13:00:00,N,N4,
2020-12-20T14:00:00,N,N4,
2020-12-20T15:00:00,N,N4,
2020-12-20T16:00:00,N,N4,
2020-12-20T17:00:00,N,N4,
2020-12-20T18:00:00,N,N4,
2020-12-20T19:00:00,N,N4,
2020-12-20T20:00:00,N,N4,
2020-12-20T21:00:00,N,N4,
2020-12-20T22:00:00,N,N4,
2020-12-20T23:00:00,N,N4,
2020-12-21T00:00:00,N,N4,
2020-12-21T01:00:00,N,N4,
2020-12-21T02:00:00,N,N4,
2020-12-21T03:00:00,N,N4,
2020-12-21T04:00:00,N,N4,
2020-12-21T05:00:00,N,N4,
2020-12-21T06:00:00,N,N4,
2020-12-21T07:00:00,N,N4,
2020-12-21T08:00:00,N,N4,
2020-12-21T09:00:00,N,N4,
2020-12-21T10:00:00,N,N4,
2020-12-21T11:00:00,N,N4,
2020-12-21T12:00:00,N,N4,
2020-12-21T13:00:00,N,N4,
2020-12-21T14:00:00,N,N4,
2020-12-21T15:00:00,N,N4,
2020-12-21T16:00:00,N,N4,
2020-12-21T17:00:00,N,N4,
2020-12-21T18:00:00,N,N4,
2020-12-21T19:00:00,N,N4,
2020-12-21T20:00:00,N,N4,
2020-12-21T21:00:00,N,N4,
2020-12-21T22:00:00,N,N4,
2020-12-21T23:00:00,N,N4,
2020-12-22T00:00:00,N,N4,
2020-12-22T01:00:00,N,N4,
2020-12-22T02:00:00,N,N4,
2020-12-22T03:00:00,N,N4,
2020-12-22T04:00:00,N,N4,
2020-12-22T05:00:00,N,N4,
2020-12-22T06:00:00,N,N4,
2020-12-22T07:00:00,N,N4,
2020-12-22T08:00:00,N,N4,
2020-12-22T09:00:00,N,N4,
2020-12-22T10:00:00,N,N4,
2020-12-22T11:00:00,N,N4,
2020-12-22T12:00:00,N,N4,
2020-12-22T13:00:00,N,N4,
2020-12-22T14:00:00,N,N4,
2020-12-22T15:00:00,N,N4,
2020-12-22T16:00:00,N,N4,
2020-12-22T17:00:00,N,N4,
2020-12-22T18:00:00,N,N4,
2020-12-22T19:00:00,N,N4,
2020-12-22T20:00:00,N,N4,
2020-12-22T21:00:00,N,N4,
2020-12-22T22:00:00,N,N4,
2020-12-22T23:00:00,N,N4,
2020-12-23T00:00:00,N,N4,
2020-12-23T01:00:00,N,N4,
2020-12-23T02:00:00,N,N4,
2020-12-23T03:00:00,N,N4,
2020-12-23T04:00:00,N,N4,
2020-12-23T05:00:00,N,N4,
2020-12-23T06:00:00,N,N4,
2020-12-23T07:00:00,N,N4,
2020-12-23T08:00:00,N,N4,
2020-12-23T09:00:00,N,N4,
2020-12-23T10:00:00,N,N4,
2020-12-23T11:00:00,N,N4,
2020-12-23T12:00:00,N,N4,
2020-12-23T13:00:00,N,N4,
2020-12-23T14:00:00,N,N4,
2020-12-23T15:00:00,N,N4,
2020-12-23T16:00:00,N,N4,
2020-12-23T17:00:00,N,N4,
2020-12-23T18:00:00,N,N4,
2020-12-23T19:00:00,N,N4,
2020-12-23T20:00:00,N,N4,
2020-12-23T21:00:00,N,N4,
2020-12-23T22:00:00,N,N4,
2020-12-23T23:00:00,N,N4,
2020-12-24T00:00:00,N,N4,
2020-12-24T01:00:00,N,N4,
2020-12-24T02:00:00,N,N4,
2020-12-24T03:00:00,N,N4,
2020-12-24T04:00:00,N,N4,
2020-12-24T05:00:00,N,N4,
2020-12-24T06:00:00,N,N4,
2020-12-24T07:00:00,N,N4,
2020-12-24T08:00:00,N,N4,
2020-12-24T09:00:00,N,N4,
2020-12-24T10:00:00,N,N4,
2020-12-24T11:00:00,N,N4,
2020-12-24T12:00:00,N,N4,
2020-12-24T13:00:00,N,N4,
2020-12-24T14:00:00,N,N4,
2020-12-24T15:00:00,N,N4,
2020-12-24T16:00:00,N,N4,
2020-12-24T17:00:00,N,N4,
2020-12-24T18:00:00,N,N4,
2020-12-24T19:00:00,N,N4,
2020-12-24T20:00:00,N,N4,
2020-12-24T21:00:00,N,N4,
2020-12-24T22:00:00,N,N4,
2020-12-24T23:00:00,N,N4,
2020-12-25T00:00:00,N,N4,
2020-12-25T01:00:00,N,N4,
2020-12-25T02:00:00,N,N4,
2020-12-25T03:00:00,N,N4,
2020-12-25T04:00:00,N,N4,
2020-12-25T05:00:00,N,N4,
2020-12-25T06:00:00,N,N4,
2020-12-25T07:00:00,N,N4,
2020-12-25T08:00:00,N,N4,
2020-12-25T09:00:00,N,N4,
2020-12-25T10:00:00,N,N4,
2020-12-25T11:00:00,N,N4,
2020-12-25T12:00:00,N,N4,
2020-12-25T13:00:00,N,N4,
2020-12-25T14:00:00,N,N4,
2020-12-25T15:00:00,N,N4,
2020-12-25T16:00:00,N,N4,
2020-12-25T17:00:00,N,N4,
2020-12-25T18:00:00,N,N4,
2020-12-25T19:00:00,N,N4,
2020-12-25T20:00:00,N,N4,
2020-12-25T21:00:00,N,N4,
2020-12-25T22:00:00,N,N4,
2020-12-25T23:00:00,N,N4,
2020-12-26T00:00:00,N,N4,
2020-12-26T01:00:00,N,N4,
2020-12-26T02:00:00,N,N4,
2020-12-26T03:00:00,N,N4,
2020-12-26T04:00:00,N,N4,
2020-12-26T05:00:00,N,N4,
2020-12-26T06:00:00,N,N4,
2020-12-26T07:00:00,N,N4,
2020-12-26T08:00:00,N,N4,
2020-12-26T09:00:00,N,N4,
2020-12-26T10:00:00,N,N4,
2020-12-26T11:00:00,N,N4,
2020-12-26T12:00:00,N,N4,
2020-12-26T13:00:00,N,N4,
2020-12-26T14:00:00,N,N4,
2020-12-26T15:00:00,N,N4,
2020-12-26T16:00:00,N,N4,
2020-12-26T17:00:00,N,N4,
2020-12-26T18:00:00,N,N4,
2020-12-26T19:00:00,N,N4,
2020-12-26T20:00:00,N,N4,
2020-12-26T21:00:00,N,N4,
2020-12-26T22:00:00,N,N4,
2020-12-26T23:00:00,N,N4,
2020-12-27T00:00:00,N,N4,
2020-12-27T01:00:00,N,N4,
2020-12-27T02:00:00,N,N4,
2020-12-27T03:00:00,N,N4,
2020-12-27T04:00:00,N,N4,
2020-12-27T05:00:00,N,N4,
2020-12-27T06:00:00,N,N4,
2020-12-27T07:00:00,N,N4,
2020-12-27T08:00:00,N,N4,
2020-12-27T09:00:00,N,N4,
2020-12-27T10:00:00,N,N4,
2020-12-27T11:00:00,N,N4,
2020-12-27T12:00:00,N,N4,
2020-12-27T13:00:00,N,N4,
2020-12-27T14:00:00,N,N4,
2020-12-27T15:00:00,N,N4,
2020-12-27T16:00:00,N,N4,
2020-12-27T17:00:00,N,N4,
2020-12-27T18:00:00,N,N4,
2020-12-27T19:00:00,N,N4,
2020-12-27T20:00:00,N,N4,
2020-12-27T21:00:00,N,N4,
2020-12-27T22:00:00,N,N4,
2020-12-27T23:00:00,N,N4,
2020-12-28T00:00:00,N,N4,
2020-12-28T01:00:00,N,N4,
2020-12-28T02:00:00,N,N4,
2020-12-28T03:00:00,N,N4,
2020-12-28T04:00:00,N,N4,
2020-12-28T05:00:00,N,N4,
2020-12-28T06:00:00,N,N4,
2020-12-28T07:00:00,N,N4,
2020-12-28T08:00:00,N,N4,
2020-12-28T09:00:00,N,N4,
2020-12-28T10:00:00,N,N4,
2020-12-28T11:00:00,N,N4,
2020-12-28T12:00:00,N,N4,
2020-12-28T13:00:00,N,N4,
2020-12-28T14:00:00,N,N4,
2020-12-28T15:00:00,N,N4,
2020-12-28T16:00:00,N,N4,
2020-12-28T17:00:00,N,N4,
2020-12-28T18:00:00,N,N4,
2020-12-28T19:00:00,N,N4,
2020-12-28T20:00:00,N,N4,
2020-12-28T21:00:00,N,N4,
2020-12-28T22:00:00,N,N4,
2020-12-28T23:00:00,N,N4,
2020-12-29T00:00:00,N,N4,
2020-12-29T01:00:00,N,N4,
2020-12-29T02:00:00,N,N4,
2020-12-29T03:00:00,N,N4,
2020-12-29T04:00:00,N,N4,
2020-12-29T05:00:00,N,N4,
2020-12-29T06:00:00,N,N4,
2020-12-29T07:00:00,N,N4,
2020-12-29T08:00:00,N,N4,
2020-12-29T09:00:00,N,N4,
2020-12-29T10:00:00,N,N4,
2020-12-29T11:00:00,N,N4,
2020-12-29T12:00:00,N,N4,
2020-12-29T13:00:00,N,N4,
2020-12-29T14:00:00,N,N4,
2020-12-29T15:00:00,N,N4,
2020-12-29T16:00:00,N,N4,
2020-12-29T17:00:00,N,N4,
2020-12-29T18:00:00,N,N4,
2020-12-29T19:00:00,N,N4,
2020-12-29T20:00:00,N,N4,
2020-12-29T21:00:00,N,N4,
2020-12-29T22:00:00,N,N4,
2020-12-29T23:00:00,N,N4,
2020-12-30T00:00:00,N,N4,
2020-12-30T01:00:00,N,N4,
2020-12-30T02:00:00,N,N4,
2020-12-30T03:00:00,N,N4,
2020-12-30T04:00:00,N,N4,
2020-12-30T05:00:00,N,N4,
2020-12-30T06:00:00,N,N4,
2020-12-30T07:00:00,N,N4,
2020-12-30T08:00:00,N,N4,
2020-12-30T09:00:00,N,N4,
2020-12-30T10:00:00,N,N4,
2020-12-30T11:00:00,N,N4,
2020-12-30T12:00:00,N,N4,
2020-12-30T13:00:00,N,N4,
2020-12-30T14:00:00,N,N4,
2020-12-30T15:00:00,N,N4,
2020-12-30T16:00:00,N,N4,
2020-12-30T17:00:00,N,N4,
2020-12-30T18:00:00,N,N4,
2020-12-30T19:00:00,N,N4,
2020-12-30T20:00:00,N,N4,
2020-12-30T21:00:00,N,N4,
2020-12-30T22:00:00,N,N4,
2020-12-30T23:00:00,N,N4,
2020-12-31T00:00:00,N,N4,
2020-12-31T01:00:00,N,N4,
2020-12-31T02:00:00,N,N4,
2020-12-31T03:00:00,N,N4,
2020-12-31T04:00:00,N,N4,
2020-12-31T05:00:00,N,N4,
2020-12-31T06:00:00,N,N4,
2020-12-31T07:00:00,N,N4,
2020-12-31T08:00:00,N,N4,
2020-12-31T09:00:00,N,N4,
2020-12-31T10:00:00,N,N4,
2020-12-31T11:00:00,N,N4,
2020-12-31T12:00:00,N,N4,
2020-12-31T13:00:00,N,N4,
2020-12-31T14:00:00,N,N4,
2020-12-31T15:00:00,N,N4,
2020-12-31T16:00:00,N,N4,
2020-12-31T17:00:00,N,N4,
2020-12-31T18:00:00,N,N4,
2020-12-31T19:00:00,N,N4,
2020-12-31T20:00:00,N,N4,
2020-12-31T21:00:00,N,N4,
2020-12-31T22:00:00,N,N4,
2020-12-31T23:00:00,N,N4,
